0.0607232,-2.60417e-05,-0.839561,1.42045e-05,0.39624,-0.444749,0.0,0.0,1.0
0.0609748,-0.000340144,-0.835542,0.000169744,0.389755,-0.449073,0.0,0.0,1.0
0.0598389,-0.00161218,-0.832764,0.000793324,0.383646,-0.445776,0.0,0.0,1.0
0.0604515,-0.000598157,-0.827879,0.000289063,0.383957,-0.452735,0.0,0.0,1.0
0.0610048,-0.000314103,-0.822968,0.00015554,0.389076,-0.448067,0.0,0.0,1.0
0.0607865,-0.000113381,-0.820338,5.68182e-05,0.379896,-0.452396,0.0,0.0,1.0
0.0606995,-0.000473558,-0.814602,0.000240057,0.380128,-0.456705,0.0,0.0,1.0
0.0611927,-0.000417869,-0.811,0.000213068,0.378197,-0.449717,0.0,0.0,1.0
0.0605857,-8.73397e-05,-0.807341,4.26136e-05,0.377075,-0.451067,0.0,0.0,1.0
0.0605377,-7.3718e-05,-0.802485,3.33807e-05,0.38355,-0.44855,0.0,0.0,1.0
0.0604179,0.00085617,-0.797028,-0.00043892,0.370801,-0.445134,0.0,0.0,1.0
0.0585465,-8.8141e-05,-0.79333,4.33239e-05,0.370879,-0.457683,0.0,0.0,1.0
0.0572829,-0.000746795,-0.787756,0.000356534,0.376841,-0.447651,0.0,0.0,1.0
0.0564583,-0.000897436,-0.78226,0.000427557,0.370277,-0.453942,0.0,0.0,1.0
0.0573518,0.0022476,-0.778666,-0.00108381,0.37296,-0.451682,0.0,0.0,1.0
0.055617,0.00146635,-0.773974,-0.000727983,0.351192,-0.463025,0.0,0.0,1.0
0.0573558,-0.000112179,-0.77117,4.82955e-05,0.37225,-0.444594,0.0,0.0,1.0
0.0548157,0.000288462,-0.765825,-0.000138494,0.368113,-0.449817,0.0,0.0,1.0
0.0554006,0.000432692,-0.760096,-0.000200284,0.373734,-0.441831,0.0,0.0,1.0
0.0571474,-0.00471154,-0.76391,0.00239773,0.353324,-0.453793,0.0,0.0,1.0
0.0585457,-0.00527644,-0.760333,0.00278338,0.34892,-0.455113,0.0,0.0,1.0
0.0577804,-0.0041266,-0.757452,0.00214489,0.349132,-0.44105,0.0,0.0,1.0
0.0563221,-0.00220353,-0.752436,0.00109162,0.358442,-0.44769,0.0,0.0,1.0
0.0577644,-0.00597756,-0.748742,0.00307173,0.352857,-0.445329,0.0,0.0,1.0
0.0577204,-0.00273638,-0.747993,0.0014027,0.35442,-0.450258,0.0,0.0,1.0
0.0574359,-0.000945513,-0.741234,0.000482955,0.352304,-0.453128,0.0,0.0,1.0
0.0566987,-0.00314103,-0.739167,0.00160369,0.34873,-0.445023,0.0,0.0,1.0
0.0554407,-0.00705929,-0.735272,0.00352628,0.348511,-0.445244,0.0,0.0,1.0
0.0559936,-0.00259615,-0.732131,0.00130682,0.349761,-0.446011,0.0,0.0,1.0
0.0560577,-0.00237981,-0.728934,0.00126705,0.329705,-0.463241,0.0,0.0,1.0
0.0558333,-0.000745192,-0.725024,0.000382102,0.343861,-0.449216,0.0,0.0,1.0
0.0539423,-0.00153045,-0.721226,0.000825284,0.312892,-0.487295,0.0,0.0,1.0
0.055601,0.000248397,-0.718878,-0.000140625,0.308611,-0.484065,0.0,0.0,1.0
0.0549079,-0.00597356,-0.713089,0.00314418,0.327099,-0.469102,0.0,0.0,1.0
0.0545433,-0.000344551,-0.709808,0.000181818,0.325651,-0.468335,0.0,0.0,1.0
0.0547837,-0.00148237,-0.707644,0.000756392,0.334948,-0.457548,0.0,0.0,1.0
0.0544671,-0.00191907,-0.704387,0.00096733,0.338869,-0.459466,0.0,0.0,1.0
0.0525561,-0.000753205,-0.699736,0.000368608,0.338637,-0.451478,0.0,0.0,1.0
0.0536939,0.000384615,-0.6973,-0.000196023,0.33398,-0.458355,0.0,0.0,1.0
0.0538221,-0.00138622,-0.692468,0.000694602,0.33893,-0.455592,0.0,0.0,1.0
0.0526923,-0.00354968,-0.689431,0.00176349,0.33291,-0.461404,0.0,0.0,1.0
0.0534816,0.000588942,-0.684163,-0.000299006,0.329869,-0.452866,0.0,0.0,1.0
0.0541667,-0.00056891,-0.682059,0.000289063,0.327856,-0.456549,0.0,0.0,1.0
0.0514864,-0.00200721,-0.675677,0.00104545,0.312018,-0.467274,0.0,0.0,1.0
0.0494111,-0.0113101,-0.67264,0.00530895,0.330955,-0.450586,0.0,0.0,1.0
0.0505128,-0.0142468,-0.669824,0.0067919,0.332864,-0.451643,0.0,0.0,1.0
0.0503526,-0.0106731,-0.666442,0.00524148,0.322138,-0.458714,0.0,0.0,1.0
0.050617,-0.0105449,-0.664095,0.00508807,0.329526,-0.451969,0.0,0.0,1.0
0.0482973,-0.00691106,-0.657833,0.00321378,0.32615,-0.453025,0.0,0.0,1.0
0.0483974,-0.000104167,-0.653598,4.47443e-05,0.330585,-0.450315,0.0,0.0,1.0
0.0506651,-0.00294071,-0.649936,0.0014517,0.322352,-0.453403,0.0,0.0,1.0
0.0507612,-0.00249199,-0.647804,0.00124148,0.318209,-0.461689,0.0,0.0,1.0
0.0514223,-0.00503606,-0.645292,0.00257884,0.316356,-0.465702,0.0,0.0,1.0
0.0511699,-0.000480769,-0.642276,0.000242898,0.316036,-0.465197,0.0,0.0,1.0
0.0506731,0.00221154,-0.639391,-0.00109446,0.320559,-0.467249,0.0,0.0,1.0
0.0509295,0.00298878,-0.638133,-0.0015206,0.314241,-0.465732,0.0,0.0,1.0
0.0495994,0.0040625,-0.633438,-0.00205824,0.307838,-0.47092,0.0,0.0,1.0
0.048109,-0.000584936,-0.627428,0.000283381,0.312788,-0.465174,0.0,0.0,1.0
0.0491426,-0.000809295,-0.624103,0.000399148,0.312161,-0.472303,0.0,0.0,1.0
0.0479006,-0.000905449,-0.622652,0.00043821,0.31313,-0.465786,0.0,0.0,1.0
0.0507452,-0.00242788,-0.620946,0.00125355,0.308664,-0.464346,0.0,0.0,1.0
0.0481611,0.000877404,-0.620493,-0.000435369,0.3079,-0.469448,0.0,0.0,1.0
0.0484535,0.00165064,-0.61754,-0.000808949,0.311451,-0.46138,0.0,0.0,1.0
0.0483013,0.00130609,-0.614046,-0.000640625,0.308879,-0.45949,0.0,0.0,1.0
0.0465705,-0.000520833,-0.613646,0.000230824,0.321999,-0.457624,0.0,0.0,1.0
0.0468189,0.00099359,-0.610713,-0.000476563,0.312319,-0.46337,0.0,0.0,1.0
0.0469832,-0.00340946,-0.60857,0.00160582,0.313296,-0.459788,0.0,0.0,1.0
0.0460857,-0.0066867,-0.608554,0.00315483,0.306736,-0.460969,0.0,0.0,1.0
0.0457212,-0.00955128,-0.609006,0.0044929,0.305277,-0.459396,0.0,0.0,1.0
0.0465505,-0.0145393,-0.604243,0.00807741,0.263427,-0.504549,0.0,0.0,1.0
0.0425921,-0.00778446,-0.603025,0.00350639,0.297556,-0.472798,0.0,0.0,1.0
0.0452965,-0.00645032,-0.600064,0.00301705,0.303646,-0.470607,0.0,0.0,1.0
0.0454728,-0.00963942,-0.599311,0.00447656,0.307526,-0.46433,0.0,0.0,1.0
0.0429848,-0.0056851,-0.593538,0.00258594,0.296738,-0.467675,0.0,0.0,1.0
0.0412019,-0.004375,-0.592003,0.00190341,0.297943,-0.469108,0.0,0.0,1.0
0.0447316,-0.00215144,-0.585357,0.00104759,0.289103,-0.47379,0.0,0.0,1.0
0.0453165,-0.000356571,-0.583666,0.000173295,0.290382,-0.473876,0.0,0.0,1.0
0.0454207,0.000949519,-0.581703,-0.000444602,0.302017,-0.472713,0.0,0.0,1.0
0.0458093,-0.00121795,-0.578966,0.000585938,0.297357,-0.473423,0.0,0.0,1.0
0.0447716,8.41346e-05,-0.576823,-4.11932e-05,0.302518,-0.470232,0.0,0.0,1.0
0.0442708,-0.000913462,-0.574255,0.000429687,0.294119,-0.472528,0.0,0.0,1.0
0.0453045,0.000600962,-0.572572,-0.000289063,0.291352,-0.476465,0.0,0.0,1.0
0.0445873,0.00195913,-0.570341,-0.00093821,0.292833,-0.478969,0.0,0.0,1.0
0.0434615,6.41026e-05,-0.572292,-2.91193e-05,0.29613,-0.475136,0.0,0.0,1.0
0.0435897,-0.000833333,-0.570208,0.000397727,0.28777,-0.474531,0.0,0.0,1.0
0.0446554,0.000248397,-0.568542,-0.00012571,0.283822,-0.474972,0.0,0.0,1.0
0.0417548,-0.00167468,-0.563878,0.000786932,0.276936,-0.478854,0.0,0.0,1.0
0.0422196,0.000552885,-0.564279,-0.000267045,0.276906,-0.481267,0.0,0.0,1.0
0.0419311,-0.0019391,-0.560296,0.000923295,0.277138,-0.479254,0.0,0.0,1.0
0.0413061,-0.000961538,-0.556979,0.000465199,0.271741,-0.486102,0.0,0.0,1.0
0.0419631,0.00182692,-0.557973,-0.000879261,0.274642,-0.482625,0.0,0.0,1.0
0.0446314,-8.01282e-06,-0.555841,3.55114e-06,0.270178,-0.492763,0.0,0.0,1.0
0.0447596,-0.000184295,-0.554335,9.58807e-05,0.276755,-0.491911,0.0,0.0,1.0
0.0436218,4.00641e-05,-0.551386,-1.63352e-05,0.27746,-0.486309,0.0,0.0,1.0
0.0442147,-8.8141e-05,-0.548982,4.40341e-05,0.27518,-0.483178,0.0,0.0,1.0
0.0439583,-0.00056891,-0.546643,0.000276989,0.277366,-0.488432,0.0,0.0,1.0
0.0424038,0.00323718,-0.547692,-0.00159233,0.270351,-0.491714,0.0,0.0,1.0
0.0434696,0.000625,-0.545056,-0.00031392,0.270159,-0.477744,0.0,0.0,1.0
0.043149,0.00126603,-0.539976,-0.000637784,0.269932,-0.483526,0.0,0.0,1.0
0.0438782,-7.21154e-05,-0.537139,3.97727e-05,0.272703,-0.482206,0.0,0.0,1.0
0.0433093,-0.000969551,-0.537179,0.000481534,0.274783,-0.480947,0.0,0.0,1.0
0.043726,-0.000761218,-0.535128,0.000397727,0.261851,-0.485317,0.0,0.0,1.0
0.0428526,0.00171474,-0.533686,-0.00103338,0.22367,-0.518343,0.0,0.0,1.0
0.0417107,-9.21474e-05,-0.532039,4.40341e-05,0.26705,-0.488172,0.0,0.0,1.0
0.0422436,0.00226763,-0.528373,-0.00113352,0.26627,-0.489849,0.0,0.0,1.0
0.043137,0.000260417,-0.526983,-0.000139915,0.257035,-0.48104,0.0,0.0,1.0
0.0411939,0.00138622,-0.525401,-0.000692472,0.260748,-0.49329,0.0,0.0,1.0
0.0421274,-7.61218e-05,-0.524467,3.40909e-05,0.260433,-0.488587,0.0,0.0,1.0
0.0419231,-0.000793269,-0.525425,0.000398437,0.261485,-0.492565,0.0,0.0,1.0
0.0403486,-0.00114183,-0.525453,0.000546165,0.261157,-0.486612,0.0,0.0,1.0
0.0401442,-0.000665064,-0.525473,0.000323864,0.259091,-0.493054,0.0,0.0,1.0
0.0402244,-0.000112179,-0.523397,5.6108e-05,0.257741,-0.491746,0.0,0.0,1.0
0.0393429,-0.000633013,-0.521867,0.000309659,0.255224,-0.490679,0.0,0.0,1.0
0.0402885,-0.0025641,-0.522067,0.00125284,0.25879,-0.493108,0.0,0.0,1.0
0.0426122,0.00208333,-0.522532,-0.00109446,0.255464,-0.489086,0.0,0.0,1.0
0.041262,-0.0050601,-0.522544,0.00257457,0.254363,-0.49665,0.0,0.0,1.0
0.0417788,-0.00302083,-0.523213,0.00166477,0.237893,-0.50126,0.0,0.0,1.0
0.0412941,0.00100561,-0.521791,-0.000512074,0.253792,-0.49382,0.0,0.0,1.0
0.0376402,-0.000612981,-0.521294,0.000294744,0.249181,-0.491241,0.0,0.0,1.0
0.039375,-0.000264423,-0.520248,0.000128551,0.252042,-0.502624,0.0,0.0,1.0
0.0391987,-0.000232372,-0.520248,0.000122869,0.246138,-0.496067,0.0,0.0,1.0
0.0384255,2.80449e-05,-0.517576,-1.34943e-05,0.247795,-0.498462,0.0,0.0,1.0
0.0385216,-0.000773237,-0.516438,0.00037429,0.246447,-0.501361,0.0,0.0,1.0
0.0408293,-0.000941506,-0.51478,0.000482244,0.251093,-0.501548,0.0,0.0,1.0
0.039383,0.00244391,-0.510721,-0.00123224,0.246319,-0.498009,0.0,0.0,1.0
0.0378125,0.000849359,-0.512252,-0.000423295,0.240162,-0.503088,0.0,0.0,1.0
0.0389103,0.000608974,-0.512869,-0.000299006,0.24808,-0.500083,0.0,0.0,1.0
0.0399519,9.61538e-05,-0.513926,-5.39773e-05,0.24175,-0.501722,0.0,0.0,1.0
0.0372756,0.000536859,-0.513277,-0.000255682,0.246604,-0.503479,0.0,0.0,1.0
0.0361058,0.00629006,-0.512829,-0.00291548,0.244479,-0.499522,0.0,0.0,1.0
0.0373758,-0.000276442,-0.511831,0.000137074,0.244087,-0.509485,0.0,0.0,1.0
0.039367,-0.000136218,-0.513253,7.03125e-05,0.239056,-0.507991,0.0,0.0,1.0
0.0386378,0.000713141,-0.51145,-0.000358665,0.238458,-0.510575,0.0,0.0,1.0
0.0385296,-0.00422676,-0.512344,0.00214986,0.237401,-0.510143,0.0,0.0,1.0
0.0378846,0.000408654,-0.510425,-0.000213778,0.227423,-0.51059,0.0,0.0,1.0
0.0370913,0.00208333,-0.508534,-0.0010206,0.237746,-0.512633,0.0,0.0,1.0
0.03873,0.00759215,-0.509331,-0.00409233,0.225672,-0.5132,0.0,0.0,1.0
0.037524,0.00707532,-0.50774,-0.00366548,0.227536,-0.512593,0.0,0.0,1.0
0.0362861,0.00195112,-0.507833,-0.00096946,0.228714,-0.512606,0.0,0.0,1.0
0.0349038,0.00116186,-0.502877,-0.000569602,0.222561,-0.509521,0.0,0.0,1.0
0.0351122,0.00802885,-0.502131,-0.00390128,0.227406,-0.513158,0.0,0.0,1.0
0.0346194,0.0030649,-0.501246,-0.00148864,0.224126,-0.516754,0.0,0.0,1.0
0.0355088,0.0100601,-0.498522,-0.00492898,0.227763,-0.508544,0.0,0.0,1.0
0.0365104,0.00801683,-0.497448,-0.00399077,0.230579,-0.514315,0.0,0.0,1.0
0.0364784,0.00867388,-0.49611,-0.0043956,0.225971,-0.512008,0.0,0.0,1.0
0.0369912,0.00889022,-0.493834,-0.00454474,0.227494,-0.515164,0.0,0.0,1.0
0.03752,0.00600561,-0.491767,-0.00313849,0.225718,-0.504596,0.0,0.0,1.0
0.0355409,0.0051883,-0.48901,-0.0025,0.231847,-0.503665,0.0,0.0,1.0
0.0353646,0.000260417,-0.488762,-0.000127841,0.229308,-0.499237,0.0,0.0,1.0
0.0368149,0.00379407,-0.485629,-0.00191832,0.229021,-0.500995,0.0,0.0,1.0
0.0380529,-0.000280449,-0.485048,0.000144176,0.227302,-0.501194,0.0,0.0,1.0
0.0379327,0.00158654,-0.483558,-0.000820312,0.230992,-0.496305,0.0,0.0,1.0
0.0369872,0.00177083,-0.480232,-0.000868608,0.236582,-0.496766,0.0,0.0,1.0
0.0372476,0.00104567,-0.480637,-0.000539773,0.226582,-0.495077,0.0,0.0,1.0
0.0361819,0.00109375,-0.478498,-0.000526989,0.234989,-0.503696,0.0,0.0,1.0
0.0355449,-0.00306891,-0.478229,0.0014794,0.231589,-0.502413,0.0,0.0,1.0
0.0355248,-0.00657452,-0.476583,0.00319247,0.230281,-0.500352,0.0,0.0,1.0
0.0377163,-0.00239583,-0.475913,0.00128977,0.220964,-0.497286,0.0,0.0,1.0
0.0387179,-0.00158654,-0.473878,0.000894886,0.215997,-0.506892,0.0,0.0,1.0
0.0402284,-0.000741186,-0.473161,0.000432528,0.21718,-0.49887,0.0,0.0,1.0
0.0396394,-0.000272436,-0.47222,0.000153409,0.226111,-0.500358,0.0,0.0,1.0
0.0346154,-0.00185897,-0.473141,0.000911222,0.221768,-0.498529,0.0,0.0,1.0
0.0371554,-0.000809295,-0.47266,0.000456676,0.206533,-0.512272,0.0,0.0,1.0
0.0370433,-0.00316506,-0.471683,0.00177344,0.207731,-0.51141,0.0,0.0,1.0
0.0378886,-0.00177484,-0.471302,0.000995028,0.212359,-0.512643,0.0,0.0,1.0
0.0378125,-0.00119391,-0.468365,0.000692472,0.206477,-0.519218,0.0,0.0,1.0
0.0341747,-0.00163462,-0.468822,0.000825994,0.212059,-0.516519,0.0,0.0,1.0
0.0354567,-0.00251603,-0.467925,0.00132102,0.212104,-0.507516,0.0,0.0,1.0
0.0346955,-0.00172276,-0.468197,0.000898438,0.208759,-0.517921,0.0,0.0,1.0
0.0351202,-0.00392628,-0.467268,0.00212642,0.204234,-0.520683,0.0,0.0,1.0
0.0325962,-0.00124199,-0.465777,0.000586648,0.215692,-0.509939,0.0,0.0,1.0
0.0355168,-0.00244792,-0.465773,0.00130398,0.210251,-0.511956,0.0,0.0,1.0
0.0348718,-0.00385417,-0.464687,0.0020902,0.201224,-0.5153,0.0,0.0,1.0
0.0342588,0.000901442,-0.463105,-0.00046804,0.206826,-0.522011,0.0,0.0,1.0
0.0353646,-0.00104567,-0.462792,0.000576705,0.203328,-0.520984,0.0,0.0,1.0
0.0353365,-0.000528846,-0.46149,0.000286222,0.203579,-0.522187,0.0,0.0,1.0
0.0361699,-0.00103365,-0.460296,0.000580966,0.201699,-0.524412,0.0,0.0,1.0
0.034351,-0.000264423,-0.460112,0.000133523,0.203696,-0.52479,0.0,0.0,1.0
0.0350601,-0.000629006,-0.457328,0.000348011,0.201678,-0.526294,0.0,0.0,1.0
0.0354487,0.00475962,-0.457821,-0.00266974,0.198785,-0.526512,0.0,0.0,1.0
0.0334936,0.000584936,-0.459207,-0.000320313,0.196227,-0.525417,0.0,0.0,1.0
0.0323157,-0.00036859,-0.456402,0.000182528,0.20607,-0.521852,0.0,0.0,1.0
0.0340144,-0.00217147,-0.456234,0.00117827,0.196954,-0.525775,0.0,0.0,1.0
0.0329287,-0.000596955,-0.455597,0.000365057,0.171347,-0.551006,0.0,0.0,1.0
0.0331651,0.00112179,-0.453069,-0.000585227,0.198635,-0.526178,0.0,0.0,1.0
0.0337981,-0.00480769,-0.453189,0.00258736,0.197268,-0.52491,0.0,0.0,1.0
0.0313662,0.00202324,-0.451847,-0.00116264,0.172102,-0.552187,0.0,0.0,1.0
0.0322676,0.000472756,-0.448942,-0.000252131,0.192009,-0.531072,0.0,0.0,1.0
0.0322276,-0.000480769,-0.448702,0.000262784,0.189297,-0.523317,0.0,0.0,1.0
0.032484,-0.00173077,-0.448205,0.000896307,0.196564,-0.518652,0.0,0.0,1.0
0.0307612,-0.00588141,-0.447027,0.00312358,0.181959,-0.535226,0.0,0.0,1.0
0.0316106,0.000592949,-0.445072,-0.000298295,0.196337,-0.521351,0.0,0.0,1.0
0.0305369,-0.000809295,-0.445288,0.000397727,0.194176,-0.526222,0.0,0.0,1.0
0.0308694,0.0017508,-0.446246,-0.000966619,0.175444,-0.542291,0.0,0.0,1.0
0.0313942,0.000384615,-0.444824,-0.000198153,0.19564,-0.523112,0.0,0.0,1.0
0.0291186,0.00179487,-0.441234,-0.000880682,0.185913,-0.531453,0.0,0.0,1.0
0.0301562,0.000564904,-0.442167,-0.000298295,0.179886,-0.53277,0.0,0.0,1.0
0.0317708,0.00068109,-0.442131,-0.000397727,0.172685,-0.539304,0.0,0.0,1.0
0.0315064,1.60256e-05,-0.441763,-5.68182e-06,0.16656,-0.550537,0.0,0.0,1.0
0.0311699,0.00104968,-0.439351,-0.000553977,0.186349,-0.527472,0.0,0.0,1.0
0.0307091,-0.00142228,-0.438842,0.000788352,0.172663,-0.531385,0.0,0.0,1.0
0.0295353,0.000104167,-0.438197,-4.97159e-05,0.184382,-0.524339,0.0,0.0,1.0
0.0286538,-0.000160256,-0.438798,8.52273e-05,0.180312,-0.526648,0.0,0.0,1.0
0.0290625,-0.00219551,-0.436723,0.00111506,0.17995,-0.53272,0.0,0.0,1.0
0.0309375,-0.000120192,-0.43633,7.10227e-05,0.170767,-0.530838,0.0,0.0,1.0
0.0307532,3.20513e-05,-0.435609,-1.42045e-05,0.186903,-0.519531,0.0,0.0,1.0
0.0301683,0.000400641,-0.433277,-0.000191761,0.19157,-0.518899,0.0,0.0,1.0
0.0291266,-0.000408654,-0.432804,0.000205966,0.185036,-0.522124,0.0,0.0,1.0
0.028109,0.000384615,-0.435192,-0.000184659,0.181122,-0.521534,0.0,0.0,1.0
0.0291386,0.00160657,-0.434844,-0.000823864,0.177486,-0.522685,0.0,0.0,1.0
0.0290705,-0.00151442,-0.433806,0.000731534,0.189112,-0.520916,0.0,0.0,1.0
0.0307051,-0.00112981,-0.434079,0.000582386,0.187031,-0.52304,0.0,0.0,1.0
0.0294631,0.00184295,-0.433389,-0.000980114,0.175284,-0.526548,0.0,0.0,1.0
0.0302123,-0.00058093,-0.433858,0.000284091,0.187145,-0.520469,0.0,0.0,1.0
0.0278325,-0.000476763,-0.432336,0.000227273,0.182528,-0.524063,0.0,0.0,1.0
0.0262179,-0.00205929,-0.433998,0.00100142,0.16951,-0.535291,0.0,0.0,1.0
0.0286098,0.00139824,-0.429283,-0.000696023,0.178082,-0.530398,0.0,0.0,1.0
0.0282572,-0.00127003,-0.42982,0.000632102,0.177635,-0.531683,0.0,0.0,1.0
0.0281571,-0.00204327,-0.428229,0.00105114,0.173764,-0.533395,0.0,0.0,1.0
0.0279367,0.00159856,-0.427208,-0.000795455,0.175298,-0.533196,0.0,0.0,1.0
0.0283333,0.000440705,-0.427123,-0.000241477,0.171847,-0.537031,0.0,0.0,1.0
0.0292788,0.000809295,-0.426787,-0.000426136,0.173693,-0.535483,0.0,0.0,1.0
0.0281931,-0.000556891,-0.426839,0.000305398,0.160149,-0.534993,0.0,0.0,1.0
0.0277965,-0.000600962,-0.426555,0.0003125,0.169574,-0.536619,0.0,0.0,1.0
0.0284535,0.00273237,-0.426138,-0.00147727,0.16483,-0.535994,0.0,0.0,1.0
0.0271955,0.00185096,-0.42637,-0.000909091,0.1725,-0.529148,0.0,0.0,1.0
0.026226,0.00354167,-0.426931,-0.00184659,0.157983,-0.538864,0.0,0.0,1.0
0.0274239,0.00139824,-0.425164,-0.000752841,0.158764,-0.540227,0.0,0.0,1.0
0.0284976,0.000140224,-0.422744,-7.8125e-05,0.161513,-0.540234,0.0,0.0,1.0
0.0263341,-0.000845353,-0.42095,0.000419034,0.164638,-0.531385,0.0,0.0,1.0
0.0278325,0.000260417,-0.421639,-0.000142045,0.167131,-0.531477,0.0,0.0,1.0
0.0259295,-0.00167468,-0.422476,0.00084517,0.161214,-0.540206,0.0,0.0,1.0
0.0267027,-0.0019351,-0.421839,0.00104403,0.154893,-0.536172,0.0,0.0,1.0
0.0266947,0.00115785,-0.422712,-0.000603693,0.160874,-0.537479,0.0,0.0,1.0
0.027484,0.000745192,-0.421803,-0.00040483,0.158132,-0.545021,0.0,0.0,1.0
0.0244792,-1.60256e-05,-0.424191,0.0,0.159616,-0.538679,0.0,0.0,1.0
0.0262099,-0.0003125,-0.422532,0.00015625,0.167116,-0.534063,0.0,0.0,1.0
0.0270433,0.000665064,-0.422901,-0.000340909,0.16554,-0.534176,0.0,0.0,1.0
0.0264784,-0.000420673,-0.42224,0.000213068,0.158253,-0.544432,0.0,0.0,1.0
0.0275401,0.000400641,-0.422236,-0.000227273,0.148466,-0.545682,0.0,0.0,1.0
0.0271675,0.00121394,-0.421502,-0.000653409,0.159446,-0.541435,0.0,0.0,1.0
0.0259535,-0.00145833,-0.420921,0.000774148,0.152393,-0.544439,0.0,0.0,1.0
0.0258413,0.00099359,-0.424944,-0.00053267,0.151129,-0.542322,0.0,0.0,1.0
0.0259375,0.00116987,-0.42512,-0.000617898,0.153487,-0.544368,0.0,0.0,1.0
0.0254687,0.00204728,-0.424708,-0.00110795,0.146861,-0.542173,0.0,0.0,1.0
0.024992,-0.00109776,-0.425032,0.000603693,0.142507,-0.541001,0.0,0.0,1.0
0.0244151,0.00185897,-0.425553,-0.000958807,0.148146,-0.544339,0.0,0.0,1.0
0.0240785,-0.00318109,-0.425561,0.00159091,0.151435,-0.539531,0.0,0.0,1.0
0.026258,-0.00102564,-0.424736,0.000582386,0.146335,-0.545895,0.0,0.0,1.0
0.0245633,-0.000460737,-0.426583,0.000241477,0.147173,-0.541136,0.0,0.0,1.0
0.0239103,-0.000176282,-0.425224,9.23295e-05,0.142891,-0.537422,0.0,0.0,1.0
0.0243229,-0.000340545,-0.425541,0.000177557,0.146967,-0.535234,0.0,0.0,1.0
0.0242588,-0.000484776,-0.426206,0.000255682,0.144915,-0.539233,0.0,0.0,1.0
0.0235497,-0.00102564,-0.425425,0.00053267,0.143459,-0.539382,0.0,0.0,1.0
0.0242468,0.00254808,-0.426555,-0.00137784,0.14098,-0.543665,0.0,0.0,1.0
0.0230649,0.0019351,-0.425373,-0.0009375,0.149588,-0.538707,0.0,0.0,1.0
0.0234495,0.000460737,-0.422528,-0.000227273,0.149077,-0.535497,0.0,0.0,1.0
0.0246915,0.000444712,-0.422192,-0.000241477,0.138097,-0.541151,0.0,0.0,1.0
0.0222035,0.00102564,-0.425761,-0.000490057,0.14718,-0.536697,0.0,0.0,1.0
0.0254447,0.00104567,-0.422993,-0.000589489,0.140533,-0.542535,0.0,0.0,1.0
0.0261819,0.000701122,-0.422159,-0.000411932,0.138835,-0.542486,0.0,0.0,1.0
0.0228285,0.00175481,-0.423638,-0.000866477,0.144063,-0.536577,0.0,0.0,1.0
0.0241386,0.000372596,-0.423249,-0.000198864,0.140824,-0.539062,0.0,0.0,1.0
0.0248798,0.000873397,-0.422612,-0.00046875,0.144773,-0.539872,0.0,0.0,1.0
0.0228726,-2.00321e-05,-0.425108,1.42045e-05,0.13858,-0.540071,0.0,0.0,1.0
0.0220873,2.00321e-05,-0.424331,-1.42045e-05,0.128778,-0.540014,0.0,0.0,1.0
0.0235737,8.8141e-05,-0.42262,-5.68182e-05,0.135497,-0.541065,0.0,0.0,1.0
0.0224599,-0.000264423,-0.422997,0.000127841,0.135881,-0.538736,0.0,0.0,1.0
0.021234,0.00185897,-0.423606,-0.0009375,0.132472,-0.538295,0.0,0.0,1.0
0.0218429,-0.000544872,-0.423782,0.000269886,0.135384,-0.543778,0.0,0.0,1.0
0.0209776,8.01282e-06,-0.423229,-1.42045e-05,0.129844,-0.54446,0.0,0.0,1.0
0.0203325,-0.000572917,-0.425421,0.000269886,0.135071,-0.540227,0.0,0.0,1.0
0.0236498,0.00021234,-0.42272,-0.000113636,0.132599,-0.539645,0.0,0.0,1.0
0.0229728,0.000416667,-0.42363,-0.000227273,0.134574,-0.538523,0.0,0.0,1.0
0.0205849,0.00025641,-0.424447,-0.000127841,0.129545,-0.543026,0.0,0.0,1.0
0.0209054,0.000296474,-0.423173,-0.000142045,0.135312,-0.541989,0.0,0.0,1.0
0.0203045,0.000520833,-0.42387,-0.000241477,0.135511,-0.541094,0.0,0.0,1.0
0.0232492,-0.00110176,-0.421791,0.000582386,0.139119,-0.540497,0.0,0.0,1.0
0.0232292,-0.00100962,-0.421771,0.000539773,0.136264,-0.543622,0.0,0.0,1.0
0.0208814,0.000168269,-0.423117,-7.8125e-05,0.135433,-0.539964,0.0,0.0,1.0
0.0214503,-0.000769231,-0.421562,0.000390625,0.133345,-0.540277,0.0,0.0,1.0
0.0225441,0.000532853,-0.421607,-0.000305398,0.125135,-0.539695,0.0,0.0,1.0
0.0220513,7.21154e-05,-0.4227,-3.55114e-05,0.131115,-0.542138,0.0,0.0,1.0
0.0201923,0.000248397,-0.422476,-0.000120739,0.134822,-0.539709,0.0,0.0,1.0
0.0209575,0.000124199,-0.421558,-7.10227e-05,0.126392,-0.546207,0.0,0.0,1.0
0.0214343,0.00124199,-0.420577,-0.000653409,0.127756,-0.545568,0.0,0.0,1.0
0.0224399,-0.00100561,-0.42099,0.000546875,0.128984,-0.544652,0.0,0.0,1.0
0.0224559,-0.000997596,-0.42099,0.000553977,0.127571,-0.54608,0.0,0.0,1.0
0.0218149,-0.00083734,-0.420501,0.00046875,0.124119,-0.547741,0.0,0.0,1.0
0.0232612,-0.00104167,-0.420184,0.000582386,0.129176,-0.547457,0.0,0.0,1.0
0.0224359,-5.55112e-17,-0.419872,0.0,0.132102,-0.541193,0.0,0.0,1.0
0.0214784,-0.00260817,-0.419635,0.00141335,0.124695,-0.548288,0.0,0.0,1.0
0.0221635,-0.000208333,-0.419519,0.000113636,0.124688,-0.546023,0.0,0.0,1.0
0.0221394,0.00137821,-0.418277,-0.000774148,0.123743,-0.547521,0.0,0.0,1.0
0.0220433,-0.000336538,-0.419303,0.000191761,0.124609,-0.546001,0.0,0.0,1.0
0.0215465,0.000152244,-0.418878,-7.10227e-05,0.129631,-0.543054,0.0,0.0,1.0
0.021234,-0.00175481,-0.417732,0.000909091,0.127358,-0.546278,0.0,0.0,1.0
0.0209976,0.0018149,-0.418858,-0.000994318,0.120994,-0.549545,0.0,0.0,1.0
0.0224519,-0.000905449,-0.419447,0.000504261,0.126001,-0.547351,0.0,0.0,1.0
0.0224038,-0.000889423,-0.419431,0.000497159,0.12598,-0.544659,0.0,0.0,1.0
0.0218069,0.00417869,-0.420389,-0.00237926,0.120362,-0.547777,0.0,0.0,1.0
0.0203646,3.60577e-05,-0.419387,-2.13068e-05,0.122067,-0.546655,0.0,0.0,1.0
0.0208934,0.00113381,-0.418514,-0.000632102,0.117266,-0.551783,0.0,0.0,1.0
0.0206651,0.000528846,-0.418149,-0.000276989,0.12299,-0.548871,0.0,0.0,1.0
0.0203646,0.00186298,-0.417809,-0.000980114,0.121477,-0.543821,0.0,0.0,1.0
0.0223478,-0.000929487,-0.417748,0.000525568,0.124858,-0.543736,0.0,0.0,1.0
0.0204006,-0.000897436,-0.417372,0.00046875,0.12331,-0.545199,0.0,0.0,1.0
0.0224519,-0.00102564,-0.417821,0.000568182,0.125,-0.545568,0.0,0.0,1.0
0.0210897,-0.00176282,-0.417724,0.000994318,0.116648,-0.544602,0.0,0.0,1.0
0.0213862,-0.000592949,-0.418502,0.000333807,0.11853,-0.549354,0.0,0.0,1.0
0.0195913,-0.000392628,-0.418301,0.000205966,0.114922,-0.552067,0.0,0.0,1.0
0.0202364,-0.00127804,-0.41865,0.000696023,0.116832,-0.543722,0.0,0.0,1.0
0.0193109,-0.00133013,-0.417788,0.000674716,0.119609,-0.547351,0.0,0.0,1.0
0.0202925,-0.00182292,-0.418385,0.00101562,0.115163,-0.551484,0.0,0.0,1.0
0.0209054,-0.00154647,-0.417981,0.00087358,0.116626,-0.552834,0.0,0.0,1.0
0.020617,0.00250801,-0.418494,-0.00143466,0.113494,-0.549787,0.0,0.0,1.0
0.0209535,0.00130609,-0.41859,-0.000752841,0.114233,-0.549986,0.0,0.0,1.0
0.0203526,0.000280449,-0.419255,-0.00015625,0.113991,-0.550994,0.0,0.0,1.0
0.0222636,-0.00230369,-0.418642,0.00137784,0.117699,-0.552827,0.0,0.0,1.0
0.0202885,0.000929487,-0.419455,-0.000511364,0.114219,-0.556122,0.0,0.0,1.0
0.020597,0.00199119,-0.420148,-0.00112216,0.114759,-0.554318,0.0,0.0,1.0
0.02125,-0.00102564,-0.419744,0.000603693,0.113303,-0.551626,0.0,0.0,1.0
0.0203125,-0.00177083,-0.418574,0.00102273,0.109276,-0.553793,0.0,0.0,1.0
0.0209295,-0.000729167,-0.419704,0.000433239,0.109553,-0.552464,0.0,0.0,1.0
0.0215224,-1.60256e-05,-0.42024,7.10227e-06,0.114865,-0.552067,0.0,0.0,1.0
0.0205689,0.00102564,-0.421322,-0.000596591,0.110994,-0.553267,0.0,0.0,1.0
0.0196955,-0.00483173,-0.418886,0.00266335,0.112237,-0.55343,0.0,0.0,1.0
0.0211819,0.000316506,-0.421631,-0.000184659,0.113366,-0.54929,0.0,0.0,1.0
0.0205529,0.000264423,-0.421218,-0.00015625,0.11392,-0.547372,0.0,0.0,1.0
0.0209776,-0.00151442,-0.420665,0.000866477,0.115455,-0.550668,0.0,0.0,1.0
0.019984,0.000536859,-0.422284,-0.000291193,0.115547,-0.551072,0.0,0.0,1.0
0.0200721,-0.00169071,-0.423333,0.000951705,0.112585,-0.553168,0.0,0.0,1.0
0.0196795,0.00157051,-0.423542,-0.000901989,0.107663,-0.551854,0.0,0.0,1.0
0.0194952,0.00056891,-0.421827,-0.0003125,0.110213,-0.555043,0.0,0.0,1.0
0.0208093,-0.00137821,-0.422524,0.00084517,0.106939,-0.550107,0.0,0.0,1.0
0.0210897,-0.0018109,-0.422692,0.00112216,0.107074,-0.549901,0.0,0.0,1.0
0.019387,-0.000436699,-0.423025,0.000255682,0.107358,-0.545142,0.0,0.0,1.0
0.0190425,-0.00405048,-0.422512,0.00223722,0.108487,-0.550178,0.0,0.0,1.0
0.0185537,0.000380609,-0.42401,-0.000205966,0.106712,-0.549141,0.0,0.0,1.0
0.0208854,-0.000596955,-0.422921,0.000362216,0.10728,-0.549126,0.0,0.0,1.0
0.0198117,-0.00052484,-0.423337,0.000319602,0.103061,-0.555675,0.0,0.0,1.0
0.0198117,-0.000460737,-0.423441,0.000269886,0.105852,-0.548764,0.0,0.0,1.0
0.0185577,0.000536859,-0.42403,-0.000284091,0.110767,-0.549886,0.0,0.0,1.0
0.0201002,0.00198317,-0.423225,-0.0012358,0.101591,-0.552571,0.0,0.0,1.0
0.0179247,-8.8141e-05,-0.423333,4.97159e-05,0.105391,-0.550249,0.0,0.0,1.0
0.0196554,0.000248397,-0.423542,-0.000149148,0.104808,-0.551385,0.0,0.0,1.0
0.0194671,0.000508814,-0.421783,-0.000284091,0.107386,-0.552045,0.0,0.0,1.0
0.0196194,0.000164263,-0.421879,-9.94318e-05,0.104673,-0.549347,0.0,0.0,1.0
0.0194952,0.00143429,-0.422163,-0.000838068,0.104943,-0.552571,0.0,0.0,1.0
0.0173798,0.00224359,-0.421546,-0.00120028,0.101655,-0.549979,0.0,0.0,1.0
0.0192268,0.00010016,-0.421478,-5.68182e-05,0.100497,-0.549929,0.0,0.0,1.0
