0.149337,-0.000892969,-0.449339,0.00165625,0.142531,0.155813,0.0,0.0,1.0
0.135937,-5.55112e-17,-0.428125,0.0,0.14375,0.154167,0.0,0.0,1.0
0.141926,-0.00305391,-0.431773,0.00521875,0.147656,0.153396,0.0,0.0,1.0
0.144345,0.0111492,-0.426542,-0.01925,0.148563,0.150208,0.0,0.0,1.0
0.140625,-5.55112e-17,-0.43125,0.0,0.1375,0.158333,0.0,0.0,1.0
0.140625,-5.55112e-17,-0.425,0.0,0.1375,0.158333,0.0,0.0,1.0
0.140625,-1.11022e-16,-0.41875,0.0,0.1375,0.158333,0.0,0.0,1.0
0.126563,-5.55112e-17,-0.421875,0.0,0.1375,0.15,0.0,0.0,1.0
0.131512,-0.00252656,-0.41405,0.00396875,0.148594,0.152354,0.0,0.0,1.0
0.127638,-0.000274219,-0.412467,0.0004375,0.139625,0.151542,0.0,0.0,1.0
0.126563,-1.11022e-16,-0.403125,0.0,0.13125,0.145833,0.0,0.0,1.0
0.140625,-5.55112e-17,-0.3875,0.0,0.125,0.141667,0.0,0.0,1.0
0.121875,-5.55112e-17,-0.3875,0.0,0.1375,0.141667,0.0,0.0,1.0
0.135937,-5.55112e-17,-0.390625,0.0,0.13125,0.145833,0.0,0.0,1.0
0.13125,-1.11022e-16,-0.3875,0.0,0.14375,0.145833,0.0,0.0,1.0
0.133287,-0.00210703,-0.390702,0.0038125,0.131437,0.122167,0.0,0.0,1.0
0.139336,0.000754688,-0.391078,-0.0014375,0.132188,0.128917,0.0,0.0,1.0
0.140625,-5.55112e-17,-0.3875,0.0,0.1375,0.125,0.0,0.0,1.0
0.138234,-0.00675469,-0.380844,0.0131875,0.126125,0.121458,0.0,0.0,1.0
0.13125,-8.32667e-17,-0.375,0.0,0.1375,0.108333,0.0,0.0,1.0
0.125072,0.0168375,-0.375288,-0.0249375,0.15025,0.132958,0.0,0.0,1.0
0.13125,-5.55112e-17,-0.3625,0.0,0.1375,0.125,0.0,0.0,1.0
0.13496,0.000916406,-0.364098,-0.0014375,0.148125,0.126625,0.0,0.0,1.0
0.0989578,-0.0845672,-0.352409,0.102625,0.144938,0.120208,0.0,0.0,1.0
0.126609,0.00073125,-0.362281,-0.0009375,0.168625,0.112875,0.0,0.0,1.0
0.135937,-2.77556e-17,-0.359375,0.0,0.15,0.125,0.0,0.0,1.0
0.135743,-5.85937e-05,-0.350902,0.000125,0.155937,0.121042,0.0,0.0,1.0
0.116761,0.000290625,-0.352403,-0.0004375,0.143187,0.121417,0.0,0.0,1.0
0.121875,-2.77556e-17,-0.34375,0.0,0.15,0.125,0.0,0.0,1.0
0.126563,-5.55112e-17,-0.340625,0.0,0.13125,0.129167,0.0,0.0,1.0
0.122072,-0.00965625,-0.342319,0.0162813,0.128719,0.126854,0.0,0.0,1.0
0.131332,-0.00655547,-0.33293,0.0103125,0.148375,0.121208,0.0,0.0,1.0
0.126563,-2.77556e-17,-0.334375,0.0,0.15,0.125,0.0,0.0,1.0
0.118716,0.00470156,-0.328456,-0.0064375,0.154188,0.11825,0.0,0.0,1.0
0.121875,-8.32667e-17,-0.3375,0.0,0.13125,0.120833,0.0,0.0,1.0
0.135937,-5.55112e-17,-0.340625,0.0,0.15625,0.120833,0.0,0.0,1.0
0.135937,-5.55112e-17,-0.328125,0.0,0.15625,0.129167,0.0,0.0,1.0
0.123666,-0.00120937,-0.332006,0.0020625,0.126188,0.13375,0.0,0.0,1.0
0.131609,4.45313e-05,-0.331333,-6.25e-05,0.155625,0.120458,0.0,0.0,1.0
0.120684,0.00259219,-0.322987,-0.0039375,0.141563,0.123833,0.0,0.0,1.0
0.13102,-0.000225,-0.324316,0.00034375,0.155906,0.121229,0.0,0.0,1.0
0.15,-2.77556e-17,-0.3125,0.0,0.14375,0.1375,0.0,0.0,1.0
0.144851,0.0247383,-0.31713,-0.043875,0.145063,0.147042,0.0,0.0,1.0
0.145313,-5.55112e-17,-0.309375,0.0,0.15,0.141667,0.0,0.0,1.0
0.153427,0.000140625,-0.314753,-0.00025,0.163937,0.141625,0.0,0.0,1.0
0.131088,0.00117422,-0.324298,-0.001625,0.168687,0.142792,0.0,0.0,1.0
0.12889,0.00711797,-0.311489,-0.010125,0.161187,0.143542,0.0,0.0,1.0
0.126563,-5.55112e-17,-0.309375,0.0,0.15625,0.154167,0.0,0.0,1.0
0.134079,0.00651328,-0.307542,-0.0105313,0.147656,0.154271,0.0,0.0,1.0
0.13623,-0.000663281,-0.308758,0.0010625,0.154062,0.147333,0.0,0.0,1.0
0.131161,-0.000646875,-0.312066,0.000875,0.162375,0.1535,0.0,0.0,1.0
0.13125,-5.55112e-17,-0.3125,0.0,0.14375,0.154167,0.0,0.0,1.0
0.131034,0.000145313,-0.311137,-0.00025,0.162188,0.158625,0.0,0.0,1.0
0.1215,-2.77556e-17,-0.30025,0.0,0.149312,0.159208,0.0,0.0,1.0
0.128449,0.00310547,-0.298258,-0.005,0.14175,0.159333,0.0,0.0,1.0
0.135937,-8.32667e-17,-0.303125,0.0,0.1625,0.158333,0.0,0.0,1.0
0.140625,-2.77556e-17,-0.3,0.0,0.14375,0.154167,0.0,0.0,1.0
0.13125,-5.55112e-17,-0.3,0.0,0.15625,0.154167,0.0,0.0,1.0
0.129792,0.00604219,-0.288872,-0.009625,0.144688,0.150542,0.0,0.0,1.0
0.135492,-0.000445313,-0.283547,0.0006875,0.1555,0.145708,0.0,0.0,1.0
0.126422,-0.000515625,-0.289,0.00084375,0.137219,0.142146,0.0,0.0,1.0
0.126422,0.000421875,-0.28825,-0.0006875,0.143562,0.138,0.0,0.0,1.0
0.126563,-5.55112e-17,-0.278125,0.0,0.15,0.141667,0.0,0.0,1.0
0.121875,-2.77556e-17,-0.28125,0.0,0.13125,0.154167,0.0,0.0,1.0
0.135218,0.000382031,-0.287645,-0.000625,0.143625,0.137917,0.0,0.0,1.0
0.13125,-2.77556e-17,-0.28125,0.0,0.14375,0.1375,0.0,0.0,1.0
0.126563,-5.55112e-17,-0.284375,0.0,0.15,0.141667,0.0,0.0,1.0
0.140625,-2.77556e-17,-0.2875,0.0,0.15625,0.1375,0.0,0.0,1.0
0.139109,0.00448359,-0.284364,-0.00675,0.164188,0.138375,0.0,0.0,1.0
0.145313,-2.77556e-17,-0.271875,0.0,0.14375,0.1375,0.0,0.0,1.0
0.135727,-0.000351563,-0.275953,0.0005,0.162188,0.142125,0.0,0.0,1.0
0.13125,-5.55112e-17,-0.275,0.0,0.15,0.141667,0.0,0.0,1.0
0.145008,-0.00119531,-0.276078,0.00196875,0.155781,0.131354,0.0,0.0,1.0
0.130219,0.00576562,-0.268656,-0.00865625,0.153656,0.131854,0.0,0.0,1.0
0.131508,7.03125e-05,-0.275141,-9.375e-05,0.149406,0.125437,0.0,0.0,1.0
0.140625,-5.55112e-17,-0.275,0.0,0.1625,0.141667,0.0,0.0,1.0
0.13425,-0.00810937,-0.270594,0.0127813,0.151031,0.138521,0.0,0.0,1.0
0.145594,0.000234375,-0.268594,-0.00040625,0.148656,0.151146,0.0,0.0,1.0
0.145313,-8.32667e-17,-0.265625,0.0,0.15,0.15,0.0,0.0,1.0
0.135937,-8.32667e-17,-0.265625,0.0,0.16875,0.1375,0.0,0.0,1.0
0.145313,-2.77556e-17,-0.259375,0.0,0.15625,0.154167,0.0,0.0,1.0
0.145031,-0.00510937,-0.260656,0.0088125,0.149687,0.138,0.0,0.0,1.0
0.144656,-0.00529687,-0.261219,0.0101562,0.133844,0.142188,0.0,0.0,1.0
0.135937,-8.32667e-17,-0.265625,0.0,0.1625,0.141667,0.0,0.0,1.0
0.15,-8.32667e-17,-0.25625,0.0,0.14375,0.145833,0.0,0.0,1.0
0.15,-2.77556e-17,-0.2625,0.0,0.14375,0.145833,0.0,0.0,1.0
0.140625,-5.55112e-17,-0.2625,0.0,0.14375,0.154167,0.0,0.0,1.0
0.140625,-5.55112e-17,-0.2625,0.0,0.1375,0.15,0.0,0.0,1.0
0.146062,0.00689063,-0.267344,-0.012875,0.139437,0.155542,0.0,0.0,1.0
0.138445,0.00260156,-0.259141,-0.00475,0.133625,0.15475,0.0,0.0,1.0
0.132047,0.00229687,-0.262437,-0.0038125,0.140875,0.157375,0.0,0.0,1.0
0.140625,-5.55112e-17,-0.2625,0.0,0.14375,0.1375,0.0,0.0,1.0
0.15,-5.55112e-17,-0.25,0.0,0.15,0.15,0.0,0.0,1.0
0.137883,0.00208594,-0.262328,-0.0031875,0.158812,0.150083,0.0,0.0,1.0
0.138516,-0.00182812,-0.26,0.0029375,0.152688,0.156583,0.0,0.0,1.0
0.135937,-5.55112e-17,-0.259375,0.0,0.1375,0.15,0.0,0.0,1.0
0.145313,-5.55112e-17,-0.253125,0.0,0.1375,0.141667,0.0,0.0,1.0
0.135937,-8.32667e-17,-0.265625,0.0,0.14375,0.154167,0.0,0.0,1.0
0.135937,-5.55112e-17,-0.259375,0.0,0.1375,0.15,0.0,0.0,1.0
0.135937,-2.77556e-17,-0.240625,0.0,0.15625,0.145833,0.0,0.0,1.0
0.140625,-5.55112e-17,-0.25,0.0,0.15,0.15,0.0,0.0,1.0
0.140625,-5.55112e-17,-0.25,0.0,0.1375,0.15,0.0,0.0,1.0
0.138516,-0.00454688,-0.252375,0.008,0.139687,0.143875,0.0,0.0,1.0
0.131062,0.00028125,-0.248375,-0.00046875,0.137156,0.133813,0.0,0.0,1.0
0.135937,-2.77556e-17,-0.253125,0.0,0.13125,0.145833,0.0,0.0,1.0
0.135937,-5.55112e-17,-0.259375,0.0,0.125,0.158333,0.0,0.0,1.0
0.13125,-5.55112e-17,-0.25,0.0,0.1375,0.15,0.0,0.0,1.0
0.130922,-0.00515625,-0.257656,0.00871875,0.136844,0.145938,0.0,0.0,1.0
0.13125,-8.32667e-17,-0.25625,0.0,0.125,0.15,0.0,0.0,1.0
0.145313,-5.55112e-17,-0.246875,0.0,0.14375,0.154167,0.0,0.0,1.0
0.135937,-2.77556e-17,-0.253125,0.0,0.1375,0.158333,0.0,0.0,1.0
0.126563,-2.77556e-17,-0.253125,0.0,0.1375,0.158333,0.0,0.0,1.0
0.140625,-2.77556e-17,-0.24375,0.0,0.11875,0.154167,0.0,0.0,1.0
0.140625,-2.77556e-17,-0.24375,0.0,0.1375,0.158333,0.0,0.0,1.0
0.140625,-2.77556e-17,-0.24375,0.0,0.1375,0.158333,0.0,0.0,1.0
0.135609,-0.000796875,-0.252187,0.00165625,0.118219,0.148354,0.0,0.0,1.0
0.140906,0.0065625,-0.249563,-0.0134375,0.123062,0.1455,0.0,0.0,1.0
0.140625,-2.77556e-17,-0.24375,0.0,0.13125,0.154167,0.0,0.0,1.0
0.126305,-0.00639844,-0.244359,0.01125,0.12775,0.137167,0.0,0.0,1.0
0.117188,-5.55112e-17,-0.240625,0.0,0.125,0.141667,0.0,0.0,1.0
0.13125,-2.77556e-17,-0.24375,0.0,0.14375,0.1375,0.0,0.0,1.0
0.140625,-5.55112e-17,-0.25,0.0,0.13125,0.1375,0.0,0.0,1.0
0.13125,-2.77556e-17,-0.24375,0.0,0.1375,0.133333,0.0,0.0,1.0
0.132188,-0.0013125,-0.249313,0.0025625,0.121937,0.127583,0.0,0.0,1.0
0.137766,-0.00548438,-0.2455,0.0096875,0.139062,0.135833,0.0,0.0,1.0
0.13125,-2.77556e-17,-0.24375,0.0,0.11875,0.120833,0.0,0.0,1.0
0.129352,-0.00161719,-0.245672,0.00290625,0.127969,0.132687,0.0,0.0,1.0
0.140625,-2.77556e-17,-0.2375,0.0,0.14375,0.1375,0.0,0.0,1.0
0.135937,-2.77556e-17,-0.240625,0.0,0.14375,0.1375,0.0,0.0,1.0
0.135937,-8.32667e-17,-0.246875,0.0,0.1125,0.133333,0.0,0.0,1.0
0.135937,-8.32667e-17,-0.246875,0.0,0.125,0.133333,0.0,0.0,1.0
0.135937,-2.77556e-17,-0.240625,0.0,0.13125,0.1375,0.0,0.0,1.0
0.140625,-2.77556e-17,-0.24375,0.0,0.1375,0.141667,0.0,0.0,1.0
0.134859,-0.00201562,-0.2395,0.00378125,0.127656,0.133437,0.0,0.0,1.0
0.140625,-2.77556e-17,-0.24375,0.0,0.1375,0.141667,0.0,0.0,1.0
0.130242,0.00635156,-0.234984,-0.0124063,0.118594,0.151229,0.0,0.0,1.0
0.131203,-0.00440625,-0.238531,0.0079375,0.129313,0.134417,0.0,0.0,1.0
0.126563,-5.55112e-17,-0.240625,0.0,0.125,0.141667,0.0,0.0,1.0
0.130594,0.00890625,-0.235813,-0.015875,0.13075,0.14525,0.0,0.0,1.0
0.135937,-8.32667e-17,-0.246875,0.0,0.125,0.141667,0.0,0.0,1.0
0.135937,-8.32667e-17,-0.246875,0.0,0.13125,0.145833,0.0,0.0,1.0
0.135937,-2.77556e-17,-0.240625,0.0,0.1125,0.15,0.0,0.0,1.0
0.13125,-2.77556e-17,-0.24375,0.0,0.11875,0.154167,0.0,0.0,1.0
0.13125,-2.77556e-17,-0.24375,0.0,0.1125,0.15,0.0,0.0,1.0
0.122672,0.000234375,-0.249313,-0.00040625,0.122906,0.143521,0.0,0.0,1.0
0.13125,-2.77556e-17,-0.24375,0.0,0.11875,0.1375,0.0,0.0,1.0
0.130922,-0.000703125,-0.254687,0.00134375,0.118094,0.121937,0.0,0.0,1.0
0.131109,-0.0009375,-0.249406,0.0016875,0.12575,0.127208,0.0,0.0,1.0
0.133031,0.00459375,-0.244625,-0.008875,0.1225,0.130667,0.0,0.0,1.0
0.13125,-5.55112e-17,-0.2375,0.0,0.13125,0.120833,0.0,0.0,1.0
0.13125,-2.77556e-17,-0.24375,0.0,0.15,0.125,0.0,0.0,1.0
0.126563,-5.55112e-17,-0.246875,0.0,0.13125,0.129167,0.0,0.0,1.0
0.128977,0.00569531,-0.246891,-0.01075,0.121813,0.141125,0.0,0.0,1.0
0.124922,0.00529687,-0.238813,-0.0104063,0.112844,0.138646,0.0,0.0,1.0
0.13125,-2.77556e-17,-0.24375,0.0,0.1375,0.133333,0.0,0.0,1.0
0.131016,-0.0061875,-0.243406,0.01025,0.140062,0.125125,0.0,0.0,1.0
0.136312,-9.375e-05,-0.2445,0.00015625,0.112281,0.125229,0.0,0.0,1.0
0.121734,-0.00065625,-0.255844,0.001125,0.124812,0.120542,0.0,0.0,1.0
0.126563,-5.55112e-17,-0.246875,0.0,0.1125,0.141667,0.0,0.0,1.0
0.117047,0.00028125,-0.244656,-0.00053125,0.118469,0.137854,0.0,0.0,1.0
0.126563,-5.55112e-17,-0.246875,0.0,0.125,0.141667,0.0,0.0,1.0
0.130594,-0.00848437,-0.244906,0.0158438,0.124531,0.129771,0.0,0.0,1.0
0.126563,0.0,-0.234375,0.0,0.13125,0.154167,0.0,0.0,1.0
0.126563,-5.55112e-17,-0.246875,0.0,0.1375,0.158333,0.0,0.0,1.0
0.117188,-2.77556e-17,-0.253125,0.0,0.1125,0.141667,0.0,0.0,1.0
0.13125,-2.77556e-17,-0.24375,0.0,0.15,0.15,0.0,0.0,1.0
0.126563,-5.55112e-17,-0.246875,0.0,0.14375,0.154167,0.0,0.0,1.0
0.121875,-5.55112e-17,-0.25,0.0,0.11875,0.1375,0.0,0.0,1.0
0.121875,-5.55112e-17,-0.25,0.0,0.1375,0.141667,0.0,0.0,1.0
0.121875,-2.77556e-17,-0.24375,0.0,0.1375,0.141667,0.0,0.0,1.0
0.126563,-2.77556e-17,-0.253125,0.0,0.1125,0.141667,0.0,0.0,1.0
0.117188,-2.77556e-17,-0.253125,0.0,0.11875,0.1375,0.0,0.0,1.0
0.118102,0.0194766,-0.241703,-0.0315,0.129812,0.134458,0.0,0.0,1.0
0.140625,-2.77556e-17,-0.2375,0.0,0.14375,0.1375,0.0,0.0,1.0
0.135937,-2.77556e-17,-0.240625,0.0,0.14375,0.1375,0.0,0.0,1.0
0.135937,0.0,-0.234375,0.0,0.14375,0.1375,0.0,0.0,1.0
0.137437,-0.000328125,-0.235531,0.0005,0.154437,0.128375,0.0,0.0,1.0
0.140625,-2.77556e-17,-0.2375,0.0,0.11875,0.129167,0.0,0.0,1.0
0.13125,-5.55112e-17,-0.2375,0.0,0.13125,0.1375,0.0,0.0,1.0
0.140625,-2.77556e-17,-0.2375,0.0,0.1375,0.141667,0.0,0.0,1.0
0.135937,-2.77556e-17,-0.221875,0.0,0.1375,0.133333,0.0,0.0,1.0
0.13125,-2.77556e-17,-0.23125,0.0,0.11875,0.1375,0.0,0.0,1.0
0.121875,-5.55112e-17,-0.2375,0.0,0.1375,0.133333,0.0,0.0,1.0
0.135937,0.0,-0.234375,0.0,0.13125,0.129167,0.0,0.0,1.0
0.13125,-5.55112e-17,-0.2375,0.0,0.125,0.133333,0.0,0.0,1.0
0.135937,0.0,-0.234375,0.0,0.1375,0.141667,0.0,0.0,1.0
0.139898,7.03125e-05,-0.236641,-0.000125,0.152063,0.143125,0.0,0.0,1.0
0.126328,0.00642188,-0.236125,-0.00971875,0.148344,0.142854,0.0,0.0,1.0
0.135937,-2.77556e-17,-0.228125,0.0,0.14375,0.145833,0.0,0.0,1.0
0.140672,0.000234375,-0.231375,-0.0005,0.137,0.142917,0.0,0.0,1.0
0.135937,-2.77556e-17,-0.228125,0.0,0.14375,0.1375,0.0,0.0,1.0
0.145031,-0.00178125,-0.232937,0.00275,0.162125,0.132,0.0,0.0,1.0
0.140625,0.0,-0.23125,0.0,0.1375,0.15,0.0,0.0,1.0
0.145313,-2.77556e-17,-0.228125,0.0,0.15,0.15,0.0,0.0,1.0
0.140625,0.0,-0.23125,0.0,0.14375,0.145833,0.0,0.0,1.0
0.13125,-2.77556e-17,-0.225,0.0,0.15,0.15,0.0,0.0,1.0
0.145313,-2.77556e-17,-0.221875,0.0,0.13125,0.1375,0.0,0.0,1.0
0.135937,-2.77556e-17,-0.215625,0.0,0.14375,0.1375,0.0,0.0,1.0
0.145313,-2.77556e-17,-0.228125,0.0,0.15,0.133333,0.0,0.0,1.0
0.142922,-0.000609375,-0.220875,0.001125,0.13925,0.140833,0.0,0.0,1.0
0.145313,-2.77556e-17,-0.221875,0.0,0.15,0.15,0.0,0.0,1.0
0.140625,-5.55112e-17,-0.21875,0.0,0.15625,0.1375,0.0,0.0,1.0
0.145313,-2.77556e-17,-0.209375,0.0,0.15,0.141667,0.0,0.0,1.0
0.140625,-5.55112e-17,-0.21875,0.0,0.15625,0.1375,0.0,0.0,1.0
0.13125,-2.77556e-17,-0.2125,0.0,0.1625,0.141667,0.0,0.0,1.0
0.140625,-2.77556e-17,-0.2125,0.0,0.15,0.133333,0.0,0.0,1.0
0.13125,0.0,-0.20625,0.0,0.15625,0.120833,0.0,0.0,1.0
0.13125,-2.77556e-17,-0.2125,0.0,0.14375,0.129167,0.0,0.0,1.0
0.142289,0.00297656,-0.217328,-0.0051875,0.143937,0.133333,0.0,0.0,1.0
0.140625,-5.55112e-17,-0.21875,0.0,0.1625,0.133333,0.0,0.0,1.0
0.13125,0.0,-0.20625,0.0,0.15,0.133333,0.0,0.0,1.0
0.127242,-0.000164062,-0.215047,0.00028125,0.146781,0.137104,0.0,0.0,1.0
0.132984,-0.00548438,-0.21225,0.0104375,0.124937,0.136083,0.0,0.0,1.0
0.126563,-0.000375,-0.203125,0.0005,0.15,0.129,0.0,0.0,1.0
0.117188,-2.77556e-17,-0.203125,0.0,0.14375,0.129167,0.0,0.0,1.0
0.13125,0.0,-0.20625,0.0,0.15,0.133333,0.0,0.0,1.0
0.09375,0.0867188,-0.204688,-0.125,0.115625,0.14375,0.0,0.0,1.0
0.135937,-2.77556e-17,-0.203125,0.0,0.14375,0.129167,0.0,0.0,1.0
0.109828,-0.0418594,-0.19025,0.0735312,0.111094,0.110271,0.0,0.0,1.0
0.135937,-2.77556e-17,-0.190625,0.0,0.14375,0.129167,0.0,0.0,1.0
0.144422,-0.00028125,-0.196281,0.0004375,0.16175,0.132958,0.0,0.0,1.0
0.13875,-0.0121875,-0.19625,0.0185,0.16275,0.145917,0.0,0.0,1.0
0.134648,0.00292969,-0.187016,-0.0045625,0.152063,0.133583,0.0,0.0,1.0
0.140109,-0.000796875,-0.198125,0.00125,0.164625,0.135583,0.0,0.0,1.0
0.158156,-0.0005625,-0.192875,0.001125,0.133813,0.147208,0.0,0.0,1.0
0.131227,0.000304688,-0.184297,-0.0005,0.156188,0.129375,0.0,0.0,1.0
0.13943,0.0222891,-0.183547,-0.0338125,0.163375,0.137292,0.0,0.0,1.0
0.140625,-2.77556e-17,-0.19375,0.0,0.1625,0.125,0.0,0.0,1.0
0.140625,-4.16334e-17,-0.1875,0.0,0.15,0.133333,0.0,0.0,1.0
0.137016,-0.0230625,-0.182219,0.0365313,0.153844,0.123062,0.0,0.0,1.0
0.145313,-1.38778e-17,-0.178125,0.0,0.15625,0.120833,0.0,0.0,1.0
0.139219,-0.0065625,-0.1675,0.011625,0.139687,0.119125,0.0,0.0,1.0
0.139266,-0.0084375,-0.162219,0.0155,0.135,0.116333,0.0,0.0,1.0
0.113695,0.0107578,-0.171953,-0.01375,0.157813,0.107208,0.0,0.0,1.0
0.13125,-2.77556e-17,-0.16875,0.0,0.15,0.1,0.0,0.0,1.0
0.140625,-2.77556e-17,-0.175,0.0,0.15625,0.104167,0.0,0.0,1.0
0.13125,-1.38778e-17,-0.18125,0.0,0.14375,0.1125,0.0,0.0,1.0
0.13125,-2.77556e-17,-0.16875,0.0,0.1375,0.116667,0.0,0.0,1.0
0.145313,-4.16334e-17,-0.159375,0.0,0.1375,0.116667,0.0,0.0,1.0
0.154687,-2.77556e-17,-0.146875,0.0,0.15,0.116667,0.0,0.0,1.0
0.135937,-4.16334e-17,-0.153125,0.0,0.15,0.116667,0.0,0.0,1.0
0.148219,-0.011625,-0.1495,0.0188125,0.162813,0.13025,0.0,0.0,1.0
0.15,-1.38778e-17,-0.15,0.0,0.15,0.133333,0.0,0.0,1.0
0.149813,-0.000609375,-0.156219,0.0010625,0.149813,0.1295,0.0,0.0,1.0
0.133922,0.003,-0.158656,-0.00453125,0.159469,0.129104,0.0,0.0,1.0
0.13125,-2.77556e-17,-0.15625,0.0,0.1375,0.125,0.0,0.0,1.0
0.147563,-0.0128906,-0.144031,0.02425,0.139375,0.1185,0.0,0.0,1.0
0.15,-2.77556e-17,-0.1375,0.0,0.15,0.116667,0.0,0.0,1.0
0.150375,-0.0149531,-0.134906,0.0300625,0.132625,0.129708,0.0,0.0,1.0
0.145313,-1.38778e-17,-0.134375,0.0,0.15,0.116667,0.0,0.0,1.0
0.159375,-2.77556e-17,-0.13125,0.0,0.1375,0.116667,0.0,0.0,1.0
0.159375,-2.77556e-17,-0.125,0.0,0.15625,0.120833,0.0,0.0,1.0
0.155109,0.000890625,-0.1285,-0.0018125,0.137,0.110292,0.0,0.0,1.0
0.153141,-0.00567188,-0.1135,0.0101875,0.1515,0.122458,0.0,0.0,1.0
0.144703,0.00253125,-0.130094,-0.0048125,0.137125,0.107458,0.0,0.0,1.0
0.14625,-0.00464062,-0.123781,0.00846875,0.142406,0.107854,0.0,0.0,1.0
0.164062,-2.77556e-17,-0.109375,0.0,0.15,0.1,0.0,0.0,1.0
0.142477,0.0114141,-0.105328,-0.019,0.152187,0.108208,0.0,0.0,1.0
0.127312,-0.00121875,-0.100375,0.00221875,0.124031,0.108771,0.0,0.0,1.0
0.15,-2.77556e-17,-0.09375,-6.93889e-18,0.13125,0.120833,0.0,0.0,1.0
0.145172,-0.00707813,-0.10175,0.0149062,0.122844,0.0931042,0.0,0.0,1.0
0.135937,-1.38778e-17,-0.084375,0.0,0.10625,0.1125,0.0,0.0,1.0
0.145242,0.00133594,-0.0963594,-0.00253125,0.137406,0.113979,0.0,0.0,1.0
0.158086,-0.0133359,-0.0911094,0.026375,0.142312,0.121792,0.0,0.0,1.0
0.154687,-1.38778e-17,-0.078125,-6.93889e-18,0.14375,0.1125,0.0,0.0,1.0
0.162516,-0.00848437,-0.088125,0.0180625,0.136063,0.114167,0.0,0.0,1.0
0.139687,-0.00689063,-0.0812813,0.0124063,0.137719,0.112771,0.0,0.0,1.0
0.135937,-2.08167e-17,-0.078125,-6.93889e-18,0.15,0.116667,0.0,0.0,1.0
0.135937,-2.08167e-17,-0.071875,0.0,0.1375,0.116667,0.0,0.0,1.0
0.142734,-0.0161719,-0.075875,0.0300625,0.136375,0.125458,0.0,0.0,1.0
0.135937,-6.93889e-18,-0.059375,6.93889e-18,0.14375,0.129167,0.0,0.0,1.0
0.130641,-0.00084375,-0.0599688,0.001375,0.141625,0.120083,0.0,0.0,1.0
0.140625,-1.38778e-17,-0.05,3.46945e-18,0.14375,0.1125,0.0,0.0,1.0
0.127031,0.00351562,-0.0445938,-0.00596875,0.133781,0.110896,0.0,0.0,1.0
0.133875,-0.0130781,-0.0245313,0.0237812,0.130594,0.120354,0.0,0.0,1.0
0.126047,0.0117188,-0.0199687,-0.0186875,0.140625,0.114542,0.0,0.0,1.0
0.117188,-0.00154687,-0.0395937,0.00225,0.144688,0.103292,0.0,0.0,1.0
0.121734,4.6875e-05,-0.037375,-6.25e-05,0.143625,0.103375,0.0,0.0,1.0
0.140625,-1.04083e-17,-0.025,-1.73472e-18,0.15,0.108333,0.0,0.0,1.0
0.137531,-0.00595313,-0.0277812,0.0100938,0.143406,0.0931458,0.0,0.0,1.0
0.15157,-0.000820312,-0.00548438,0.0015,0.15075,0.0864167,0.0,0.0,1.0
0.154687,-4.33681e-19,-0.003125,6.50521e-19,0.15,0.0833333,0.0,0.0,1.0
0.135937,-9.54098e-18,-0.009375,-3.46945e-18,0.15625,0.0791667,0.0,0.0,1.0
0.14775,0.007875,-0.0095,-0.013125,0.157625,0.0808333,0.0,0.0,1.0
0.154687,-4.33681e-19,-0.003125,6.50521e-19,0.1625,0.075,0.0,0.0,1.0
0.159211,0.00625781,0.000203125,-0.0105937,0.166781,0.0843542,0.0,0.0,1.0
0.156047,-0.0168281,0.00425,0.0304062,0.153531,0.0820625,0.0,0.0,1.0
0.15,-9.25186e-18,-4.62593e-17,-4.62593e-18,0.15625,0.0958333,0.0,0.0,1.0
0.149859,-0.00745312,0.003625,0.0136563,0.145469,0.0886875,0.0,0.0,1.0
0.15,-8.67362e-18,0.0125,7.80626e-18,0.15625,0.0958333,0.0,0.0,1.0
0.149367,-0.000960938,-0.00439062,0.00165625,0.155219,0.0884375,0.0,0.0,1.0
0.140625,-4.33681e-18,0.00625,3.90313e-18,0.14375,0.104167,0.0,0.0,1.0
0.149766,-0.00164062,0.0049375,0.0028125,0.155625,0.088625,0.0,0.0,1.0
0.135937,-6.93889e-18,0.028125,6.93889e-18,0.15625,0.0958333,0.0,0.0,1.0
0.145969,0.00632813,0.0272813,-0.0104688,0.156406,0.0848125,0.0,0.0,1.0
0.159773,-0.000867188,0.0312969,0.00153125,0.162594,0.0838125,0.0,0.0,1.0
0.148453,-0.0035625,0.0291563,0.00603125,0.155469,0.0857292,0.0,0.0,1.0
0.158391,-0.00792188,0.0378125,0.0140938,0.158469,0.0894792,0.0,0.0,1.0
0.1335,-0.00370313,0.0256562,0.00571875,0.154219,0.0816875,0.0,0.0,1.0
0.154289,-0.000210938,0.0346719,0.00040625,0.141219,0.0892708,0.0,0.0,1.0
0.135844,0.00215625,0.0409375,-0.00359375,0.143969,0.0930625,0.0,0.0,1.0
0.140156,-0.000140625,0.0263437,0.00025,0.142937,0.088125,0.0,0.0,1.0
0.13125,-3.46945e-18,0.0375,0.0,0.15,0.0916667,0.0,0.0,1.0
0.139313,-0.00164062,0.0328437,0.0028125,0.144313,0.0909167,0.0,0.0,1.0
0.151547,0.0069375,0.0415937,-0.0144375,0.129688,0.0889167,0.0,0.0,1.0
0.140625,0.0,0.05,-3.46945e-18,0.14375,0.0875,0.0,0.0,1.0
0.142312,0.00360938,0.0414688,-0.00575,0.159812,0.0962083,0.0,0.0,1.0
0.15,6.93889e-18,0.05,-3.46945e-18,0.15,0.1,0.0,0.0,1.0
0.15,6.93889e-18,0.05,-3.46945e-18,0.15625,0.0958333,0.0,0.0,1.0
0.142945,-0.00597656,0.0325781,0.01,0.151875,0.1205,0.0,0.0,1.0
0.144891,9.375e-05,0.0392187,-0.0001875,0.149125,0.118125,0.0,0.0,1.0
0.13957,0.00846094,0.0439531,-0.0133125,0.158125,0.124375,0.0,0.0,1.0
0.141563,-0.0106875,0.0348125,0.0171563,0.156656,0.126937,0.0,0.0,1.0
0.133453,-0.00492187,0.0371875,0.00815625,0.143219,0.140188,0.0,0.0,1.0
0.140625,-6.93889e-18,0.03125,-3.46945e-18,0.15625,0.145833,0.0,0.0,1.0
0.142312,-0.00501563,0.0383437,0.00903125,0.140156,0.139354,0.0,0.0,1.0
0.140625,3.46945e-18,0.0375,-3.46945e-18,0.15625,0.145833,0.0,0.0,1.0
0.136406,9.375e-05,0.0311875,-0.0001875,0.145,0.146875,0.0,0.0,1.0
0.15,3.46945e-18,0.03125,3.46945e-18,0.15,0.15,0.0,0.0,1.0
0.144938,0.00389062,0.0418437,-0.007125,0.139938,0.130458,0.0,0.0,1.0
0.149672,-0.00164062,0.0265625,0.002875,0.156,0.126583,0.0,0.0,1.0
0.130969,-0.000234375,0.0315312,0.000375,0.149562,0.126542,0.0,0.0,1.0
0.146672,-0.004125,0.0294688,0.00725,0.1475,0.131083,0.0,0.0,1.0
0.145313,0.0,0.028125,3.46945e-18,0.16875,0.120833,0.0,0.0,1.0
0.154687,-5.20417e-18,0.021875,0.0,0.1625,0.125,0.0,0.0,1.0
0.154687,-5.20417e-18,0.021875,0.0,0.15625,0.1125,0.0,0.0,1.0
0.1545,-0.0043125,0.0170625,0.0075,0.157438,0.110208,0.0,0.0,1.0
0.140203,0.000140625,0.0065625,-0.0001875,0.156563,0.105167,0.0,0.0,1.0
0.140625,-4.33681e-18,0.00625,3.90313e-18,0.1625,0.108333,0.0,0.0,1.0
0.139922,0.00942187,0.000875,-0.0169375,0.138063,0.10025,0.0,0.0,1.0
0.142945,0.00114844,-0.00739062,-0.0020625,0.143875,0.0967917,0.0,0.0,1.0
0.143063,0.00585938,-0.00596875,-0.0099375,0.14975,0.0970417,0.0,0.0,1.0
0.157008,0.00864844,-0.0108281,-0.016125,0.149625,0.104,0.0,0.0,1.0
0.154453,-0.0001875,-0.00921875,0.00028125,0.143344,0.0980625,0.0,0.0,1.0
0.159375,-1.04083e-17,-0.01875,0.0,0.15625,0.1125,0.0,0.0,1.0
0.140227,0.00630469,-0.0104531,-0.00984375,0.160094,0.127062,0.0,0.0,1.0
0.12675,0.00332812,-0.0205313,-0.00475,0.1575,0.120833,0.0,0.0,1.0
0.145313,-6.93889e-18,-0.028125,6.93889e-18,0.15,0.133333,0.0,0.0,1.0
0.135891,-0.000140625,-0.028625,0.0001875,0.137063,0.127,0.0,0.0,1.0
0.15,-6.93889e-18,-0.04375,0.0,0.15,0.133333,0.0,0.0,1.0
0.15375,-0.00492187,-0.0507812,0.0084375,0.16,0.143292,0.0,0.0,1.0
0.145125,0.000234375,-0.0532187,-0.000375,0.162188,0.143458,0.0,0.0,1.0
0.152789,-0.00771094,-0.0591094,0.0119687,0.174781,0.156396,0.0,0.0,1.0
0.143344,9.375e-05,-0.0703125,-0.0001875,0.161125,0.146958,0.0,0.0,1.0
0.148781,-2.08167e-17,-0.0741875,-6.93889e-18,0.16725,0.155833,0.0,0.0,1.0
0.147328,0.00567188,-0.0755625,-0.00915625,0.161969,0.152896,0.0,0.0,1.0
0.15,-1.38778e-17,-0.0875,0.0,0.15625,0.1625,0.0,0.0,1.0
0.15,-0.00028125,-0.09075,0.0005,0.15625,0.162833,0.0,0.0,1.0
0.15,-1.38778e-17,-0.1,6.93889e-18,0.1625,0.175,0.0,0.0,1.0
0.14257,-0.00864844,-0.0956719,0.0135938,0.161219,0.177479,0.0,0.0,1.0
0.14618,0.00433594,-0.115078,-0.0069375,0.162687,0.170667,0.0,0.0,1.0
0.145266,9.375e-05,-0.110406,-0.00021875,0.137031,0.160521,0.0,0.0,1.0
0.149906,0.00515625,-0.121375,-0.0086875,0.157875,0.165375,0.0,0.0,1.0
0.147938,-0.00075,-0.120875,0.00125,0.160563,0.182958,0.0,0.0,1.0
0.156867,-0.00138281,-0.131641,0.00228125,0.167094,0.174854,0.0,0.0,1.0
0.149438,0.0054375,-0.137875,-0.00934375,0.154969,0.176396,0.0,0.0,1.0
0.165961,0.00921094,-0.144422,-0.0170625,0.159625,0.184042,0.0,0.0,1.0
0.150328,0.004875,-0.146156,-0.009125,0.142562,0.191625,0.0,0.0,1.0
0.140625,-4.16334e-17,-0.15625,0.0,0.16875,0.1875,0.0,0.0,1.0
0.15593,-0.00433594,-0.166078,0.00690625,0.173156,0.189021,0.0,0.0,1.0
0.154078,-0.000140625,-0.184,0.00021875,0.168156,0.182187,0.0,0.0,1.0
0.155789,-0.00522656,-0.182297,0.0086875,0.166938,0.180917,0.0,0.0,1.0
0.156891,-0.0125625,-0.187219,0.020875,0.167688,0.179625,0.0,0.0,1.0
0.159633,0.0116953,-0.192328,-0.0212812,0.155969,0.185646,0.0,0.0,1.0
0.159,0.0,-0.20025,0.0,0.174437,0.169625,0.0,0.0,1.0
0.150656,4.6875e-05,-0.218406,-9.375e-05,0.163344,0.161729,0.0,0.0,1.0
0.156375,0.00496875,-0.217063,-0.00771875,0.178906,0.168437,0.0,0.0,1.0
0.153563,-0.000890625,-0.233219,0.00125,0.195,0.173167,0.0,0.0,1.0
0.153961,-0.00663281,-0.236703,0.00971875,0.187156,0.174688,0.0,0.0,1.0
0.160758,-0.00508594,-0.250672,0.00796875,0.182281,0.177271,0.0,0.0,1.0
0.16882,-0.00335156,-0.253984,0.00578125,0.174719,0.166854,0.0,0.0,1.0
0.162565,0.0150492,-0.260095,-0.0240938,0.180406,0.170479,0.0,0.0,1.0
0.165263,0.00829688,-0.271144,-0.0133125,0.183313,0.174333,0.0,0.0,1.0
0.149984,-0.00104297,-0.287239,0.0015,0.181625,0.171917,0.0,0.0,1.0
0.161517,-0.016875,-0.281553,0.026875,0.18,0.16975,0.0,0.0,1.0
0.166898,-0.00969375,-0.289859,0.0159063,0.180781,0.173271,0.0,0.0,1.0
0.163395,-0.000316406,-0.309648,0.00046875,0.179781,0.172604,0.0,0.0,1.0
0.159316,-0.00201797,-0.31718,0.0030625,0.187438,0.174083,0.0,0.0,1.0
0.172868,-0.000466406,-0.321433,0.00078125,0.180344,0.171646,0.0,0.0,1.0
0.161128,-0.0046125,-0.329356,0.00753125,0.176031,0.168854,0.0,0.0,1.0
0.16875,-8.32667e-17,-0.3375,0.0,0.175,0.158333,0.0,0.0,1.0
0.172746,0.000180469,-0.345352,-0.00028125,0.186969,0.175229,0.0,0.0,1.0
0.173438,-2.77556e-17,-0.353125,0.0,0.18125,0.179167,0.0,0.0,1.0
0.16826,-0.000358594,-0.362048,0.00053125,0.186781,0.165979,0.0,0.0,1.0
0.179611,0.000970313,-0.378647,-0.00153125,0.201844,0.181646,0.0,0.0,1.0
0.184235,0.00689297,-0.37773,-0.0105625,0.214,0.170958,0.0,0.0,1.0
0.181781,-0.000328125,-0.395406,0.00053125,0.198219,0.183479,0.0,0.0,1.0
0.17509,-0.00731016,-0.392664,0.0116562,0.194844,0.183187,0.0,0.0,1.0
0.187134,-0.00016875,-0.406444,0.00028125,0.192156,0.189354,0.0,0.0,1.0
0.1875,0.0,-0.4,0.0,0.21875,0.1875,0.0,0.0,1.0
0.177982,-0.000311719,-0.418498,0.0004375,0.222438,0.19625,0.0,0.0,1.0
0.18049,-0.00153516,-0.429483,0.00253125,0.194219,0.186687,0.0,0.0,1.0
0.180762,0.00154922,-0.433414,-0.0025,0.201438,0.186042,0.0,0.0,1.0
