0.075,-5.55112e-17,-0.355435,0.0,0.0694981,-0.583012,0.0,0.0,1.0
0.0583478,0.00304348,-0.35,-0.00826255,0.0678765,-0.571429,0.0,0.0,1.0
0.058413,0.00243478,-0.350435,-0.00660232,0.0682239,-0.562162,0.0,0.0,1.0
0.0584783,0.00182609,-0.35087,-0.00494209,0.0685328,-0.552896,0.0,0.0,1.0
0.0585543,0.00121739,-0.351315,-0.00330116,0.068861,-0.543629,0.0,0.0,1.0
0.0586304,0.000608696,-0.351739,-0.00164093,0.0691699,-0.534363,0.0,0.0,1.0
0.0586957,-5.55112e-17,-0.352174,0.0,0.0694981,-0.525097,0.0,0.0,1.0
0.0586304,0.00113043,-0.354478,-0.00304054,0.0693533,-0.520164,0.0,0.0,1.0
0.0585652,0.00226087,-0.356761,-0.00608108,0.0691892,-0.515232,0.0,0.0,1.0
0.0584946,0.00339674,-0.35906,-0.00912162,0.0690637,-0.510299,0.0,0.0,1.0
0.0584293,0.00452717,-0.361353,-0.0121622,0.0689189,-0.505367,0.0,0.0,1.0
0.0583641,0.00565761,-0.36169,-0.0152124,0.0687645,-0.507375,0.0,0.0,1.0
0.0582989,0.00678804,-0.362027,-0.0182529,0.0686197,-0.509392,0.0,0.0,1.0
0.0582283,0.00792391,-0.36237,-0.0212838,0.0684652,-0.511419,0.0,0.0,1.0
0.0581739,0.00905435,-0.362707,-0.024334,0.0683301,-0.513427,0.0,0.0,1.0
0.0580978,0.0101848,-0.363043,-0.0273745,0.0681853,-0.515444,0.0,0.0,1.0
0.0578587,0.0105109,-0.365457,-0.0284942,0.0674903,-0.519305,0.0,0.0,1.0
0.0576196,0.0108478,-0.36788,-0.0296139,0.066834,-0.523166,0.0,0.0,1.0
0.057375,0.0111793,-0.370288,-0.0307143,0.0661583,-0.527027,0.0,0.0,1.0
0.0571304,0.0115109,-0.372707,-0.031834,0.0654633,-0.530888,0.0,0.0,1.0
0.0568913,0.011837,-0.37512,-0.0329633,0.0647973,-0.534759,0.0,0.0,1.0
0.0566522,0.0121739,-0.377543,-0.0340734,0.064112,-0.53861,0.0,0.0,1.0
0.0564076,0.0125054,-0.379951,-0.0351737,0.0634363,-0.542471,0.0,0.0,1.0
0.056163,0.012837,-0.38237,-0.0363127,0.0627606,-0.546332,0.0,0.0,1.0
0.0559348,0.0131739,-0.384783,-0.0374131,0.0620849,-0.550193,0.0,0.0,1.0
0.0541033,0.0143533,-0.388625,-0.041583,0.0596332,-0.554653,0.0,0.0,1.0
0.0522826,0.0155326,-0.392467,-0.0457432,0.0571911,-0.559122,0.0,0.0,1.0
0.0504674,0.0167065,-0.396304,-0.0498938,0.0547394,-0.563581,0.0,0.0,1.0
0.0178913,-0.0486413,-0.400141,0.0522876,0.0540444,-0.568041,0.0,0.0,1.0
0.0190652,-0.0468152,-0.403989,0.0498456,0.0582046,-0.57249,0.0,0.0,1.0
0.02025,-0.0449891,-0.407826,0.0473938,0.0623552,-0.576969,0.0,0.0,1.0
0.0214239,-0.0431739,-0.411663,0.0449421,0.0665251,-0.581429,0.0,0.0,1.0
0.0226087,-0.0413478,-0.4155,0.0425,0.0706853,-0.585878,0.0,0.0,1.0
0.023788,-0.0395272,-0.419342,0.0400386,0.0748263,-0.590347,0.0,0.0,1.0
0.0249674,-0.0377065,-0.430435,0.0376062,0.0789961,-0.573359,0.0,0.0,1.0
0.0255652,-0.0454565,-0.431522,0.044305,0.0827606,-0.583977,0.0,0.0,1.0
0.0234239,-0.0358587,-0.432609,0.034112,0.0776641,-0.586873,0.0,0.0,1.0
0.0239783,-0.0352174,-0.434848,0.0330985,0.0809942,-0.583118,0.0,0.0,1.0
0.0245217,-0.0345761,-0.437076,0.0320849,0.0843436,-0.579363,0.0,0.0,1.0
0.0250815,-0.0339402,-0.43931,0.0310811,0.0877027,-0.575618,0.0,0.0,1.0
0.0256304,-0.0333043,-0.441543,0.0300772,0.0910425,-0.571853,0.0,0.0,1.0
0.0261739,-0.0326739,-0.440848,0.0290637,0.0943919,-0.566361,0.0,0.0,1.0
0.0267337,-0.032038,-0.440147,0.0280695,0.0977413,-0.560869,0.0,0.0,1.0
0.0272826,-0.0314022,-0.439446,0.0270463,0.101081,-0.555386,0.0,0.0,1.0
0.0278315,-0.0307663,-0.438745,0.0260328,0.104431,-0.549894,0.0,0.0,1.0
0.0283913,-0.0301304,-0.438043,0.0250386,0.10778,-0.544402,0.0,0.0,1.0
0.0280217,-0.028337,-0.437076,0.0233398,0.108475,-0.543977,0.0,0.0,1.0
0.0276522,-0.0265435,-0.436109,0.0216216,0.10917,-0.543533,0.0,0.0,1.0
0.0272826,-0.02475,-0.435141,0.0199228,0.109865,-0.543108,0.0,0.0,1.0
0.0269185,-0.0229511,-0.434179,0.0182239,0.11056,-0.542683,0.0,0.0,1.0
0.0265543,-0.021163,-0.433217,0.0165058,0.111274,-0.542259,0.0,0.0,1.0
0.0261848,-0.0193696,-0.43225,0.0148069,0.111969,-0.541834,0.0,0.0,1.0
0.0258152,-0.0175761,-0.431283,0.0131081,0.112664,-0.541409,0.0,0.0,1.0
0.0254457,-0.0157826,-0.430315,0.0114093,0.113359,-0.540985,0.0,0.0,1.0
0.025087,-0.0139783,-0.429348,0.00970077,0.114064,-0.54055,0.0,0.0,1.0
0.0248967,-0.0135489,-0.427136,0.00953668,0.111815,-0.54749,0.0,0.0,1.0
0.0247065,-0.0131087,-0.424924,0.00936293,0.109556,-0.55444,0.0,0.0,1.0
0.0245217,-0.0126739,-0.422717,0.00918919,0.107297,-0.56139,0.0,0.0,1.0
0.0247283,-0.0131087,-0.422576,0.00965251,0.106815,-0.557317,0.0,0.0,1.0
0.0249402,-0.013538,-0.42244,0.0100965,0.106332,-0.553224,0.0,0.0,1.0
0.0251522,-0.0139674,-0.422293,0.0105598,0.105849,-0.549151,0.0,0.0,1.0
0.0253641,-0.0143967,-0.422158,0.0110135,0.105357,-0.545068,0.0,0.0,1.0
0.0255707,-0.0148315,-0.422016,0.0114865,0.104865,-0.540985,0.0,0.0,1.0
0.0257935,-0.0152609,-0.42188,0.0119305,0.104382,-0.536892,0.0,0.0,1.0
0.026,-0.0156957,-0.421739,0.0123842,0.10389,-0.532809,0.0,0.0,1.0
0.0253478,-0.0157935,-0.421467,0.012307,0.102423,-0.531612,0.0,0.0,1.0
0.0246848,-0.0159022,-0.421196,0.0122201,0.100965,-0.530405,0.0,0.0,1.0
0.0240435,-0.0160109,-0.420924,0.0121429,0.0995174,-0.529189,0.0,0.0,1.0
0.0233804,-0.0161196,-0.420652,0.0120656,0.0980502,-0.527992,0.0,0.0,1.0
0.0227283,-0.0162174,-0.42038,0.0119884,0.0966023,-0.526776,0.0,0.0,1.0
0.0220761,-0.016337,-0.420109,0.0119112,0.0951351,-0.525579,0.0,0.0,1.0
0.0214239,-0.0164348,-0.419837,0.0118243,0.0936776,-0.524373,0.0,0.0,1.0
0.0207717,-0.0165326,-0.419565,0.0117568,0.0922201,-0.523166,0.0,0.0,1.0
0.0205109,-0.0164783,-0.419207,0.0116216,0.0917374,-0.523977,0.0,0.0,1.0
0.0202609,-0.016413,-0.418848,0.0114961,0.0912645,-0.524778,0.0,0.0,1.0
0.02,-0.0163478,-0.418478,0.0113514,0.0907915,-0.525579,0.0,0.0,1.0
0.01975,-0.0162826,-0.41812,0.0112259,0.0903185,-0.52638,0.0,0.0,1.0
0.0195,-0.0162283,-0.41775,0.0111004,0.0898263,-0.527181,0.0,0.0,1.0
0.01925,-0.016163,-0.417391,0.0109846,0.0893629,-0.527992,0.0,0.0,1.0
0.0189837,-0.0161033,-0.417027,0.0108398,0.08889,-0.528793,0.0,0.0,1.0
0.0187337,-0.016038,-0.416668,0.0107143,0.088417,-0.529595,0.0,0.0,1.0
0.0184783,-0.0159783,-0.416304,0.0105792,0.0879344,-0.530405,0.0,0.0,1.0
0.0182228,-0.0159076,-0.41594,0.0104537,0.0874614,-0.531207,0.0,0.0,1.0
0.0179674,-0.0158478,-0.415576,0.0103185,0.0869788,-0.532017,0.0,0.0,1.0
0.0177174,-0.0157826,-0.415217,0.010193,0.0864865,-0.532819,0.0,0.0,1.0
0.0177391,-0.0161522,-0.415152,0.0103282,0.087471,-0.532819,0.0,0.0,1.0
0.0177609,-0.0165217,-0.415087,0.010444,0.0884363,-0.532819,0.0,0.0,1.0
0.0177717,-0.0168913,-0.415011,0.0105598,0.0894015,-0.532819,0.0,0.0,1.0
0.0177935,-0.0172609,-0.414946,0.0106757,0.0903668,-0.532819,0.0,0.0,1.0
0.0178261,-0.0176304,-0.41487,0.0107915,0.091332,-0.532819,0.0,0.0,1.0
0.0178478,-0.018,-0.414804,0.0109266,0.0923166,-0.532819,0.0,0.0,1.0
0.0178696,-0.0183696,-0.414739,0.0110425,0.0932819,-0.532819,0.0,0.0,1.0
0.0178913,-0.0187391,-0.414674,0.0111583,0.0942471,-0.532819,0.0,0.0,1.0
0.017913,-0.0191087,-0.414609,0.0112741,0.0952124,-0.532819,0.0,0.0,1.0
0.0179402,-0.0194728,-0.414538,0.01139,0.0961776,-0.532819,0.0,0.0,1.0
0.017962,-0.0198424,-0.414473,0.0115251,0.0971236,-0.532819,0.0,0.0,1.0
0.0179891,-0.0202174,-0.414402,0.0116602,0.0981081,-0.532819,0.0,0.0,1.0
0.0180054,-0.0205815,-0.414332,0.0117761,0.0990734,-0.532819,0.0,0.0,1.0
0.0180272,-0.0209511,-0.414266,0.0118919,0.100039,-0.532819,0.0,0.0,1.0
0.0180543,-0.0213152,-0.414196,0.0120077,0.101004,-0.532819,0.0,0.0,1.0
0.0180761,-0.0216848,-0.41413,0.0121236,0.101969,-0.532819,0.0,0.0,1.0
0.018538,-0.0170489,-0.412679,0.00913127,0.100425,-0.535232,0.0,0.0,1.0
0.0190054,-0.0124076,-0.411234,0.006139,0.0988803,-0.537645,0.0,0.0,1.0
0.0194674,-0.00777174,-0.409783,0.00314672,0.0973359,-0.540058,0.0,0.0,1.0
0.0199348,-0.00313043,-0.410652,0.00015444,0.0957915,-0.542471,0.0,0.0,1.0
0.0204022,0.00151087,-0.411522,-0.00283784,0.0942471,-0.544884,0.0,0.0,1.0
0.0208641,0.00614674,-0.412386,-0.00583012,0.0927027,-0.547297,0.0,0.0,1.0
0.0213207,0.010788,-0.413266,-0.00883205,0.0911487,-0.549701,0.0,0.0,1.0
0.0217826,0.0154348,-0.41413,-0.011834,0.0896139,-0.552124,0.0,0.0,1.0
0.0218098,0.0182337,-0.415527,-0.0155405,0.0859653,-0.552124,0.0,0.0,1.0
0.0218261,0.0210326,-0.416924,-0.0192664,0.0823166,-0.552124,0.0,0.0,1.0
0.0218587,0.023837,-0.418326,-0.0229923,0.078668,-0.552124,0.0,0.0,1.0
0.0218804,0.0266304,-0.419728,-0.0267181,0.0750193,-0.552124,0.0,0.0,1.0
0.0219022,0.0294348,-0.42112,-0.0304247,0.0713513,-0.552124,0.0,0.0,1.0
0.0219293,0.0322337,-0.422516,-0.0341506,0.0677027,-0.552124,0.0,0.0,1.0
0.0219457,0.0350326,-0.423913,-0.0378764,0.0640541,-0.552124,0.0,0.0,1.0
0.0225435,0.0358804,-0.425946,-0.0408398,0.063195,-0.550917,0.0,0.0,1.0
0.0231413,0.0367174,-0.427989,-0.0438031,0.0623166,-0.54971,0.0,0.0,1.0
0.0237391,0.0375652,-0.430022,-0.0467664,0.0614768,-0.548504,0.0,0.0,1.0
0.0243261,0.038413,-0.432065,-0.0497297,0.0606178,-0.547297,0.0,0.0,1.0
0.0249293,0.0392554,-0.434103,-0.0527027,0.059749,-0.546081,0.0,0.0,1.0
0.0255217,0.0400978,-0.436141,-0.0556564,0.0588803,-0.544884,0.0,0.0,1.0
0.0409457,-0.0261196,-0.438174,0.0580309,0.0586293,-0.543687,0.0,0.0,1.0
0.0417935,-0.0267065,-0.440217,0.0571815,0.061583,-0.542471,0.0,0.0,1.0
0.0427772,-0.0257772,-0.443168,0.0558301,0.0620656,-0.541371,0.0,0.0,1.0
0.0437663,-0.0248424,-0.446114,0.0544981,0.062529,-0.54027,0.0,0.0,1.0
0.0447609,-0.023913,-0.449065,0.0531467,0.0629923,-0.539151,0.0,0.0,1.0
0.0457391,-0.0229783,-0.452022,0.051805,0.0634653,-0.53806,0.0,0.0,1.0
0.0467283,-0.0220435,-0.454967,0.0504633,0.0639382,-0.53695,0.0,0.0,1.0
0.0477228,-0.0211141,-0.457918,0.0491216,0.0644112,-0.535859,0.0,0.0,1.0
0.0487065,-0.0201848,-0.46087,0.0477799,0.0648842,-0.534749,0.0,0.0,1.0
0.0488696,-0.020087,-0.466109,0.0478378,0.0647297,-0.533919,0.0,0.0,1.0
0.0490272,-0.0200054,-0.471353,0.0479054,0.0645849,-0.533079,0.0,0.0,1.0
0.0491848,-0.0199239,-0.476587,0.0479537,0.0644402,-0.532239,0.0,0.0,1.0
0.0493478,-0.019837,-0.481837,0.0480116,0.0642857,-0.531409,0.0,0.0,1.0
0.0495,-0.01975,-0.487076,0.0480792,0.0641216,-0.530569,0.0,0.0,1.0
0.0497283,-0.0194457,-0.489913,0.0475483,0.0640541,-0.528668,0.0,0.0,1.0
0.0499511,-0.0191359,-0.492745,0.047027,0.0639768,-0.526757,0.0,0.0,1.0
0.0501793,-0.0188207,-0.495582,0.0465058,0.0638996,-0.524846,0.0,0.0,1.0
0.0504022,-0.0185109,-0.498413,0.0459846,0.0638417,-0.522954,0.0,0.0,1.0
0.0506304,-0.0181957,-0.501239,0.0454633,0.0637645,-0.521042,0.0,0.0,1.0
0.0508478,-0.0178804,-0.504076,0.0449228,0.0637066,-0.519131,0.0,0.0,1.0
0.0510761,-0.0175761,-0.506913,0.0444015,0.0636293,-0.51722,0.0,0.0,1.0
0.0512989,-0.0172554,-0.509745,0.0438803,0.0635521,-0.515309,0.0,0.0,1.0
0.0515217,-0.0169457,-0.512576,0.0433591,0.0634942,-0.513417,0.0,0.0,1.0
0.0515326,-0.0173804,-0.515413,0.0447297,0.0631467,-0.511506,0.0,0.0,1.0
0.0515435,-0.0178043,-0.518239,0.0461004,0.0628185,-0.509614,0.0,0.0,1.0
0.0515598,-0.0182337,-0.521082,0.0474614,0.0624807,-0.507693,0.0,0.0,1.0
0.0515652,-0.0186522,-0.523913,0.0488224,0.0621429,-0.505791,0.0,0.0,1.0
0.0513261,-0.0189022,-0.526489,0.0512934,0.0602703,-0.502259,0.0,0.0,1.0
0.0510761,-0.0191522,-0.529076,0.0537452,0.0583784,-0.498726,0.0,0.0,1.0
0.0508261,-0.0193913,-0.531652,0.0562162,0.0564865,-0.495174,0.0,0.0,1.0
0.0196413,0.0505761,-0.534239,-0.0546042,0.0586583,-0.491631,0.0,0.0,1.0
0.0198804,0.0503261,-0.536815,-0.052722,0.0611197,-0.488089,0.0,0.0,1.0
0.0201304,0.0500761,-0.539402,-0.0508398,0.0635811,-0.484566,0.0,0.0,1.0
0.0203641,0.0498315,-0.541984,-0.0489382,0.0660425,-0.483591,0.0,0.0,1.0
0.0206087,0.049587,-0.544565,-0.0470656,0.0684942,-0.482625,0.0,0.0,1.0
0.0203913,0.0490652,-0.546587,-0.046332,0.0681274,-0.481834,0.0,0.0,1.0
0.020163,0.0485435,-0.54862,-0.0455985,0.0677606,-0.481042,0.0,0.0,1.0
0.0199457,0.0480217,-0.550641,-0.0448552,0.0673842,-0.480261,0.0,0.0,1.0
0.0197174,0.0475,-0.552674,-0.0441216,0.0670174,-0.479469,0.0,0.0,1.0
0.0194891,0.0469783,-0.553837,-0.0433784,0.0666409,-0.483224,0.0,0.0,1.0
0.0192609,0.0464674,-0.555011,-0.0426448,0.0662741,-0.486988,0.0,0.0,1.0
0.0190435,0.0459457,-0.556185,-0.0419015,0.065917,-0.490743,0.0,0.0,1.0
0.0188152,0.0454239,-0.557348,-0.041168,0.0655502,-0.494508,0.0,0.0,1.0
0.0185978,0.0449022,-0.558522,-0.0404247,0.0651737,-0.498263,0.0,0.0,1.0
0.0183587,0.0443804,-0.559696,-0.0396911,0.064807,-0.502027,0.0,0.0,1.0
0.0181413,0.0438587,-0.56087,-0.0389575,0.0644402,-0.505791,0.0,0.0,1.0
0.0182337,0.0443967,-0.563734,-0.0390541,0.0654054,-0.509826,0.0,0.0,1.0
0.018337,0.0449348,-0.566598,-0.0391795,0.066361,-0.513871,0.0,0.0,1.0
0.0184239,0.0454783,-0.569467,-0.0392954,0.0673263,-0.517905,0.0,0.0,1.0
0.0185217,0.0460109,-0.572337,-0.0394015,0.0682819,-0.521931,0.0,0.0,1.0
0.0186196,0.0465543,-0.575196,-0.0395077,0.0692374,-0.525975,0.0,0.0,1.0
0.0187174,0.047087,-0.578065,-0.0396236,0.0702027,-0.53001,0.0,0.0,1.0
0.0188152,0.0476196,-0.580935,-0.0397297,0.0711583,-0.534054,0.0,0.0,1.0
0.0189076,0.0481576,-0.583799,-0.0398359,0.0721139,-0.538079,0.0,0.0,1.0
0.0190109,0.0486957,-0.586663,-0.0399614,0.0730888,-0.542124,0.0,0.0,1.0
0.0190978,0.0492283,-0.589522,-0.0400772,0.0740348,-0.546158,0.0,0.0,1.0
0.0191848,0.0497717,-0.592391,-0.0401737,0.075,-0.550193,0.0,0.0,1.0
0.0194674,0.0453152,-0.594456,-0.0364575,0.0776931,-0.552461,0.0,0.0,1.0
0.0197391,0.0408478,-0.596522,-0.032751,0.0803958,-0.55472,0.0,0.0,1.0
0.02,0.0363913,-0.598587,-0.0290347,0.0831081,-0.556969,0.0,0.0,1.0
0.0202826,0.0319348,-0.600652,-0.0253185,0.0858012,-0.559237,0.0,0.0,1.0
0.0205435,0.0274783,-0.602717,-0.021612,0.0885039,-0.561496,0.0,0.0,1.0
0.0208152,0.0230109,-0.604783,-0.0178958,0.0911969,-0.563764,0.0,0.0,1.0
0.0210761,0.0185543,-0.606848,-0.0141699,0.0938996,-0.566023,0.0,0.0,1.0
0.0207391,0.0179565,-0.608913,-0.013195,0.0940637,-0.564604,0.0,0.0,1.0
0.0204022,0.017337,-0.610978,-0.0122008,0.0942278,-0.563185,0.0,0.0,1.0
0.0200543,0.0167283,-0.613043,-0.0112162,0.0943822,-0.561776,0.0,0.0,1.0
0.020212,0.0150272,-0.61444,-0.0101351,0.0933205,-0.563147,0.0,0.0,1.0
0.0203696,0.0133152,-0.615837,-0.00905405,0.092278,-0.564537,0.0,0.0,1.0
0.0205217,0.0116087,-0.617239,-0.00798263,0.0912066,-0.565917,0.0,0.0,1.0
0.0206739,0.0098913,-0.61863,-0.00689189,0.0901351,-0.567297,0.0,0.0,1.0
0.0208261,0.00818478,-0.620033,-0.00581081,0.0890734,-0.568668,0.0,0.0,1.0
0.0209837,0.00647283,-0.621429,-0.00472973,0.0880116,-0.570039,0.0,0.0,1.0
0.0211413,0.00477174,-0.622826,-0.00366795,0.0869498,-0.571429,0.0,0.0,1.0
0.0217391,-5.55112e-17,-0.626087,0.0,0.0772201,-0.590734,0.0,0.0,1.0
0.0213098,-0.00189674,-0.626766,0.00132239,0.0778475,-0.588562,0.0,0.0,1.0
0.0208913,-0.00379348,-0.627446,0.00266409,0.0784749,-0.58639,0.0,0.0,1.0
0.0204511,-0.00569022,-0.628125,0.00399614,0.079112,-0.584228,0.0,0.0,1.0
0.0200217,-0.00758696,-0.628804,0.00532819,0.0797297,-0.582046,0.0,0.0,1.0
0.0195978,-0.00947826,-0.629489,0.00666023,0.0803668,-0.579884,0.0,0.0,1.0
0.019163,-0.0113696,-0.630163,0.00797297,0.0810039,-0.577703,0.0,0.0,1.0
0.0187391,-0.0132717,-0.630837,0.00931467,0.0816313,-0.575531,0.0,0.0,1.0
0.0183152,-0.015163,-0.631522,0.0106371,0.0822587,-0.573359,0.0,0.0,1.0
0.0181413,-0.0155326,-0.631522,0.0109266,0.08139,-0.573205,0.0,0.0,1.0
0.0179891,-0.0159022,-0.631522,0.0112162,0.0805019,-0.573031,0.0,0.0,1.0
0.0178261,-0.0162609,-0.631522,0.0115058,0.0796332,-0.572876,0.0,0.0,1.0
0.0176522,-0.0166304,-0.631522,0.0117857,0.0787548,-0.572712,0.0,0.0,1.0
0.0175,-0.017,-0.631522,0.0120753,0.0778861,-0.572558,0.0,0.0,1.0
0.017337,-0.0173587,-0.631522,0.0123552,0.0769884,-0.572394,0.0,0.0,1.0
0.017163,-0.0177283,-0.631522,0.0126351,0.0761293,-0.57223,0.0,0.0,1.0
0.0170109,-0.0180978,-0.631522,0.0129151,0.075251,-0.572066,0.0,0.0,1.0
0.0168478,-0.0184565,-0.631522,0.0132046,0.0743822,-0.571911,0.0,0.0,1.0
0.0166739,-0.0188261,-0.631522,0.0134846,0.0735039,-0.571747,0.0,0.0,1.0
0.0165217,-0.0191957,-0.631522,0.0137838,0.0726255,-0.571583,0.0,0.0,1.0
0.0163478,-0.0195652,-0.631522,0.0140734,0.0717568,-0.571429,0.0,0.0,1.0
0.0165707,-0.0196902,-0.631723,0.0142471,0.0722394,-0.571622,0.0,0.0,1.0
0.0167826,-0.0198261,-0.631935,0.0144208,0.0727413,-0.571795,0.0,0.0,1.0
0.0170054,-0.0199511,-0.632147,0.0146139,0.0732432,-0.571988,0.0,0.0,1.0
0.0172228,-0.0200815,-0.632353,0.0147973,0.0737355,-0.572172,0.0,0.0,1.0
0.0174457,-0.0202174,-0.632554,0.0149903,0.0742375,-0.572346,0.0,0.0,1.0
0.0176576,-0.0203424,-0.632766,0.0151737,0.0747297,-0.572529,0.0,0.0,1.0
0.0178804,-0.0204783,-0.632967,0.0153475,0.0752317,-0.572703,0.0,0.0,1.0
0.0180978,-0.0206087,-0.633185,0.0155309,0.0757239,-0.572905,0.0,0.0,1.0
0.0183152,-0.0207391,-0.63338,0.0157143,0.0762162,-0.573089,0.0,0.0,1.0
0.0185326,-0.0208696,-0.633598,0.015888,0.0767181,-0.573263,0.0,0.0,1.0
0.01875,-0.021,-0.633793,0.0160811,0.0772201,-0.573456,0.0,0.0,1.0
0.0189728,-0.021125,-0.634005,0.0162645,0.0777124,-0.573639,0.0,0.0,1.0
0.0191902,-0.0212554,-0.634212,0.0164575,0.0782143,-0.573813,0.0,0.0,1.0
0.0194076,-0.0213859,-0.634418,0.0166409,0.0787066,-0.573996,0.0,0.0,1.0
0.019625,-0.0215163,-0.634625,0.0168147,0.0791892,-0.574189,0.0,0.0,1.0
0.0198424,-0.0216467,-0.634832,0.0169981,0.0797008,-0.574373,0.0,0.0,1.0
0.0200652,-0.0217826,-0.635044,0.0171815,0.0801931,-0.574556,0.0,0.0,1.0
0.0202772,-0.0219076,-0.635245,0.0173649,0.0806853,-0.574739,0.0,0.0,1.0
0.0205,-0.0220435,-0.635457,0.0175483,0.0811969,-0.574923,0.0,0.0,1.0
0.020712,-0.0221685,-0.635658,0.0177413,0.0816795,-0.575097,0.0,0.0,1.0
0.0209348,-0.0223043,-0.63587,0.0179344,0.0821815,-0.57529,0.0,0.0,1.0
0.020587,-0.0239565,-0.63587,0.0191023,0.081168,-0.576979,0.0,0.0,1.0
0.0202283,-0.0256196,-0.63587,0.0202896,0.0801544,-0.578668,0.0,0.0,1.0
0.0198696,-0.0272609,-0.63587,0.0214768,0.0791409,-0.580357,0.0,0.0,1.0
0.0195109,-0.0289239,-0.63587,0.0226641,0.0781081,-0.582046,0.0,0.0,1.0
0.019163,-0.0305761,-0.63587,0.0238417,0.0771042,-0.583726,0.0,0.0,1.0
0.0188043,-0.0322391,-0.63587,0.0250386,0.0761004,-0.585425,0.0,0.0,1.0
0.0184565,-0.0338913,-0.63587,0.0262162,0.0750772,-0.587124,0.0,0.0,1.0
0.0180978,-0.0355543,-0.63587,0.0273938,0.0740734,-0.588803,0.0,0.0,1.0
0.0177826,-0.0371848,-0.635272,0.0293147,0.0718822,-0.590299,0.0,0.0,1.0
0.0174783,-0.0388152,-0.634663,0.0312355,0.0696911,-0.591815,0.0,0.0,1.0
0.0171685,-0.0404511,-0.63406,0.0331371,0.0675,-0.593311,0.0,0.0,1.0
0.0168587,-0.0420761,-0.633457,0.0350579,0.0653089,-0.594807,0.0,0.0,1.0
0.0165489,-0.043712,-0.632853,0.0369691,0.0631274,-0.596313,0.0,0.0,1.0
0.0162337,-0.0453424,-0.632245,0.0388707,0.0609363,-0.597809,0.0,0.0,1.0
0.0159239,-0.0469783,-0.631641,0.0407915,0.0587452,-0.599305,0.0,0.0,1.0
0.0156141,-0.0486033,-0.631038,0.0427027,0.0565637,-0.600811,0.0,0.0,1.0
0.0153043,-0.0502391,-0.630435,0.0446139,0.0543822,-0.602317,0.0,0.0,1.0
0.0144728,-0.0516902,-0.629755,0.0452317,0.051834,-0.60305,0.0,0.0,1.0
0.0136413,-0.0531304,-0.629076,0.0458301,0.0492857,-0.603764,0.0,0.0,1.0
0.0128152,-0.054587,-0.628402,0.0464672,0.0467568,-0.604498,0.0,0.0,1.0
0.0560435,0.0119783,-0.627717,-0.0442085,0.0470656,-0.605212,0.0,0.0,1.0
0.0574837,0.0111467,-0.627038,-0.0416795,0.0476834,-0.605927,0.0,0.0,1.0
0.0589348,0.0103152,-0.626359,-0.0391313,0.0483012,-0.60666,0.0,0.0,1.0
0.0603859,0.0094837,-0.625679,-0.0366023,0.0489189,-0.607374,0.0,0.0,1.0
0.0618261,0.00865217,-0.625,-0.0340734,0.0495174,-0.608108,0.0,0.0,1.0
0.0617283,0.00926087,-0.625728,-0.0364093,0.0494788,-0.608436,0.0,0.0,1.0
0.0616359,0.00986413,-0.626451,-0.0387741,0.0494305,-0.608755,0.0,0.0,1.0
0.0615326,0.0104674,-0.627174,-0.0411197,0.0493822,-0.609073,0.0,0.0,1.0
0.0614293,0.0110815,-0.627897,-0.0434749,0.0493243,-0.609402,0.0,0.0,1.0
0.0613261,0.0116848,-0.62862,-0.0458301,0.0492857,-0.60971,0.0,0.0,1.0
0.0612283,0.0122935,-0.629348,-0.0481853,0.0492278,-0.610039,0.0,0.0,1.0
0.0129076,-0.061125,-0.630071,0.0491795,0.0505309,-0.610357,0.0,0.0,1.0
0.0135109,-0.0610217,-0.630793,0.0491216,0.0528861,-0.610685,0.0,0.0,1.0
0.0141196,-0.0609239,-0.631522,0.0490927,0.0552317,-0.611004,0.0,0.0,1.0
0.0147228,-0.0608207,-0.632245,0.0490347,0.0575869,-0.611332,0.0,0.0,1.0
0.015337,-0.0607174,-0.632967,0.0489865,0.0599324,-0.611651,0.0,0.0,1.0
0.0159457,-0.0606196,-0.633696,0.0489382,0.0622973,-0.611969,0.0,0.0,1.0
0.0153424,-0.0611359,-0.632973,0.0494112,0.0598938,-0.611322,0.0,0.0,1.0
0.0147391,-0.061663,-0.63225,0.0499035,0.0574903,-0.610676,0.0,0.0,1.0
0.0141413,-0.0621848,-0.631522,0.0503861,0.0550965,-0.610039,0.0,0.0,1.0
0.0135326,-0.0627174,-0.630793,0.0508591,0.0526737,-0.609392,0.0,0.0,1.0
0.0632446,0.0129402,-0.630071,-0.0502799,0.0513417,-0.608755,0.0,0.0,1.0
0.0637717,0.012337,-0.629348,-0.0478571,0.051834,-0.608108,0.0,0.0,1.0
0.0634565,0.0125761,-0.629228,-0.0484653,0.0518436,-0.608137,0.0,0.0,1.0
0.0631522,0.0128043,-0.629109,-0.0490541,0.0518533,-0.608166,0.0,0.0,1.0
0.0628478,0.0130435,-0.629,-0.0496332,0.0518726,-0.608185,0.0,0.0,1.0
0.0625326,0.0132826,-0.62888,-0.0502317,0.0518919,-0.608224,0.0,0.0,1.0
0.0622283,0.0135109,-0.628761,-0.0508108,0.0518919,-0.608263,0.0,0.0,1.0
0.0619185,0.0137554,-0.628647,-0.0514093,0.0519112,-0.608301,0.0,0.0,1.0
0.0139946,-0.0616141,-0.628527,0.0519305,0.0519884,-0.60832,0.0,0.0,1.0
0.0142337,-0.0613098,-0.628408,0.0519305,0.0525869,-0.60834,0.0,0.0,1.0
0.0144674,-0.061,-0.628293,0.0519498,0.0531853,-0.608378,0.0,0.0,1.0
0.0147011,-0.0606902,-0.628179,0.0519691,0.0537645,-0.608398,0.0,0.0,1.0
0.0157283,-0.057,-0.62712,0.0490734,0.0572587,-0.605097,0.0,0.0,1.0
0.0167554,-0.0533098,-0.62606,0.0461776,0.0607722,-0.601776,0.0,0.0,1.0
0.0177826,-0.0496304,-0.625,0.0432819,0.0642857,-0.598456,0.0,0.0,1.0
0.0192283,-0.0499239,-0.624457,0.0455792,0.0661969,-0.596525,0.0,0.0,1.0
0.0206739,-0.0501957,-0.623913,0.0478958,0.0681274,-0.594595,0.0,0.0,1.0
0.0221196,-0.0504891,-0.62337,0.050193,0.0700386,-0.592664,0.0,0.0,1.0
0.0235761,-0.0507935,-0.622826,0.0524903,0.0719498,-0.590734,0.0,0.0,1.0
0.0233587,-0.0505217,-0.622967,0.0521042,0.0714479,-0.590734,0.0,0.0,1.0
0.0231467,-0.0502663,-0.623114,0.0517181,0.0709459,-0.590734,0.0,0.0,1.0
0.0229348,-0.05,-0.623261,0.0513127,0.0704633,-0.590734,0.0,0.0,1.0
0.0227228,-0.0497446,-0.623408,0.0509459,0.0699807,-0.590734,0.0,0.0,1.0
0.0225109,-0.0494783,-0.623554,0.0505598,0.0694788,-0.590734,0.0,0.0,1.0
0.0222935,-0.0492283,-0.623696,0.0501737,0.0689768,-0.590734,0.0,0.0,1.0
0.022087,-0.0489674,-0.623837,0.0497876,0.0684749,-0.590734,0.0,0.0,1.0
0.021875,-0.0487011,-0.623984,0.0494208,0.0679923,-0.590734,0.0,0.0,1.0
0.021663,-0.0484457,-0.62413,0.0490347,0.0674903,-0.590734,0.0,0.0,1.0
0.0214511,-0.0481793,-0.624277,0.0486486,0.0669884,-0.590734,0.0,0.0,1.0
0.0212391,-0.0479239,-0.624424,0.0482625,0.0664865,-0.590734,0.0,0.0,1.0
0.0210272,-0.0476576,-0.624571,0.0478958,0.0660039,-0.590734,0.0,0.0,1.0
0.0208098,-0.0473967,-0.624712,0.0475097,0.0655019,-0.590734,0.0,0.0,1.0
0.0206033,-0.0471359,-0.624853,0.0471236,0.065,-0.590734,0.0,0.0,1.0
0.0203913,-0.0468696,-0.625,0.0467375,0.0644981,-0.590734,0.0,0.0,1.0
0.0180978,-0.049587,-0.623402,0.0482819,0.057529,-0.5889,0.0,0.0,1.0
0.0158043,-0.0522935,-0.621793,0.0498166,0.0505695,-0.587056,0.0,0.0,1.0
0.0550109,0.0135217,-0.620185,-0.0436004,0.051361,-0.585222,0.0,0.0,1.0
0.0577174,0.0112283,-0.618576,-0.0366216,0.0528958,-0.583378,0.0,0.0,1.0
0.0604348,0.00893478,-0.616978,-0.0296525,0.0544402,-0.581544,0.0,0.0,1.0
0.0631413,0.0066413,-0.61537,-0.0226931,0.0559749,-0.579701,0.0,0.0,1.0
0.0658478,0.00434783,-0.616304,-0.0157336,0.0575097,-0.586873,0.0,0.0,1.0
0.0662609,0.00404348,-0.613043,-0.0147104,0.0570463,-0.585347,0.0,0.0,1.0
0.066663,0.00372826,-0.609783,-0.0137066,0.056583,-0.583842,0.0,0.0,1.0
0.0670761,0.00342391,-0.606522,-0.0127027,0.0561004,-0.582317,0.0,0.0,1.0
0.0674783,0.0031087,-0.603261,-0.0116988,0.0556371,-0.580811,0.0,0.0,1.0
0.0678859,0.00279891,-0.602538,-0.010695,0.0551737,-0.581544,0.0,0.0,1.0
0.0682935,0.00248913,-0.601804,-0.00969112,0.0547104,-0.582278,0.0,0.0,1.0
0.0686956,0.00217391,-0.601087,-0.00870656,0.0542278,-0.583012,0.0,0.0,1.0
0.0679728,0.00213587,-0.598451,-0.0084556,0.0542857,-0.582741,0.0,0.0,1.0
0.0672391,0.0021087,-0.595804,-0.00823359,0.054334,-0.582461,0.0,0.0,1.0
0.0665054,0.00207065,-0.593168,-0.00799228,0.0543822,-0.582181,0.0,0.0,1.0
0.0657717,0.00203261,-0.590522,-0.00776062,0.0544209,-0.581911,0.0,0.0,1.0
0.0650435,0.002,-0.587891,-0.00754826,0.0544788,-0.581641,0.0,0.0,1.0
0.0643152,0.00195652,-0.58525,-0.00730695,0.054527,-0.581361,0.0,0.0,1.0
0.0635761,0.00192391,-0.582609,-0.00708494,0.0545753,-0.581081,0.0,0.0,1.0
0.0652174,-5.55112e-17,-0.580435,0.0,0.0598456,-0.581081,0.0,0.0,1.0
0.0635761,2.17391e-05,-0.576728,-7.43243e-05,0.0594643,-0.588267,0.0,0.0,1.0
0.0612663,-0.00667935,-0.576527,0.0210627,0.0613176,-0.590217,0.0,0.0,1.0
0.0590054,-0.00924456,-0.573755,0.0277925,0.0619315,-0.592433,0.0,0.0,1.0
0.0636196,-0.0053913,-0.571011,0.0174083,0.0620994,-0.599474,0.0,0.0,1.0
0.0524891,-0.0152391,-0.564598,0.0433012,0.0582625,-0.596351,0.0,0.0,1.0
0.0553587,-0.0144348,-0.562576,0.0444797,0.0566612,-0.592762,0.0,0.0,1.0
0.0568804,-0.00970652,-0.553913,0.0312741,0.0546332,-0.592278,0.0,0.0,1.0
0.0471304,-0.020587,-0.553109,0.0566255,0.0540386,-0.590853,0.0,0.0,1.0
0.0472609,-0.0212717,-0.551946,0.0585695,0.0541486,-0.591446,0.0,0.0,1.0
0.050038,-0.0142228,-0.548658,0.0429662,0.0522519,-0.59897,0.0,0.0,1.0
0.0469457,-0.0207065,-0.547152,0.0571766,0.0536438,-0.589049,0.0,0.0,1.0
0.0253804,0.0381739,-0.544098,-0.0435878,0.0701129,-0.584321,0.0,0.0,1.0
0.0207935,0.0380217,-0.538098,-0.0358137,0.06964,-0.585914,0.0,0.0,1.0
0.0236576,0.031875,-0.535864,-0.0319334,0.0744875,-0.584603,0.0,0.0,1.0
0.0250978,0.0229457,-0.532283,-0.0208716,0.0869913,-0.576431,0.0,0.0,1.0
0.0266087,0.0243478,-0.530413,-0.0243871,0.0837963,-0.576055,0.0,0.0,1.0
0.026212,0.0235489,-0.52981,-0.0225714,0.0862471,-0.575069,0.0,0.0,1.0
0.0250109,0.0213478,-0.526033,-0.0186313,0.0904073,-0.574017,0.0,0.0,1.0
0.0259348,0.0176848,-0.524902,-0.0161805,0.089416,-0.575285,0.0,0.0,1.0
0.0252174,0.017,-0.521283,-0.0143658,0.0941303,-0.56498,0.0,0.0,1.0
0.0222826,0.0169348,-0.520326,-0.0129469,0.0920299,-0.569617,0.0,0.0,1.0
0.0215543,0.0071413,-0.518478,-0.00653475,0.0948552,-0.563388,0.0,0.0,1.0
0.0214783,0.0110435,-0.517348,-0.00785907,0.0951544,-0.560116,0.0,0.0,1.0
0.0214674,0.00805435,-0.514891,-0.00565251,0.0964826,-0.564147,0.0,0.0,1.0
0.0194239,0.0066413,-0.515565,-0.00405695,0.100248,-0.555345,0.0,0.0,1.0
0.0214565,0.00583696,-0.513533,-0.00390444,0.101109,-0.553812,0.0,0.0,1.0
0.0204783,-0.00380435,-0.516304,0.00243243,0.101429,-0.534749,0.0,0.0,1.0
0.020712,-0.00547283,-0.515647,0.00380309,0.10056,-0.531236,0.0,0.0,1.0
0.0209565,-0.0071413,-0.514989,0.00517375,0.0996911,-0.527722,0.0,0.0,1.0
0.0211902,-0.00882065,-0.514332,0.00656371,0.0988224,-0.524228,0.0,0.0,1.0
0.0214348,-0.0104891,-0.515663,0.00793436,0.0979537,-0.520714,0.0,0.0,1.0
0.0216685,-0.0121576,-0.516995,0.00932432,0.0970849,-0.517181,0.0,0.0,1.0
0.0219185,-0.0138315,-0.518332,0.0107143,0.0962162,-0.513687,0.0,0.0,1.0
0.0221522,-0.0155109,-0.519663,0.0120849,0.0953475,-0.510174,0.0,0.0,1.0
0.0223913,-0.0171739,-0.521,0.0134653,0.0944884,-0.50667,0.0,0.0,1.0
0.0226304,-0.0188478,-0.522326,0.0148456,0.09361,-0.503166,0.0,0.0,1.0
0.022875,-0.0205163,-0.523668,0.0162259,0.092751,-0.499643,0.0,0.0,1.0
0.0231087,-0.0221957,-0.525,0.0176062,0.0918919,-0.496139,0.0,0.0,1.0
0.0223967,-0.0244076,-0.526179,0.0197683,0.0885328,-0.494208,0.0,0.0,1.0
0.0216848,-0.0266304,-0.527359,0.0218919,0.0851737,-0.492278,0.0,0.0,1.0
0.0209674,-0.0288478,-0.528533,0.0240347,0.081834,-0.490348,0.0,0.0,1.0
0.0202663,-0.0310707,-0.529712,0.0261969,0.0784749,-0.488417,0.0,0.0,1.0
0.0195489,-0.033288,-0.530886,0.0283398,0.0751351,-0.486486,0.0,0.0,1.0
0.018837,-0.0355109,-0.532065,0.0304826,0.0717954,-0.484556,0.0,0.0,1.0
0.0181196,-0.0377283,-0.533239,0.0326255,0.0684556,-0.482625,0.0,0.0,1.0
0.0174076,-0.0399402,-0.534418,0.0347876,0.0650965,-0.480695,0.0,0.0,1.0
0.0166957,-0.042163,-0.535598,0.0369112,0.0617375,-0.478764,0.0,0.0,1.0
0.0159783,-0.0443804,-0.536772,0.0390541,0.0583977,-0.476834,0.0,0.0,1.0
0.0152717,-0.0465978,-0.537957,0.0411969,0.0550579,-0.474903,0.0,0.0,1.0
0.0145543,-0.0488152,-0.53913,0.0433591,0.0516988,-0.472973,0.0,0.0,1.0
0.0134946,-0.0505054,-0.540375,0.0453764,0.0477124,-0.471091,0.0,0.0,1.0
0.0522011,0.0124402,-0.541614,-0.0437066,0.0474131,-0.469228,0.0,0.0,1.0
0.0538913,0.0113804,-0.542859,-0.0397201,0.0494498,-0.467346,0.0,0.0,1.0
0.0555761,0.0103261,-0.544098,-0.0357239,0.0514768,-0.465473,0.0,0.0,1.0
0.0572663,0.00925543,-0.545342,-0.0317278,0.0535039,-0.4636,0.0,0.0,1.0
0.0589511,0.00820109,-0.546582,-0.027722,0.0555405,-0.464421,0.0,0.0,1.0
0.0647391,0.013587,-0.535674,-0.0526834,0.0526834,-0.468263,0.0,0.0,1.0
0.060875,0.00564674,-0.548505,-0.018668,0.0574324,-0.466448,0.0,0.0,1.0
0.0611087,0.00416304,-0.549185,-0.01361,0.0572973,-0.467664,0.0,0.0,1.0
0.061337,0.00266304,-0.54987,-0.00853282,0.0571429,-0.46888,0.0,0.0,1.0
0.0615652,0.00117391,-0.550543,-0.0034749,0.0569884,-0.470077,0.0,0.0,1.0
0.0640109,0.000130435,-0.54925,-0.000444015,0.0612741,-0.474112,0.0,0.0,1.0
0.0640706,0.000690217,-0.550647,-0.00230695,0.0602606,-0.472809,0.0,0.0,1.0
0.0622554,-0.00330978,-0.552582,0.0117085,0.0565734,-0.473697,0.0,0.0,1.0
0.0629239,-0.00141304,-0.548902,0.00440154,0.0638996,-0.47417,0.0,0.0,1.0
0.0625761,-0.00582609,-0.555076,0.0213224,0.0555502,-0.475975,0.0,0.0,1.0
0.0626848,-0.00684783,-0.55688,0.0258784,0.0546622,-0.477056,0.0,0.0,1.0
0.0627826,-0.00786956,-0.558696,0.0304247,0.0537838,-0.478108,0.0,0.0,1.0
0.062875,-0.00889674,-0.560505,0.0349614,0.0529151,-0.479189,0.0,0.0,1.0
0.0629674,-0.00991304,-0.562315,0.0395174,0.052027,-0.48027,0.0,0.0,1.0
0.0630652,-0.0109348,-0.56413,0.0440637,0.0511486,-0.481342,0.0,0.0,1.0
0.063163,-0.0119565,-0.565946,0.04861,0.050251,-0.482413,0.0,0.0,1.0
0.0129891,0.0632609,-0.56775,-0.0493822,0.053166,-0.483475,0.0,0.0,1.0
0.0140109,0.0633587,-0.569565,-0.0485135,0.0577027,-0.484556,0.0,0.0,1.0
0.0134022,0.0644565,-0.571924,-0.0489575,0.0555019,-0.486313,0.0,0.0,1.0
0.0127989,0.0655598,-0.574277,-0.0494015,0.0533012,-0.488108,0.0,0.0,1.0
0.0121957,0.0666522,-0.57663,-0.0498456,0.0511004,-0.489865,0.0,0.0,1.0
0.06775,-0.011587,-0.578989,0.04889,0.0502992,-0.491631,0.0,0.0,1.0
0.0688533,-0.0109837,-0.581342,0.0466892,0.0507432,-0.493407,0.0,0.0,1.0
0.0688261,-0.0108913,-0.583696,0.0466602,0.0503668,-0.495174,0.0,0.0,1.0
0.0688152,-0.0107935,-0.586043,0.0466216,0.0499807,-0.49695,0.0,0.0,1.0
0.0687935,-0.0106957,-0.588402,0.0465927,0.0496042,-0.498716,0.0,0.0,1.0
0.0687717,-0.0105978,-0.590761,0.0465637,0.0492085,-0.500483,0.0,0.0,1.0
0.0687609,-0.0105,-0.593109,0.0465251,0.0488417,-0.502239,0.0,0.0,1.0
0.0687391,-0.0104022,-0.595467,0.0464961,0.0484653,-0.504025,0.0,0.0,1.0
0.0687174,-0.0103043,-0.597826,0.0464672,0.0480888,-0.505791,0.0,0.0,1.0
0.068587,-0.0107717,-0.598098,0.0469112,0.0495753,-0.507722,0.0,0.0,1.0
0.0684457,-0.01125,-0.59837,0.0473359,0.0510811,-0.509652,0.0,0.0,1.0
0.0683043,-0.0117065,-0.598641,0.0477799,0.0525676,-0.511583,0.0,0.0,1.0
0.068163,-0.0121848,-0.598913,0.0482239,0.0540541,-0.513514,0.0,0.0,1.0
0.0680326,-0.0126522,-0.599185,0.0486486,0.0555598,-0.515444,0.0,0.0,1.0
0.0678913,-0.0131304,-0.599457,0.0490927,0.0570463,-0.517375,0.0,0.0,1.0
0.06775,-0.013587,-0.599728,0.0495174,0.0585521,-0.519305,0.0,0.0,1.0
0.0676087,-0.0140652,-0.6,0.0499614,0.0600386,-0.521236,0.0,0.0,1.0
0.0675272,-0.0136902,-0.600484,0.0486293,0.0599614,-0.522954,0.0,0.0,1.0
0.0674511,-0.0133207,-0.600962,0.047307,0.0598938,-0.524662,0.0,0.0,1.0
0.0673696,-0.0129457,-0.601446,0.0459846,0.0598263,-0.52639,0.0,0.0,1.0
0.067288,-0.0125707,-0.601929,0.0446525,0.059749,-0.528108,0.0,0.0,1.0
0.067212,-0.0122011,-0.602418,0.0433301,0.0596815,-0.529817,0.0,0.0,1.0
0.0671304,-0.0118261,-0.602891,0.0419981,0.0596042,-0.531535,0.0,0.0,1.0
0.0670435,-0.0114457,-0.60338,0.040666,0.0595463,-0.533253,0.0,0.0,1.0
0.0669674,-0.0110761,-0.60387,0.0393436,0.0594788,-0.534961,0.0,0.0,1.0
0.0668913,-0.0106957,-0.604348,0.0380116,0.0594015,-0.53668,0.0,0.0,1.0
0.0650707,-0.00854891,-0.606679,0.0310425,0.0607336,-0.53861,0.0,0.0,1.0
0.06325,-0.0063913,-0.609011,0.0240347,0.0620656,-0.540541,0.0,0.0,1.0
0.0629565,9.78261e-05,-0.598707,-0.000299228,0.0682915,-0.537944,0.0,0.0,1.0
0.0596196,-0.00208696,-0.613663,0.0100772,0.0647104,-0.544402,0.0,0.0,1.0
0.0601413,0.00294565,-0.609087,-0.00905405,0.0617375,-0.541757,0.0,0.0,1.0
0.0542989,0.0116033,-0.616125,-0.0335521,0.0592278,-0.539382,0.0,0.0,1.0
0.0522337,0.0155924,-0.620429,-0.0441863,0.0581438,-0.541831,0.0,0.0,1.0
0.0524239,0.0101304,-0.620446,-0.0272654,0.061416,-0.549177,0.0,0.0,1.0
0.0489783,0.0136413,-0.625293,-0.0404237,0.0521612,-0.541968,0.0,0.0,1.0
0.0153804,-0.0460761,-0.633696,0.0450193,0.0553475,-0.542954,0.0,0.0,1.0
0.0190435,-0.0433696,-0.638043,0.0371429,0.0701544,-0.540541,0.0,0.0,1.0
0.0198478,-0.0400978,-0.641576,0.034556,0.0717954,-0.540058,0.0,0.0,1.0
0.0212826,-0.0419674,-0.639359,0.0426805,0.0660396,-0.53243,0.0,0.0,1.0
0.0213913,-0.0404348,-0.643261,0.0382693,0.0712809,-0.532555,0.0,0.0,1.0
0.0196413,-0.039413,-0.646163,0.036306,0.0672519,-0.539781,0.0,0.0,1.0
0.0230543,-0.0269565,-0.655707,0.0242471,0.0782818,-0.538127,0.0,0.0,1.0
0.0238478,-0.0236739,-0.659239,0.0216795,0.0799035,-0.537645,0.0,0.0,1.0
0.0246413,-0.0203913,-0.662772,0.0190927,0.0815444,-0.537162,0.0,0.0,1.0
0.0254457,-0.0170978,-0.666304,0.0165251,0.083166,-0.53668,0.0,0.0,1.0
0.0218043,-0.0249783,-0.664261,0.0196892,0.0872761,-0.533801,0.0,0.0,1.0
0.0169402,-0.0193533,-0.673505,0.0115212,0.0897838,-0.523317,0.0,0.0,1.0
0.0202989,-0.0303098,-0.672538,0.02164,0.0897095,-0.525945,0.0,0.0,1.0
0.0196739,-0.0226522,-0.676761,0.0168919,0.0832046,-0.520328,0.0,0.0,1.0
0.0200652,-0.0291413,-0.678011,0.0202432,0.091112,-0.52227,0.0,0.0,1.0
0.0221957,-0.0202935,-0.680793,0.0170946,0.082249,-0.530241,0.0,0.0,1.0
0.021663,-0.0208261,-0.683206,0.0171815,0.0821043,-0.52917,0.0,0.0,1.0
0.0211196,-0.0213587,-0.68563,0.017278,0.0819498,-0.528108,0.0,0.0,1.0
0.020587,-0.0218913,-0.688043,0.0173552,0.0817954,-0.527027,0.0,0.0,1.0
0.0274674,-0.00833696,-0.689696,0.00824614,0.0876187,-0.540843,0.0,0.0,1.0
0.0203533,-0.0219511,-0.692082,0.0170849,0.082529,-0.530888,0.0,0.0,1.0
0.0245761,-0.0191522,-0.691554,0.0170454,0.0871226,-0.542663,0.0,0.0,1.0
0.016087,-0.0376087,-0.692565,0.027416,0.0696361,-0.530524,0.0,0.0,1.0
0.0172174,-0.0395761,-0.694402,0.02936,0.073221,-0.530692,0.0,0.0,1.0
0.0159348,-0.0375652,-0.697761,0.0301158,0.0626834,-0.530521,0.0,0.0,1.0
0.0197826,-0.0221087,-0.702174,0.0163514,0.084305,-0.540541,0.0,0.0,1.0
0.0201359,-0.0229402,-0.703147,0.0172008,0.0848842,-0.540541,0.0,0.0,1.0
0.0198859,-0.0319293,-0.703592,0.0248436,0.0806351,-0.539882,0.0,0.0,1.0
0.020837,-0.0246196,-0.705109,0.0189189,0.0860232,-0.540541,0.0,0.0,1.0
0.0211848,-0.0254457,-0.706087,0.0197683,0.0865637,-0.540541,0.0,0.0,1.0
0.0215435,-0.0262826,-0.707065,0.0206178,0.0871429,-0.540541,0.0,0.0,1.0
0.0218967,-0.027125,-0.708038,0.0214865,0.0877027,-0.540541,0.0,0.0,1.0
0.02225,-0.0279674,-0.709022,0.0223359,0.0882819,-0.540541,0.0,0.0,1.0
0.0225978,-0.0287935,-0.71,0.0231853,0.088861,-0.540541,0.0,0.0,1.0
0.0229565,-0.0296304,-0.710978,0.0240347,0.0894015,-0.540541,0.0,0.0,1.0
0.0233152,-0.0304674,-0.711957,0.0248842,0.0899807,-0.540541,0.0,0.0,1.0
0.0227446,-0.0336033,-0.714266,0.0288031,0.0860811,-0.537896,0.0,0.0,1.0
0.0221848,-0.0367391,-0.716576,0.0327027,0.0821815,-0.535232,0.0,0.0,1.0
0.0216304,-0.0398696,-0.718891,0.0366023,0.0782818,-0.532568,0.0,0.0,1.0
0.0454418,0.0216049,-0.719159,-0.0578793,0.0534971,-0.524308,0.0,0.0,1.0
0.0205109,-0.0461413,-0.7235,0.0444112,0.0704923,-0.527268,0.0,0.0,1.0
0.0517723,0.0196636,-0.721827,-0.0532625,0.0602896,-0.52139,0.0,0.0,1.0
0.0193967,-0.0524076,-0.728125,0.0522201,0.0627027,-0.52195,0.0,0.0,1.0
0.0547467,0.0205728,-0.722888,-0.0557886,0.0636844,-0.521908,0.0,0.0,1.0
0.0570332,0.0206092,-0.729164,-0.0653851,0.0567172,-0.524922,0.0,0.0,1.0
0.0586304,0.0161413,-0.73525,-0.0504054,0.0605212,-0.519846,0.0,0.0,1.0
0.0601739,0.0148043,-0.737652,-0.0461969,0.0627027,-0.520135,0.0,0.0,1.0
0.0617174,0.0134565,-0.740065,-0.0419884,0.0649035,-0.520405,0.0,0.0,1.0
0.0711984,0.00337772,-0.739688,-0.00957529,0.0790347,-0.52166,0.0,0.0,1.0
0.0648152,0.0107609,-0.74488,-0.0335907,0.069305,-0.520965,0.0,0.0,1.0
0.0663587,0.00942391,-0.747283,-0.0294015,0.0714865,-0.521236,0.0,0.0,1.0
0.0679022,0.00807609,-0.749696,-0.0251931,0.0736873,-0.521506,0.0,0.0,1.0
0.0694511,0.00672283,-0.752092,-0.0210039,0.075888,-0.521795,0.0,0.0,1.0
0.0709891,0.00538043,-0.7545,-0.0167954,0.0780888,-0.522066,0.0,0.0,1.0
0.072538,0.00403804,-0.756908,-0.0125965,0.0802799,-0.522346,0.0,0.0,1.0
0.0740815,0.00269022,-0.759321,-0.00839768,0.082471,-0.522606,0.0,0.0,1.0
0.0734217,0.0143804,-0.754976,-0.0415627,0.0801342,-0.51996,0.0,0.0,1.0
0.0751207,0.0132522,-0.757132,-0.037833,0.0830068,-0.519069,0.0,0.0,1.0
0.0790978,0.00207826,-0.761304,-0.00569015,0.0913079,-0.525381,0.0,0.0,1.0
0.0772391,0.000836957,-0.771859,-0.00238417,0.0866313,-0.521342,0.0,0.0,1.0
0.073013,0.017837,-0.767415,-0.051222,0.0801988,-0.521183,0.0,0.0,1.0
0.0773152,0.00166304,-0.779587,-0.00476834,0.0863707,-0.519517,0.0,0.0,1.0
0.0773533,0.00208152,-0.783451,-0.00596525,0.0862548,-0.518591,0.0,0.0,1.0
0.0773859,0.00250543,-0.78731,-0.00715251,0.0861293,-0.517693,0.0,0.0,1.0
0.0605092,0.0273158,-0.785542,-0.0701158,0.0743629,-0.513977,0.0,0.0,1.0
0.0652864,0.0245255,-0.787852,-0.0656921,0.076889,-0.512507,0.0,0.0,1.0
0.0342723,-0.0595255,-0.786536,0.074112,0.086834,-0.508745,0.0,0.0,1.0
0.0335734,-0.0585842,-0.793856,0.0707152,0.087723,-0.506391,0.0,0.0,1.0
0.0376082,-0.0570603,-0.794582,0.0726071,0.0932249,-0.50197,0.0,0.0,1.0
0.0290207,-0.0650424,-0.801434,0.074362,0.0800763,-0.505752,0.0,0.0,1.0
0.0324886,-0.0638114,-0.805148,0.0748629,0.0873533,-0.501407,0.0,0.0,1.0
0.0367679,-0.0624527,-0.805442,0.0766458,0.0944836,-0.497418,0.0,0.0,1.0
0.0833435,0.00885217,-0.810278,-0.0269691,0.086332,-0.508475,0.0,0.0,1.0
0.0383185,-0.0554565,-0.810555,0.0714044,0.0938948,-0.496153,0.0,0.0,1.0
0.0401076,-0.0634739,-0.812975,0.0797471,0.100693,-0.481485,0.0,0.0,1.0
0.0821902,0.00641848,-0.825853,-0.01861,0.0894208,-0.503127,0.0,0.0,1.0
0.0827772,0.00670109,-0.828734,-0.0194498,0.0898938,-0.501766,0.0,0.0,1.0
0.0833587,0.00697826,-0.83162,-0.0202799,0.0903571,-0.500415,0.0,0.0,1.0
0.0661451,0.0333092,-0.825305,-0.0850637,0.0816853,-0.493539,0.0,0.0,1.0
0.0824174,-0.00528043,-0.83283,0.0147577,0.0929624,-0.508986,0.0,0.0,1.0
0.0773804,0.0058587,-0.83913,-0.0164961,0.0859363,-0.50138,0.0,0.0,1.0
0.0760543,0.00618478,-0.841304,-0.0168726,0.0868533,-0.502761,0.0,0.0,1.0
0.0747283,0.00651087,-0.843478,-0.0172394,0.0877799,-0.504131,0.0,0.0,1.0
0.0734022,0.00683696,-0.845652,-0.0176255,0.0887066,-0.505521,0.0,0.0,1.0
0.0720652,0.00717391,-0.847826,-0.0180019,0.0896236,-0.506902,0.0,0.0,1.0
0.0707391,0.0075,-0.85,-0.0183784,0.0905405,-0.508263,0.0,0.0,1.0
0.069413,0.00782609,-0.852174,-0.0187645,0.0914672,-0.509652,0.0,0.0,1.0
0.0609891,0.00583696,-0.855435,-0.0162548,0.0908687,-0.51029,0.0,0.0,1.0
0.0441147,-0.0328245,-0.852198,0.046082,0.0991129,-0.509441,0.0,0.0,1.0
0.0403109,-0.0323446,-0.857103,0.0411776,0.0998649,-0.505058,0.0,0.0,1.0
0.0387087,-0.0319815,-0.860623,0.0367635,0.106223,-0.501474,0.0,0.0,1.0
0.0346484,-0.0325092,-0.863421,0.0351969,0.10095,-0.500544,0.0,0.0,1.0
0.0342467,-0.0294228,-0.867065,0.0297336,0.106876,-0.494907,0.0,0.0,1.0
0.0333554,-0.0241424,-0.868293,0.0218523,0.116254,-0.486022,0.0,0.0,1.0
0.0308696,-0.0127065,-0.86988,0.0113514,0.110154,-0.493089,0.0,0.0,1.0
0.0305435,-0.0120761,-0.868946,0.0106178,0.111139,-0.488707,0.0,0.0,1.0
0.0302174,-0.0114457,-0.868011,0.00988417,0.112124,-0.484286,0.0,0.0,1.0
0.0299022,-0.0108043,-0.867076,0.00915058,0.113108,-0.479865,0.0,0.0,1.0
0.0295815,-0.0101793,-0.866147,0.00839768,0.114093,-0.475463,0.0,0.0,1.0
0.0292609,-0.00954348,-0.865217,0.00766409,0.115077,-0.471042,0.0,0.0,1.0
0.0293696,-0.0124457,-0.866207,0.00990347,0.115753,-0.463494,0.0,0.0,1.0
0.0294783,-0.0153261,-0.867196,0.0121525,0.116419,-0.455956,0.0,0.0,1.0
0.029587,-0.0182283,-0.868185,0.0144208,0.117104,-0.448398,0.0,0.0,1.0
0.0297011,-0.0211141,-0.869168,0.0166602,0.11778,-0.440849,0.0,0.0,1.0
0.0298098,-0.0240054,-0.870158,0.0189189,0.118456,-0.43332,0.0,0.0,1.0
0.0299185,-0.0268967,-0.871147,0.0211776,0.119131,-0.425753,0.0,0.0,1.0
0.0300272,-0.029788,-0.872136,0.0234266,0.119817,-0.418214,0.0,0.0,1.0
0.0301304,-0.0326848,-0.87312,0.0256757,0.120483,-0.410676,0.0,0.0,1.0
0.0302446,-0.0355707,-0.874114,0.0279344,0.121178,-0.403127,0.0,0.0,1.0
0.0303478,-0.0384674,-0.875098,0.0301737,0.121853,-0.395579,0.0,0.0,1.0
0.0304674,-0.0413587,-0.876087,0.0324324,0.12251,-0.388031,0.0,0.0,1.0
0.0321196,-0.0437283,-0.876087,0.0365541,0.122963,-0.38279,0.0,0.0,1.0
0.0337826,-0.0461087,-0.876087,0.0406564,0.123417,-0.377548,0.0,0.0,1.0
0.0354239,-0.0484891,-0.876087,0.0447876,0.123861,-0.372317,0.0,0.0,1.0
0.037087,-0.0508696,-0.876087,0.0488996,0.124305,-0.367066,0.0,0.0,1.0
0.0387391,-0.0532391,-0.876087,0.0530019,0.124739,-0.361824,0.0,0.0,1.0
0.0404022,-0.0556196,-0.876087,0.0571236,0.125193,-0.356602,0.0,0.0,1.0
0.0420543,-0.0579891,-0.876087,0.0612355,0.125637,-0.351351,0.0,0.0,1.0
0.0406848,-0.0609022,-0.876196,0.0638996,0.121931,-0.346718,0.0,0.0,1.0
0.0392935,-0.0638152,-0.876304,0.0665444,0.118243,-0.342085,0.0,0.0,1.0
0.0379022,-0.0667283,-0.876413,0.0692278,0.114556,-0.337452,0.0,0.0,1.0
0.0365163,-0.0696467,-0.876516,0.0718919,0.110849,-0.332819,0.0,0.0,1.0
0.0351304,-0.0725652,-0.87663,0.0745367,0.107162,-0.328185,0.0,0.0,1.0
0.0343152,-0.0732717,-0.87413,0.0749324,0.105203,-0.325087,0.0,0.0,1.0
0.0334891,-0.0739674,-0.87163,0.0753089,0.103263,-0.322008,0.0,0.0,1.0
0.0326739,-0.0746739,-0.86913,0.075695,0.101293,-0.318919,0.0,0.0,1.0
0.0318478,-0.0753913,-0.86663,0.0760811,0.0993629,-0.31583,0.0,0.0,1.0
0.0310217,-0.076087,-0.86413,0.0764672,0.0973938,-0.312741,0.0,0.0,1.0
0.0290272,-0.076038,-0.86444,0.0771429,0.0906178,-0.310618,0.0,0.0,1.0
0.0270217,-0.0759891,-0.86475,0.0778185,0.0838224,-0.308514,0.0,0.0,1.0
0.0759457,0.0250326,-0.865065,-0.0770463,0.0784942,-0.30639,0.0,0.0,1.0
0.0795978,0.0239891,-0.861565,-0.0732336,0.0830019,-0.306535,0.0,0.0,1.0
0.0832609,0.0229457,-0.858076,-0.0694112,0.0875,-0.30667,0.0,0.0,1.0
0.0869076,0.0219076,-0.854582,-0.0655888,0.0919981,-0.306805,0.0,0.0,1.0
0.0905652,0.0208696,-0.851087,-0.0617568,0.0965058,-0.30695,0.0,0.0,1.0
0.0905435,0.0192826,-0.85,-0.0570849,0.0964865,-0.304459,0.0,0.0,1.0
0.0905217,0.0176957,-0.848913,-0.0524035,0.0964575,-0.301979,0.0,0.0,1.0
0.0905054,0.016125,-0.847832,-0.047722,0.0964479,-0.299498,0.0,0.0,1.0
0.0904783,0.0145435,-0.846739,-0.0430405,0.0964189,-0.297017,0.0,0.0,1.0
0.0904565,0.0129565,-0.845652,-0.0383591,0.0964093,-0.294537,0.0,0.0,1.0
0.0904348,0.0113696,-0.844565,-0.033668,0.0963707,-0.292046,0.0,0.0,1.0
0.0904239,0.00979348,-0.843478,-0.0289768,0.0963513,-0.289575,0.0,0.0,1.0
0.090212,0.00921196,-0.841538,-0.0272876,0.095917,-0.288967,0.0,0.0,1.0
0.0900109,0.0086413,-0.839587,-0.0255792,0.0954633,-0.28834,0.0,0.0,1.0
0.0898098,0.00805978,-0.837647,-0.0238803,0.0950193,-0.287741,0.0,0.0,1.0
0.0896087,0.00748913,-0.835707,-0.0221622,0.0945753,-0.287124,0.0,0.0,1.0
0.0894022,0.00691304,-0.83375,-0.0204537,0.0941409,-0.286515,0.0,0.0,1.0
0.0891957,0.00633696,-0.831815,-0.0187548,0.0936969,-0.285898,0.0,0.0,1.0
0.089,0.00576087,-0.82987,-0.017056,0.0932529,-0.28528,0.0,0.0,1.0
0.0887935,0.00518478,-0.827935,-0.0153475,0.0927992,-0.284672,0.0,0.0,1.0
0.088587,0.0046087,-0.825978,-0.0136293,0.0923552,-0.284054,0.0,0.0,1.0
0.0892527,0.0099125,-0.817709,-0.0289575,0.0964286,-0.288668,0.0,0.0,1.0
0.0881848,0.00345652,-0.819989,-0.0102317,0.0914672,-0.283784,0.0,0.0,1.0
0.0879783,0.00288043,-0.815924,-0.00851351,0.0910232,-0.284093,0.0,0.0,1.0
0.087581,0.0130549,-0.811179,-0.0378861,0.0952027,-0.282519,0.0,0.0,1.0
0.0875652,0.00172826,-0.807815,-0.00511583,0.0901351,-0.284749,0.0,0.0,1.0
0.0873696,0.00115217,-0.803761,-0.00341699,0.0896911,-0.285077,0.0,0.0,1.0
0.0871522,0.000576087,-0.799707,-0.00169884,0.0892471,-0.285386,0.0,0.0,1.0
0.0897152,0.00157609,-0.791617,-0.00446911,0.0999324,-0.282847,0.0,0.0,1.0
0.0844293,0.00109239,-0.792027,-0.00291506,0.088166,-0.285714,0.0,0.0,1.0
0.081913,0.00218478,-0.788402,-0.00581081,0.0875483,-0.285714,0.0,0.0,1.0
0.0793913,0.00328261,-0.784783,-0.00872587,0.0869112,-0.285714,0.0,0.0,1.0
0.0768696,0.00436957,-0.781152,-0.0116216,0.0862934,-0.285714,0.0,0.0,1.0
0.0743424,0.00546196,-0.777538,-0.014556,0.0856757,-0.285714,0.0,0.0,1.0
0.0718152,0.00655435,-0.773913,-0.017471,0.0850386,-0.285714,0.0,0.0,1.0
0.0689293,0.00792935,-0.772908,-0.0214961,0.0812452,-0.285994,0.0,0.0,1.0
0.0661902,0.00920109,-0.771897,-0.0251544,0.0778764,-0.286274,0.0,0.0,1.0
0.0634565,0.0104783,-0.770891,-0.028832,0.0745077,-0.286535,0.0,0.0,1.0
0.0607228,0.0117554,-0.769875,-0.0325097,0.071139,-0.286815,0.0,0.0,1.0
0.058,0.0129674,-0.768859,-0.0359363,0.0680212,-0.287095,0.0,0.0,1.0
0.05525,0.0142391,-0.767859,-0.0396042,0.0646429,-0.287365,0.0,0.0,1.0
0.0525109,0.0155109,-0.766848,-0.0432819,0.0612741,-0.287645,0.0,0.0,1.0
0.0497174,0.0168152,-0.765837,-0.0469498,0.0579151,-0.287915,0.0,0.0,1.0
0.0469674,0.0181739,-0.764837,-0.0507819,0.0544305,-0.288195,0.0,0.0,1.0
0.0194837,-0.0442772,-0.763821,0.0509459,0.0545946,-0.288475,0.0,0.0,1.0
0.0207554,-0.0415489,-0.76281,0.0475869,0.0582625,-0.288745,0.0,0.0,1.0
0.0219348,-0.0388478,-0.761804,0.0442471,0.0618147,-0.289035,0.0,0.0,1.0
0.0232065,-0.0361087,-0.760794,0.040888,0.0654826,-0.289305,0.0,0.0,1.0
0.0246522,-0.033413,-0.759783,0.0374131,0.0694595,-0.289575,0.0,0.0,1.0
0.0250435,-0.0306304,-0.757826,0.0336873,0.0729923,-0.288803,0.0,0.0,1.0
0.0254185,-0.0278533,-0.755875,0.0299614,0.0765251,-0.288031,0.0,0.0,1.0
0.0258043,-0.0250652,-0.753913,0.0262355,0.0800579,-0.287259,0.0,0.0,1.0
0.0261848,-0.0222935,-0.751957,0.0225097,0.0835907,-0.286486,0.0,0.0,1.0
0.0265761,-0.0195109,-0.75,0.0187838,0.0871236,-0.285714,0.0,0.0,1.0
0.026087,-2.22045e-16,-0.752174,0.0,0.0810811,-0.297297,0.0,0.0,1.0
0.0358696,-1.66533e-16,-0.738043,0.0,0.0733591,-0.285714,0.0,0.0,1.0
0.0271739,0.0304348,-0.722826,-0.0482625,0.0540541,-0.272201,0.0,0.0,1.0
0.05175,-0.00405435,-0.719565,0.00920849,0.0805985,-0.269305,0.0,0.0,1.0
0.0632609,-0.0081087,-0.716304,0.018417,0.0878378,-0.260618,0.0,0.0,1.0
0.0689565,-0.00731522,-0.70788,0.0176062,0.0880116,-0.255309,0.0,0.0,1.0
0.0746467,-0.00652717,-0.699451,0.0167954,0.0881467,-0.25,0.0,0.0,1.0
0.080337,-0.00573913,-0.691033,0.0160039,0.0883012,-0.244691,0.0,0.0,1.0
0.0860326,-0.00494565,-0.682609,0.0151737,0.0884556,-0.239382,0.0,0.0,1.0
0.0870543,-0.00443478,-0.669837,0.0140347,0.0856371,-0.235039,0.0,0.0,1.0
0.0880652,-0.00391304,-0.657065,0.0128958,0.0828185,-0.230695,0.0,0.0,1.0
0.089087,-0.00340217,-0.644293,0.0117568,0.08,-0.226351,0.0,0.0,1.0
0.0900978,-0.00288043,-0.631522,0.0105985,0.0772008,-0.222008,0.0,0.0,1.0
0.0900217,-0.0026413,-0.61875,0.00984556,0.0759266,-0.219595,0.0,0.0,1.0
0.0899239,-0.00240217,-0.605978,0.00905405,0.0746525,-0.217181,0.0,0.0,1.0
0.089837,-0.00215217,-0.593207,0.00830116,0.0733784,-0.214768,0.0,0.0,1.0
0.0897391,-0.00191304,-0.580435,0.00750965,0.0721042,-0.212355,0.0,0.0,1.0
0.0898098,-0.00163587,-0.570027,0.00644788,0.0725483,-0.210425,0.0,0.0,1.0
0.0898804,-0.0013587,-0.55963,0.0053668,0.0730116,-0.208494,0.0,0.0,1.0
0.0899511,-0.00109239,-0.549223,0.00428571,0.0734749,-0.206564,0.0,0.0,1.0
0.0900163,-0.000820652,-0.538821,0.00322394,0.0739189,-0.204633,0.0,0.0,1.0
0.0900815,-0.000548913,-0.528418,0.00214286,0.0743822,-0.202703,0.0,0.0,1.0
0.0901522,-0.000271739,-0.518011,0.00108108,0.0748263,-0.200772,0.0,0.0,1.0
0.0902174,-1.11022e-16,-0.507609,0.0,0.0752896,-0.198842,0.0,0.0,1.0
0.0927609,-0.00643478,-0.500326,0.0230695,0.081583,-0.201178,0.0,0.0,1.0
0.0902446,0.000418478,-0.487614,-0.00150579,0.075695,-0.196544,0.0,0.0,1.0
0.0910326,-0.00295652,-0.481207,0.0109266,0.0779151,-0.19973,0.0,0.0,1.0
0.0905598,0.000711957,-0.468614,-0.0027027,0.0753089,-0.197857,0.0,0.0,1.0
0.0955761,-0.000630435,-0.462815,0.00247104,0.0765058,-0.202259,0.0,0.0,1.0
0.0903152,0.00125,-0.447609,-0.00448842,0.0764961,-0.19194,0.0,0.0,1.0
0.0917391,0.000630435,-0.440609,-0.00265444,0.0683494,-0.191052,0.0,0.0,1.0
0.0903478,0.00166304,-0.42762,-0.00598456,0.0768919,-0.189633,0.0,0.0,1.0
0.0906848,0.00625,-0.422565,-0.024305,0.0736293,-0.186467,0.0,0.0,1.0
0.0904457,0.0016087,-0.410554,-0.00571429,0.0773359,-0.189073,0.0,0.0,1.0
0.0904946,0.00157065,-0.402027,-0.00557915,0.0775676,-0.188784,0.0,0.0,1.0
0.0905435,0.00154348,-0.3935,-0.00543436,0.0778089,-0.188504,0.0,0.0,1.0
0.090587,0.00151087,-0.384967,-0.00530888,0.0780502,-0.188224,0.0,0.0,1.0
0.0906413,0.00148913,-0.376435,-0.00516409,0.0782722,-0.187944,0.0,0.0,1.0
0.0906902,0.00145109,-0.367897,-0.00503861,0.0784942,-0.187664,0.0,0.0,1.0
0.0907391,0.00141304,-0.35937,-0.00489382,0.0787162,-0.187384,0.0,0.0,1.0
0.0907935,0.0013913,-0.350837,-0.00475869,0.0789479,-0.187095,0.0,0.0,1.0
0.090837,0.0013587,-0.342304,-0.0046139,0.0791892,-0.186815,0.0,0.0,1.0
0.0907228,0.0019837,-0.334299,-0.00687259,0.0792664,-0.186139,0.0,0.0,1.0
0.0906196,0.0026087,-0.326293,-0.00909266,0.0793629,-0.185483,0.0,0.0,1.0
0.0905,0.00322826,-0.318293,-0.0113417,0.0794498,-0.184817,0.0,0.0,1.0
0.0903913,0.00384783,-0.310283,-0.0135811,0.079527,-0.184141,0.0,0.0,1.0
0.090288,0.00447283,-0.302277,-0.0158205,0.0796236,-0.183465,0.0,0.0,1.0
0.0901739,0.00509783,-0.294272,-0.0180598,0.0797201,-0.182809,0.0,0.0,1.0
0.0900706,0.00572283,-0.286266,-0.0202896,0.0798069,-0.182143,0.0,0.0,1.0
0.0899565,0.00634783,-0.278261,-0.0225483,0.0798842,-0.181467,0.0,0.0,1.0
0.0896739,0.00463043,-0.268478,-0.0155405,0.084305,-0.19112,0.0,0.0,1.0
