0.0683344,-0.00653906,-0.639709,0.00194375,0.407294,-0.322821,0.0,0.0,1.0
0.0675844,-0.0136125,-0.681044,0.00412813,0.395584,-0.375806,0.0,0.0,1.0
0.0794391,-0.000501562,-0.738919,0.00018125,0.406181,-0.396163,0.0,0.0,1.0
0.0669188,-0.0106828,-0.756622,0.0033,0.3862,-0.369925,0.0,0.0,1.0
0.0855422,0.00150938,-0.719497,-0.000578125,0.387147,-0.400306,0.0,0.0,1.0
0.102117,-0.0156609,-0.767669,0.00748438,0.380659,-0.391856,0.0,0.0,1.0
0.11007,-0.00986016,-0.757092,0.00488125,0.394331,-0.363054,0.0,0.0,1.0
0.105113,-0.0249516,-0.734978,0.0116219,0.401253,-0.360835,0.0,0.0,1.0
0.109908,-0.0129844,-0.714797,0.00624375,0.406837,-0.386392,0.0,0.0,1.0
0.111002,-0.0111961,-0.709352,0.0053375,0.411644,-0.420388,0.0,0.0,1.0
0.1125,-1.11022e-16,-0.6875,0.0,0.40625,-0.4375,0.0,0.0,1.0
0.0938531,0.0366516,-0.680384,-0.0170344,0.359041,-0.480552,0.0,0.0,1.0
0.081607,0.025732,-0.568898,-0.0101281,0.368641,-0.38876,0.0,0.0,1.0
0.106392,0.0371437,-0.540072,-0.0171906,0.408553,-0.426244,0.0,0.0,1.0
0.0971719,0.0193594,-0.564263,-0.00808438,0.413459,-0.437194,0.0,0.0,1.0
0.105356,0.0222141,-0.436981,-0.00993125,0.418956,-0.448758,0.0,0.0,1.0
0.0964711,-0.00169922,-0.342814,0.00069375,0.418456,-0.428596,0.0,0.0,1.0
0.0764742,0.020393,-0.388952,-0.00645625,0.429325,-0.487888,0.0,0.0,1.0
0.0754031,-0.00620625,-0.447725,0.00194063,0.428284,-0.485115,0.0,0.0,1.0
0.0823312,0.00239062,-0.404919,-0.0008,0.438325,-0.503383,0.0,0.0,1.0
0.0941953,0.0314437,-0.419762,-0.0121781,0.432228,-0.495569,0.0,0.0,1.0
0.0988102,-0.0131602,-0.440839,0.00545,0.423912,-0.472875,0.0,0.0,1.0
0.0970594,0.00164531,-0.436175,-0.000671875,0.434222,-0.430856,0.0,0.0,1.0
0.1032,-0.0181969,-0.393488,0.00774687,0.431184,-0.374123,0.0,0.0,1.0
0.093068,0.00652266,-0.493227,-0.00259063,0.412666,-0.329819,0.0,0.0,1.0
0.0931172,0.00415781,-0.5001,-0.0017375,0.399338,-0.371142,0.0,0.0,1.0
0.0833859,0.0209578,-0.45055,-0.00695625,0.4464,-0.476871,0.0,0.0,1.0
0.0829547,0.0301594,-0.483297,-0.0103937,0.427944,-0.539358,0.0,0.0,1.0
0.0813609,0.0067125,-0.516803,-0.00179089,0.423385,-0.575327,0.0,0.0,1.0
0.0923391,0.000707812,-0.567913,-0.00013125,0.43292,-0.56708,0.0,0.0,1.0
0.0944133,-0.0193758,-0.551767,0.0036,0.445643,-0.554357,0.0,0.0,1.0
0.0924563,-0.0138281,-0.490225,0.00513125,0.4428,-0.513488,0.0,0.0,1.0
0.0830297,-0.00602344,-0.441869,0.00199375,0.445087,-0.494862,0.0,0.0,1.0
0.0924445,-0.0139617,-0.376817,0.00489375,0.469031,-0.497158,0.0,0.0,1.0
0.0896719,-0.0016875,-0.299344,0.000571875,0.467059,-0.527435,0.0,0.0,1.0
0.0841172,-0.00817969,-0.211453,0.0026625,0.460175,-0.48435,0.0,0.0,1.0
0.0994219,0.0202031,-0.24125,-0.0077375,0.462056,-0.503263,0.0,0.0,1.0
0.117188,-2.77556e-17,-0.253125,0.0,0.45,-0.516667,0.0,0.0,1.0
0.115172,-0.00553125,-0.132344,0.00252188,0.449778,-0.466619,0.0,0.0,1.0
0.121617,0.00241406,-0.0812031,-0.00114375,0.445494,-0.452163,0.0,0.0,1.0
0.111656,-0.0570938,-0.0254375,0.0249375,0.454544,-0.432571,0.0,0.0,1.0
0.0960469,-0.02925,-0.00465625,0.0107781,0.462134,-0.42584,0.0,0.0,1.0
0.0908672,-0.0102422,0.00420312,0.00355625,0.466644,-0.423137,0.0,0.0,1.0
0.0925781,-0.0144844,-0.021625,0.00573438,0.415466,-0.48276,0.0,0.0,1.0
0.100453,0.00759375,0.00328125,-0.00294062,0.460791,-0.460652,0.0,0.0,1.0
0.119578,0.00276563,0.00625,-0.00129687,0.456334,-0.427098,0.0,0.0,1.0
0.113836,0.00846094,-0.180672,-0.003675,0.467862,-0.4072,0.0,0.0,1.0
0.119623,-0.0248883,-0.287342,0.011175,0.474387,-0.425883,0.0,0.0,1.0
0.100392,-0.00582656,-0.316553,0.002125,0.490687,-0.435125,0.0,0.0,1.0
0.115786,0.0124594,-0.310066,-0.00524062,0.489716,-0.422977,0.0,0.0,1.0
0.109453,-0.005625,-0.285969,0.00147865,0.500404,-0.498827,0.0,0.0,1.0
0.111,0.0031875,-0.279188,-0.00065,0.452908,-0.547092,0.0,0.0,1.0
0.106523,-0.0187266,-0.266766,0.0037125,0.456747,-0.543253,0.0,0.0,1.0
0.102187,-0.0269063,-0.21775,0.00695781,0.478002,-0.518239,0.0,0.0,1.0
0.115336,-0.0206484,-0.184453,0.0089,0.475412,-0.508883,0.0,0.0,1.0
0.107203,-0.0272813,-0.181219,0.0115937,0.44895,-0.461283,0.0,0.0,1.0
0.10268,-0.0220547,-0.247703,0.0083,0.486069,-0.441171,0.0,0.0,1.0
0.0878438,-0.0210469,-0.263281,0.0068625,0.480319,-0.422713,0.0,0.0,1.0
0.104864,-0.0129891,-0.304628,0.00482812,0.500091,-0.455435,0.0,0.0,1.0
0.106118,-0.0169617,-0.30012,0.00646563,0.493872,-0.497052,0.0,0.0,1.0
0.10875,-0.00510937,-0.152406,0.00209688,0.470847,-0.505615,0.0,0.0,1.0
0.114281,0.00192188,-0.0885938,-0.000409375,0.471308,-0.528692,0.0,0.0,1.0
0.106406,0.0324375,-0.121063,-0.00724115,0.503935,-0.493639,0.0,0.0,1.0
0.0954844,0.0148594,-0.12125,-0.00513437,0.491434,-0.442623,0.0,0.0,1.0
0.104953,0.0043125,-0.137469,-0.00161562,0.501609,-0.397823,0.0,0.0,1.0
0.112125,0.0225469,-0.143406,-0.00880312,0.510722,-0.36719,0.0,0.0,1.0
0.110859,-0.00225,-0.0982187,0.000871875,0.509247,-0.311498,0.0,0.0,1.0
0.111164,-0.00119531,-0.0484219,0.00044375,0.521781,-0.213979,0.0,0.0,1.0
0.129562,-0.00998437,-0.0592187,0.00455312,0.507222,-0.16194,0.0,0.0,1.0
0.127617,-0.00222656,-0.170391,0.00099375,0.509519,-0.185679,0.0,0.0,1.0
0.124945,-0.00185156,-0.138453,0.00081875,0.496019,-0.266138,0.0,0.0,1.0
0.11318,-0.00742969,-0.174016,0.00293125,0.509663,-0.264567,0.0,0.0,1.0
0.108656,-0.0360937,-0.246562,0.0138531,0.504266,-0.21926,0.0,0.0,1.0
0.112573,-0.00413203,-0.311298,0.00160313,0.523134,-0.33159,0.0,0.0,1.0
0.109692,0.0003,-0.335691,-0.000121875,0.519791,-0.278694,0.0,0.0,1.0
0.113578,-0.00960938,-0.270687,0.003725,0.524506,-0.205421,0.0,0.0,1.0
0.113625,0.00834375,-0.211375,-0.0032875,0.517237,-0.141617,0.0,0.0,1.0
0.108844,-0.00665625,-0.149062,0.00254062,0.510203,-0.0942604,0.0,0.0,1.0
0.110672,0.0314531,-0.094375,-0.0121094,0.511472,-0.109898,0.0,0.0,1.0
0.0889687,-0.00539062,-0.00984375,0.00157187,0.540316,-0.0680021,0.0,0.0,1.0
0.102469,-0.00853125,-0.0838125,0.0028125,0.552656,-0.154563,0.0,0.0,1.0
0.109148,0.00466406,-0.0302969,-0.00173125,0.529312,-0.181625,0.0,0.0,1.0
0.139313,0.0015,0.0380625,-0.00068125,0.54145,-0.210008,0.0,0.0,1.0
0.129609,0.00942187,0.0853125,-0.00405937,0.535672,-0.229323,0.0,0.0,1.0
0.120656,-0.00801563,0.144656,0.00312813,0.546797,-0.238115,0.0,0.0,1.0
0.116836,0.00414844,0.203266,-0.00167188,0.520966,-0.209935,0.0,0.0,1.0
0.114937,0.0373594,0.179531,-0.0143094,0.533816,-0.191085,0.0,0.0,1.0
0.114773,0.0514453,0.155547,-0.0201687,0.521137,-0.21155,0.0,0.0,1.0
0.103078,0.00295312,0.163625,-0.00103438,0.534366,-0.205952,0.0,0.0,1.0
0.114352,-0.00171094,0.157891,0.00063125,0.545331,-0.250638,0.0,0.0,1.0
0.111539,0.00110156,-0.0996094,-0.0004,0.516581,-0.193638,0.0,0.0,1.0
0.119531,0.00257813,-0.180719,-0.00105,0.528131,-0.344463,0.0,0.0,1.0
0.107039,-0.000773437,-0.121578,0.0002625,0.528769,-0.325346,0.0,0.0,1.0
0.104625,-0.00928125,-0.101812,0.00312813,0.551528,-0.335019,0.0,0.0,1.0
0.116602,-0.0244453,-0.0812656,0.00885937,0.572959,-0.38639,0.0,0.0,1.0
0.135562,-0.00778125,-0.0859375,0.00331563,0.566053,-0.369827,0.0,0.0,1.0
0.135094,0.00628125,-0.072875,-0.00267188,0.565734,-0.311031,0.0,0.0,1.0
0.147445,-0.000820312,0.0109844,0.00036875,0.575356,-0.283237,0.0,0.0,1.0
0.150375,0.0113906,0.00196875,-0.0057375,0.532525,-0.26985,0.0,0.0,1.0
0.136359,0.000703125,-0.0350625,-0.00031875,0.531494,-0.259288,0.0,0.0,1.0
0.125742,0.0143672,-0.0327969,-0.00585,0.551106,-0.298238,0.0,0.0,1.0
0.121219,0.00164062,-0.0117188,-0.000628125,0.556197,-0.287131,0.0,0.0,1.0
0.121336,-0.00494531,-0.0450781,0.00191562,0.563978,-0.375444,0.0,0.0,1.0
0.123117,0.0295078,-0.0684844,-0.005875,0.523383,-0.476617,0.0,0.0,1.0
0.143086,-0.00166406,0.150984,0.00040625,0.529522,-0.470478,0.0,0.0,1.0
0.12757,-0.0209766,0.188516,0.00950313,0.500834,-0.485223,0.0,0.0,1.0
0.119719,0.0244219,0.199156,-0.00762917,0.522142,-0.472537,0.0,0.0,1.0
0.120281,0.00117188,0.232031,-0.000484375,0.545678,-0.437952,0.0,0.0,1.0
0.122742,0.00883594,0.257797,-0.0034375,0.560888,-0.363967,0.0,0.0,1.0
0.123516,0.00614063,0.161313,-0.00226875,0.592462,-0.351392,0.0,0.0,1.0
0.113695,0.0155859,0.182734,-0.00532188,0.591453,-0.332677,0.0,0.0,1.0
0.130617,0.0176016,0.171328,-0.00725937,0.562522,-0.301598,0.0,0.0,1.0
0.123797,0.0290156,0.1385,-0.0111969,0.569803,-0.27791,0.0,0.0,1.0
0.122414,-0.00588281,-0.0244531,0.00227812,0.557272,-0.272515,0.0,0.0,1.0
0.118219,0.0148594,-0.0674687,-0.00564063,0.551766,-0.288594,0.0,0.0,1.0
0.102727,0.0159609,-0.140141,-0.00501563,0.579409,-0.228106,0.0,0.0,1.0
0.113812,0.00848437,-0.138156,-0.00295938,0.575266,-0.232552,0.0,0.0,1.0
0.116297,0.0253594,-0.14425,-0.00924063,0.568128,-0.237419,0.0,0.0,1.0
0.132609,0.0290625,-0.162656,-0.012375,0.5532,-0.201633,0.0,0.0,1.0
0.146297,0.0039375,-0.117844,-0.00186563,0.552784,-0.238773,0.0,0.0,1.0
0.133922,0.00698437,0.00075,-0.0029625,0.556313,-0.22125,0.0,0.0,1.0
0.120187,0.0122813,0.046875,-0.00458125,0.570737,-0.211283,0.0,0.0,1.0
0.113438,-0.00529687,0.0305937,0.00187813,0.566322,-0.238965,0.0,0.0,1.0
0.120609,-0.002625,0.0137188,0.000984375,0.579303,-0.251869,0.0,0.0,1.0
0.118453,0.019125,0.00996875,-0.00712813,0.564647,-0.377015,0.0,0.0,1.0
0.127055,0.0257109,0.0193281,-0.0105437,0.551444,-0.429254,0.0,0.0,1.0
0.118148,0.0210234,0.186453,-0.00759271,0.544718,-0.448222,0.0,0.0,1.0
0.121148,-0.00283594,0.210922,0.00115937,0.540472,-0.427273,0.0,0.0,1.0
0.111727,-0.00180469,0.219109,0.00066875,0.556687,-0.358417,0.0,0.0,1.0
0.107672,0.0141563,0.189031,-0.00476875,0.567094,-0.329646,0.0,0.0,1.0
0.116109,-0.002625,0.173906,0.000996875,0.544466,-0.352894,0.0,0.0,1.0
0.121453,-0.0105469,0.1535,0.004025,0.563237,-0.324575,0.0,0.0,1.0
0.125016,0.0009375,0.160219,-0.000378125,0.554966,-0.30531,0.0,0.0,1.0
0.135211,0.00733594,0.0873281,-0.00358437,0.488803,-0.39066,0.0,0.0,1.0
0.115687,0.0159844,-0.0252813,-0.00635625,0.517987,-0.382325,0.0,0.0,1.0
0.114797,0.0336094,-0.066375,-0.0123125,0.557344,-0.377271,0.0,0.0,1.0
0.127406,-0.00951563,0.0138437,0.0019375,0.538518,-0.461482,0.0,0.0,1.0
0.121594,-0.0200625,-0.0353125,0.003875,0.551968,-0.448032,0.0,0.0,1.0
0.118008,-0.0371484,0.00282812,0.00703125,0.546661,-0.453339,0.0,0.0,1.0
0.120281,0.00796875,-0.0031875,-0.00299687,0.567622,-0.380081,0.0,0.0,1.0
