0.272311,-0.00446934,0.0835495,0.0121146,0.313448,0.229302,0.0,0.0,1.0
0.273373,-0.000507075,0.0829599,0.0014375,0.300771,0.229667,0.0,0.0,1.0
0.273373,-0.000695755,0.0880307,0.00195833,0.301,0.22575,0.0,0.0,1.0
0.270159,0.00026533,0.0866333,-0.000760417,0.299135,0.224031,0.0,0.0,1.0
0.27513,0.00104953,0.0858019,-0.00304167,0.296458,0.215833,0.0,0.0,1.0
0.269292,-0.000247641,0.0820165,0.000666667,0.304917,0.207208,0.0,0.0,1.0
0.26832,-0.000454009,0.0809493,0.00125,0.301521,0.195354,0.0,0.0,1.0
0.26855,-0.000341981,0.0803066,0.00096875,0.297281,0.195781,0.0,0.0,1.0
0.265525,-0.000442217,0.0767983,0.00119792,0.30199,0.188281,0.0,0.0,1.0
0.268149,0.000471698,0.0782193,-0.0013125,0.300187,0.178917,0.0,0.0,1.0
0.266722,0.00106132,0.0776887,-0.00295833,0.296792,0.178458,0.0,0.0,1.0
0.264953,0.000212264,0.0764623,-0.00059375,0.299969,0.174906,0.0,0.0,1.0
0.264752,-5.89623e-05,0.077217,0.000145833,0.300333,0.172396,0.0,0.0,1.0
0.262447,0.000961085,0.0777535,-0.00266667,0.29625,0.170292,0.0,0.0,1.0
0.264045,0.000778302,0.076592,-0.00214583,0.299396,0.168833,0.0,0.0,1.0
0.262518,-0.00111439,0.07852,0.00304167,0.299333,0.161458,0.0,0.0,1.0
0.26418,-0.000418632,0.0804068,0.00114583,0.298333,0.167187,0.0,0.0,1.0
0.267241,-0.000330189,0.0792925,0.000895833,0.303708,0.159146,0.0,0.0,1.0
0.253225,0.00393278,0.0695224,-0.0104896,0.296594,0.153906,0.0,0.0,1.0
0.265153,-0.000978774,0.0810377,0.00266667,0.306104,0.147021,0.0,0.0,1.0
0.264116,-0.000188679,0.0801297,0.000520833,0.301208,0.152938,0.0,0.0,1.0
0.264823,-0.00352594,0.0802123,0.00939583,0.309729,0.146125,0.0,0.0,1.0
0.26365,-0.000170991,0.0806073,0.0004375,0.315271,0.152292,0.0,0.0,1.0
0.261097,-0.00564859,0.0782075,0.0147812,0.31124,0.142302,0.0,0.0,1.0
0.26454,-0.00350236,0.0802358,0.00934375,0.309177,0.152469,0.0,0.0,1.0
0.269652,-0.00100825,0.0821757,0.00273958,0.307594,0.18651,0.0,0.0,1.0
0.265802,-0.000507075,0.0924882,0.00141667,0.299854,0.206813,0.0,0.0,1.0
0.270171,-0.00116156,0.0923408,0.00316667,0.309708,0.227375,0.0,0.0,1.0
0.2724,2.94811e-05,0.0915743,-8.33333e-05,0.308458,0.241875,0.0,0.0,1.0
0.270696,0.0015566,0.0913325,-0.00429167,0.305917,0.247083,0.0,0.0,1.0
0.272524,0.000483491,0.0938325,-0.00134375,0.305052,0.260323,0.0,0.0,1.0
0.264847,-0.00270047,0.0869104,0.00721875,0.308927,0.25974,0.0,0.0,1.0
0.26737,0.00106132,0.0804363,-0.00295833,0.30125,0.26625,0.0,0.0,1.0
0.267217,0.00317217,0.097158,-0.00880208,0.300885,0.264156,0.0,0.0,1.0
0.261173,1.76887e-05,0.0719517,-6.25e-05,0.312104,0.266917,0.0,0.0,1.0
0.269882,-0.000471698,0.0246462,0.00135417,0.297896,0.250167,0.0,0.0,1.0
0.264039,0.000395047,0.00669222,-0.0010625,0.298354,0.247792,0.0,0.0,1.0
0.2673,-0.000601415,0.044033,0.00161458,0.309573,0.242552,0.0,0.0,1.0
0.268231,-0.000165094,0.0760142,0.000458333,0.312354,0.250688,0.0,0.0,1.0
0.270955,0.00313679,0.0646344,-0.00885417,0.299688,0.240042,0.0,0.0,1.0
0.274304,0.00143868,0.0562146,-0.00408333,0.301083,0.233708,0.0,0.0,1.0
0.26375,-0.00121462,0.0492571,0.00327083,0.304688,0.232708,0.0,0.0,1.0
0.262889,-0.00313679,0.0427948,0.00845833,0.304646,0.231479,0.0,0.0,1.0
0.268479,-0.00196934,0.0488208,0.00539583,0.306146,0.225458,0.0,0.0,1.0
0.269393,-0.000430425,0.0487323,0.0011875,0.305562,0.223125,0.0,0.0,1.0
0.272913,-0.000176887,0.0476887,0.000489583,0.303906,0.221531,0.0,0.0,1.0
0.265342,-0.00121462,0.0451887,0.00329167,0.3055,0.225,0.0,0.0,1.0
0.260702,0.000465802,0.0406899,-0.00125,0.304479,0.228854,0.0,0.0,1.0
0.272748,-0.00110849,0.0286203,0.003125,0.302208,0.230417,0.0,0.0,1.0
0.275224,0.0064033,0.0220755,-0.0178021,0.308594,0.234552,0.0,0.0,1.0
0.277017,0.00632075,0.0121108,-0.0181875,0.300292,0.223188,0.0,0.0,1.0
0.276061,0.00145047,0.00387972,-0.004,0.312937,0.227896,0.0,0.0,1.0
0.279233,0.00378538,-0.00716981,-0.0107292,0.307042,0.218896,0.0,0.0,1.0
0.276191,0.0039033,-0.0209198,-0.01075,0.313396,0.225938,0.0,0.0,1.0
0.27033,-0.000400943,-0.029717,0.00107292,0.313698,0.217094,0.0,0.0,1.0
0.273107,0.00089033,-0.0363856,-0.00245833,0.308354,0.212646,0.0,0.0,1.0
0.27283,-0.000294811,-0.0474646,0.000770833,0.314479,0.212042,0.0,0.0,1.0
0.270059,-0.00325472,-0.0578892,0.00839583,0.3265,0.213021,0.0,0.0,1.0
0.272117,0.000760613,-0.0655601,-0.00208333,0.311083,0.198333,0.0,0.0,1.0
0.278709,0.00533608,-0.0705837,-0.0153229,0.302969,0.20251,0.0,0.0,1.0
0.276268,-0.00035967,-0.0806899,0.00101042,0.30874,0.186052,0.0,0.0,1.0
0.275189,0.000247641,-0.0846108,-0.000677083,0.308844,0.186906,0.0,0.0,1.0
0.273473,0.00100825,-0.0928833,-0.00272917,0.316063,0.177917,0.0,0.0,1.0
0.275755,0.00271226,-0.100613,-0.00771875,0.302573,0.171219,0.0,0.0,1.0
0.27115,0.00649175,-0.103202,-0.018125,0.303375,0.167542,0.0,0.0,1.0
0.273945,0.000489387,-0.0956073,-0.00138542,0.304344,0.162135,0.0,0.0,1.0
0.274157,0.00142099,-0.0882724,-0.00389583,0.312687,0.157833,0.0,0.0,1.0
0.274611,-0.000683962,-0.0768514,0.001875,0.313812,0.154687,0.0,0.0,1.0
0.281427,0.00408019,-0.0652476,-0.011875,0.301688,0.150188,0.0,0.0,1.0
0.276309,0.00496462,-0.0695991,-0.0139792,0.305917,0.142854,0.0,0.0,1.0
0.270926,0.000229953,-0.072105,-0.000645833,0.301854,0.144083,0.0,0.0,1.0
0.276863,0.00557783,-0.0731486,-0.0160313,0.300427,0.143323,0.0,0.0,1.0
0.274245,0.00264151,-0.0837736,-0.00747917,0.302083,0.146521,0.0,0.0,1.0
0.269192,-7.66509e-05,-0.0852653,0.000208333,0.303833,0.147167,0.0,0.0,1.0
0.266073,-0.00213443,-0.0883962,0.00579167,0.305729,0.142271,0.0,0.0,1.0
0.269587,0.00314858,-0.0890094,-0.00865625,0.305531,0.13849,0.0,0.0,1.0
0.269434,0.000660377,-0.0932311,-0.00177083,0.312896,0.128208,0.0,0.0,1.0
0.265442,0.000961085,-0.103874,-0.00257292,0.309344,0.129115,0.0,0.0,1.0
0.267406,0.000212264,-0.101108,-0.0005625,0.312396,0.117125,0.0,0.0,1.0
0.267612,-0.00104363,-0.107647,0.00272917,0.321521,0.108833,0.0,0.0,1.0
0.265825,0.00200472,-0.10816,-0.0053125,0.311771,0.0866667,0.0,0.0,1.0
0.269493,0.00150943,-0.103927,-0.00403125,0.314448,0.0721354,0.0,0.0,1.0
0.263833,0.00147406,-0.106439,-0.00383333,0.314375,0.0595833,0.0,0.0,1.0
0.266875,0.0035967,-0.104882,-0.00976042,0.306281,0.0496562,0.0,0.0,1.0
0.259847,0.000389151,-0.111509,-0.001,0.310125,0.048125,0.0,0.0,1.0
0.260425,-0.000625,-0.109965,0.00158333,0.320333,0.0385833,0.0,0.0,1.0
0.265607,0.0010908,-0.108732,-0.00285417,0.316583,0.0286875,0.0,0.0,1.0
0.268066,0.0090684,-0.101498,-0.0248438,0.305365,0.0184062,0.0,0.0,1.0
0.254298,0.00355542,-0.0862795,-0.00904167,0.312229,0.00685417,0.0,0.0,1.0
0.246745,0.00791274,-0.0724646,-0.0200417,0.303937,0.0107708,0.0,0.0,1.0
0.248437,0.00627948,-0.0750295,-0.0158958,0.306375,0.00160417,0.0,0.0,1.0
0.26309,0.00645047,-0.0719222,-0.017125,0.308896,-0.0091875,0.0,0.0,1.0
0.253243,0.00487028,-0.0792689,-0.0124063,0.310635,-0.00948958,0.0,0.0,1.0
0.250383,0.00709316,-0.0831545,-0.0178958,0.309792,-0.0091875,0.0,0.0,1.0
0.252807,0.00838443,-0.0730542,-0.0216875,0.305104,0.00304167,0.0,0.0,1.0
0.256722,0.0111792,-0.0670519,-0.0294792,0.303771,0.0167917,0.0,0.0,1.0
0.236999,0.00880307,-0.0799233,-0.0217813,0.29901,0.0348438,0.0,0.0,1.0
0.236993,0.00630896,-0.0772406,-0.0155208,0.300521,0.0523333,0.0,0.0,1.0
0.23316,0.00222877,-0.065625,-0.00529167,0.306646,0.0796458,0.0,0.0,1.0
0.247093,0.00912146,-0.0509965,-0.0228125,0.308354,0.113792,0.0,0.0,1.0
0.248337,0.00448113,-0.0489741,-0.011,0.316063,0.160354,0.0,0.0,1.0
0.236321,0.00728774,-0.0559198,-0.017375,0.309458,0.191583,0.0,0.0,1.0
0.233538,-0.000731132,-0.0520283,0.001625,0.326729,0.221646,0.0,0.0,1.0
0.242353,2.94811e-05,-0.0412205,-6.25e-05,0.324167,0.263312,0.0,0.0,1.0
0.242571,0.0078066,-0.0470991,-0.0189583,0.311625,0.282292,0.0,0.0,1.0
0.235985,0.00113797,-0.037954,-0.00258333,0.325687,0.311687,0.0,0.0,1.0
0.237093,-0.000666274,-0.0243573,0.00147917,0.331271,0.336958,0.0,0.0,1.0
0.239623,0.00125,-0.0238443,-0.0029375,0.320729,0.370333,0.0,0.0,1.0
0.240224,0.00213443,-0.0191509,-0.00503125,0.31799,0.380219,0.0,0.0,1.0
0.245,0.00433962,-0.0138915,-0.0105833,0.313354,0.392146,0.0,0.0,1.0
0.241975,0.00388561,-0.00323703,-0.00947917,0.309583,0.404687,0.0,0.0,1.0
0.24921,0.0078184,0.00900943,-0.0198229,0.307073,0.422781,0.0,0.0,1.0
0.248337,0.00319575,0.00955189,-0.00775,0.32,0.436917,0.0,0.0,1.0
0.240578,0.000801887,0.00329009,-0.00210417,0.283646,0.482458,0.0,0.0,1.0
0.239699,0.00658609,0.0101002,-0.0170417,0.289333,0.493625,0.0,0.0,1.0
0.242264,-0.000471698,0.0252123,0.00121875,0.294427,0.510969,0.0,0.0,1.0
0.24217,0.000625,0.0414269,-0.00160417,0.294833,0.513062,0.0,0.0,1.0
0.241963,0.000430425,0.0389564,-0.00110417,0.295708,0.525104,0.0,0.0,1.0
0.2452,-0.00537736,0.0445401,0.0139583,0.294917,0.535417,0.0,0.0,1.0
0.246026,0.00137972,0.0470755,-0.00361458,0.293281,0.535594,0.0,0.0,1.0
0.248054,0.00233491,0.0442807,-0.00616667,0.293521,0.534729,0.0,0.0,1.0
0.248721,0.00230542,0.0419281,-0.00605208,0.295594,0.535865,0.0,0.0,1.0
0.252087,0.00166274,0.0480189,-0.00445833,0.293958,0.538625,0.0,0.0,1.0
0.250584,0.00164505,0.0494399,-0.004375,0.29325,0.52925,0.0,0.0,1.0
0.250537,-0.000737028,0.0497111,0.00194792,0.29549,0.53174,0.0,0.0,1.0
0.253762,0.000365566,0.0459906,-0.000989583,0.295323,0.521031,0.0,0.0,1.0
0.256279,0.0096875,0.044888,-0.0267083,0.290104,0.512521,0.0,0.0,1.0
0.255513,0.00532429,0.0432252,-0.0147604,0.287823,0.505365,0.0,0.0,1.0
0.255908,0.00808962,0.0412618,-0.0221042,0.292333,0.500479,0.0,0.0,1.0
0.258373,0.0106604,0.0379953,-0.0299583,0.287125,0.4875,0.0,0.0,1.0
0.257936,0.00670991,0.0334198,-0.0185625,0.290979,0.487792,0.0,0.0,1.0
0.261203,0.00332547,0.040566,-0.00936458,0.289698,0.484156,0.0,0.0,1.0
0.260088,0.0119399,0.0351238,-0.0336875,0.287688,0.476625,0.0,0.0,1.0
0.260283,0.011875,0.0366156,-0.0339167,0.284375,0.485625,0.0,0.0,1.0
0.261633,0.00807193,0.040855,-0.0227917,0.289,0.507167,0.0,0.0,1.0
0.260767,0.0131368,0.0390684,-0.0372083,0.287354,0.518896,0.0,0.0,1.0
0.264475,0.0157488,0.0403125,-0.0452917,0.286979,0.511896,0.0,0.0,1.0
0.262665,0.011533,0.0392217,-0.0330104,0.286281,0.516156,0.0,0.0,1.0
0.263007,0.0143632,0.0319458,-0.0407083,0.289583,0.51,0.0,0.0,1.0
0.264817,0.0149941,0.0355719,-0.0427187,0.290073,0.504823,0.0,0.0,1.0
0.264151,0.0150472,0.0426179,-0.0427812,0.290073,0.510865,0.0,0.0,1.0
0.263502,0.00931604,0.0427005,-0.0266458,0.2875,0.514146,0.0,0.0,1.0
0.262854,0.0181132,0.0373113,-0.0513854,0.289281,0.507323,0.0,0.0,1.0
0.262777,0.0196521,0.0322465,-0.0557292,0.289167,0.504313,0.0,0.0,1.0
0.263432,0.0195047,0.0324175,-0.0553333,0.289833,0.499792,0.0,0.0,1.0
0.262223,0.0188502,0.04023,-0.0537708,0.286896,0.494667,0.0,0.0,1.0
0.261881,0.0149941,0.0482842,-0.0432396,0.283365,0.483448,0.0,0.0,1.0
0.26293,0.0172936,0.04773,-0.0494479,0.287073,0.474344,0.0,0.0,1.0
0.261981,0.0164858,0.0546934,-0.0463646,0.290885,0.469031,0.0,0.0,1.0
0.258107,0.010112,0.0785436,-0.0276875,0.294354,0.468375,0.0,0.0,1.0
0.259351,0.0147642,0.0938797,-0.0414792,0.288167,0.500979,0.0,0.0,1.0
0.260702,0.0160318,0.0907606,-0.0450833,0.289292,0.563083,0.0,0.0,1.0
0.259976,0.0111203,0.0955542,-0.0308958,0.291979,0.588583,0.0,0.0,1.0
0.2602,0.0151887,0.0970637,-0.0428646,0.287885,0.585385,0.0,0.0,1.0
0.260755,0.0223231,0.0953892,-0.0638333,0.284542,0.6005,0.0,0.0,1.0
0.261144,0.0192807,0.0917453,-0.0541146,0.290427,0.608865,0.0,0.0,1.0
0.260466,0.014829,0.0880248,-0.0425208,0.283625,0.614563,0.0,0.0,1.0
0.260507,0.0168514,0.0833962,-0.0470833,0.291146,0.624979,0.0,0.0,1.0
0.26059,0.0221108,0.0738561,-0.0626146,0.28726,0.617802,0.0,0.0,1.0
0.262541,0.0188856,0.0989799,-0.0531979,0.290885,0.621219,0.0,0.0,1.0
0.26112,0.0186321,0.126781,-0.05125,0.296292,0.626167,0.0,0.0,1.0
0.261162,0.0182017,0.119393,-0.0499792,0.296875,0.628771,0.0,0.0,1.0
0.262453,0.0157075,0.108797,-0.0431458,0.298333,0.618229,0.0,0.0,1.0
0.26089,0.0101828,0.109004,-0.0275938,0.300427,0.631198,0.0,0.0,1.0
0.263078,0.0148113,0.0816863,-0.0409792,0.296854,0.620667,0.0,0.0,1.0
0.261439,0.0104717,0.0607075,-0.0285833,0.29875,0.612875,0.0,0.0,1.0
0.26329,0.0232429,0.0750943,-0.0657083,0.290688,0.602104,0.0,0.0,1.0
0.264746,0.0212205,0.1026,-0.0594167,0.295188,0.593229,0.0,0.0,1.0
0.26533,0.0249528,0.112193,-0.0695833,0.296937,0.578521,0.0,0.0,1.0
0.260501,0.0195342,0.0889092,-0.0520625,0.305104,0.563833,0.0,0.0,1.0
0.264027,0.0300884,0.0547583,-0.0810833,0.305813,0.515896,0.0,0.0,1.0
0.259882,0.00707547,0.0467453,-0.0184792,0.310771,0.486417,0.0,0.0,1.0
0.265271,0.0216627,0.0390094,-0.0571042,0.314042,0.437479,0.0,0.0,1.0
0.264611,0.0255542,0.0259198,-0.0693333,0.304417,0.414667,0.0,0.0,1.0
0.265619,0.029263,0.0164917,-0.0799896,0.303281,0.437552,0.0,0.0,1.0
0.264121,0.0301474,0.0155248,-0.0805937,0.308344,0.440073,0.0,0.0,1.0
0.261551,0.0247347,0.0169281,-0.0653854,0.308844,0.432656,0.0,0.0,1.0
0.261097,0.0224764,0.0190448,-0.0591563,0.309656,0.398885,0.0,0.0,1.0
0.260755,0.0189976,0.0506958,-0.0492396,0.31399,0.321219,0.0,0.0,1.0
0.259682,0.0235259,0.0569811,-0.061875,0.308125,0.215167,0.0,0.0,1.0
0.257535,0.0269458,0.0630189,-0.0701667,0.308604,0.100938,0.0,0.0,1.0
0.259198,0.0255778,0.0794929,-0.0680625,0.303979,0.0294167,0.0,0.0,1.0
0.257665,0.0185024,0.0932901,-0.0482292,0.308521,-0.0392083,0.0,0.0,1.0
0.257311,0.0333962,0.104057,-0.0885208,0.303042,-0.151646,0.0,0.0,1.0
0.257276,0.034033,0.0966391,-0.0900833,0.303396,-0.162396,0.0,0.0,1.0
0.256745,0.0210731,0.0948231,-0.05525,0.305729,-0.103937,0.0,0.0,1.0
0.25684,0.0228892,0.120908,-0.0603229,0.304156,-0.110969,0.0,0.0,1.0
0.256008,0.0274587,0.163603,-0.0716354,0.306281,-0.16551,0.0,0.0,1.0
0.253408,0.0269693,0.153042,-0.0687729,0.310127,-0.230481,0.0,0.0,1.0
0.252547,0.0151533,0.111686,-0.038325,0.311721,-0.291054,0.0,0.0,1.0
0.248508,0.0144752,0.0882488,-0.0357146,0.314281,-0.342906,0.0,0.0,1.0
0.250059,0.0191038,0.0923467,-0.0483323,0.308436,-0.403311,0.0,0.0,1.0
0.252246,0.0182252,0.103508,-0.0463708,0.309379,-0.460921,0.0,0.0,1.0
0.246209,0.0101002,0.113355,-0.0241865,0.320941,-0.482961,0.0,0.0,1.0
0.248125,0.0224057,0.108667,-0.055901,0.310343,-0.47678,0.0,0.0,1.0
0.245483,0.0159788,0.0767217,-0.0396,0.309067,-0.431129,0.0,0.0,1.0
0.245389,0.0194222,0.0681604,-0.0467885,0.317922,-0.398214,0.0,0.0,1.0
0.24013,0.00226415,0.0806958,-0.00516146,0.329347,-0.388555,0.0,0.0,1.0
0.24556,0.0171521,0.0844399,-0.0414969,0.316857,-0.404399,0.0,0.0,1.0
0.236775,0.00274175,0.0811851,-0.00624271,0.325645,-0.412145,0.0,0.0,1.0
0.242358,0.0131486,0.0791156,-0.0314167,0.316665,-0.396165,0.0,0.0,1.0
0.23263,-0.000365566,0.0858019,0.000809375,0.329634,-0.389739,0.0,0.0,1.0
0.239104,0.0111675,0.100861,-0.0261594,0.318807,-0.370682,0.0,0.0,1.0
0.237895,0.00857901,0.10898,-0.0200219,0.318276,-0.321922,0.0,0.0,1.0
0.238892,0.0104363,0.120814,-0.0246354,0.316135,-0.233615,0.0,0.0,1.0
0.232488,5.89623e-05,0.129788,-0.000145833,0.3205,-0.145521,0.0,0.0,1.0
0.233437,0.00264741,0.144322,-0.00604167,0.319125,-0.0612083,0.0,0.0,1.0
0.238868,0.0185495,0.151262,-0.0440625,0.314042,0.0136042,0.0,0.0,1.0
0.23829,0.019941,0.131651,-0.0476667,0.310979,0.0873958,0.0,0.0,1.0
0.238131,0.0255366,0.15227,-0.06025,0.314938,0.153771,0.0,0.0,1.0
0.239233,0.0280425,0.19079,-0.0682083,0.306979,0.160812,0.0,0.0,1.0
0.235307,0.0149057,0.186297,-0.0349792,0.312708,0.161104,0.0,0.0,1.0
0.235825,0.0160967,0.1423,-0.0376354,0.314823,0.145552,0.0,0.0,1.0
0.234988,0.0209906,0.101262,-0.0495417,0.310604,0.159104,0.0,0.0,1.0
0.235153,0.0211792,0.0969458,-0.0497187,0.312781,0.175385,0.0,0.0,1.0
0.234322,0.0220224,0.121409,-0.0508021,0.31701,0.164802,0.0,0.0,1.0
0.231421,0.0156309,0.125772,-0.0340625,0.331542,0.152854,0.0,0.0,1.0
0.234434,0.0353538,0.0975943,-0.0841771,0.30726,0.18124,0.0,0.0,1.0
0.236321,0.0375943,0.0790566,-0.0900208,0.308042,0.216479,0.0,0.0,1.0
0.236244,0.0347347,0.0713149,-0.0827708,0.309375,0.235188,0.0,0.0,1.0
0.235177,0.0381722,0.0568868,-0.0903542,0.31,0.265646,0.0,0.0,1.0
0.235165,0.0326179,0.0445991,-0.0748333,0.319917,0.302,0.0,0.0,1.0
0.236946,0.050342,0.0373113,-0.122229,0.304604,0.325458,0.0,0.0,1.0
0.233768,0.0406427,0.0347347,-0.0953021,0.311135,0.349156,0.0,0.0,1.0
0.234422,0.0519929,0.0475708,-0.125417,0.303333,0.361833,0.0,0.0,1.0
0.235212,0.0517217,0.0589858,-0.123812,0.306667,0.380771,0.0,0.0,1.0
0.231834,0.0590271,0.0678597,-0.142333,0.300104,0.379021,0.0,0.0,1.0
0.23079,0.0693396,0.0774646,-0.173979,0.287083,0.358604,0.0,0.0,1.0
0.232518,0.0666568,0.0827182,-0.166521,0.290479,0.352,0.0,0.0,1.0
0.175212,0.126592,0.0822995,-0.348896,0.198417,0.330646,0.0,0.0,1.0
0.179475,0.123072,0.080737,-0.338208,0.203854,0.333896,0.0,0.0,1.0
0.22895,0.049658,0.083066,-0.114073,0.311115,0.393573,0.0,0.0,1.0
0.202983,-0.000872642,0.0914976,0.00141667,0.388667,0.399917,0.0,0.0,1.0
0.128992,-0.166244,0.0932017,0.181969,0.367823,0.394135,0.0,0.0,1.0
0.133255,-0.157866,0.0921344,0.174156,0.37699,0.407135,0.0,0.0,1.0
0.0772524,-0.224375,0.0975,0.281958,0.191854,0.452521,0.0,0.0,1.0
0.00279481,-0.20158,0.0697759,0.389031,0.00453125,0.462635,0.0,0.0,1.0
-0.15023,-0.134062,0.050454,0.383687,-0.163833,0.466854,0.0,0.0,1.0
-0.109169,-0.147636,0.0624705,0.413979,-0.121521,0.503458,0.0,0.0,1.0
-0.0411792,-0.175967,0.0757547,0.411594,-0.0549479,0.537281,0.0,0.0,1.0
-0.122064,-0.14375,0.0700118,0.408865,-0.133948,0.538031,0.0,0.0,1.0
-0.136274,-0.137087,0.066875,0.396229,-0.147146,0.562667,0.0,0.0,1.0
-0.102695,-0.148272,0.0615743,0.415177,-0.114469,0.585365,0.0,0.0,1.0
-0.0674057,-0.162783,0.0609434,0.421292,-0.0812917,0.597208,0.0,0.0,1.0
-0.0922288,-0.147453,0.0630778,0.408854,-0.103813,0.60075,0.0,0.0,1.0
-0.0777948,-0.153715,0.0686792,0.412396,-0.0905,0.610021,0.0,0.0,1.0
-0.111309,-0.143231,0.0745165,0.401729,-0.123875,0.597812,0.0,0.0,1.0
-0.0865566,-0.14888,0.0804127,0.409135,-0.0983021,0.595573,0.0,0.0,1.0
-0.0668042,-0.153585,0.0860967,0.408781,-0.0783437,0.610281,0.0,0.0,1.0
-0.0766509,-0.148715,0.0855542,0.40751,-0.0873021,0.59249,0.0,0.0,1.0
-0.113945,-0.13819,0.0886616,0.382969,-0.128323,0.594531,0.0,0.0,1.0
-0.0697406,-0.154363,0.0914387,0.400979,-0.0838125,0.611333,0.0,0.0,1.0
-0.0683609,-0.151144,0.0910377,0.393115,-0.0820312,0.61726,0.0,0.0,1.0
-0.0439387,-0.161132,0.0910613,0.386031,-0.0572396,0.623323,0.0,0.0,1.0
-0.109634,-0.136309,0.0836792,0.362792,-0.128562,0.574188,0.0,0.0,1.0
-0.0925354,-0.141946,0.0650472,0.374333,-0.1095,0.576833,0.0,0.0,1.0
0.000813679,-0.175377,0.0539505,0.353021,0.00127083,0.567667,0.0,0.0,1.0
-0.0287854,-0.161698,0.0519458,0.373698,-0.0388646,0.517552,0.0,0.0,1.0
-0.0258962,-0.163396,0.0690094,0.374802,-0.0352396,0.453948,0.0,0.0,1.0
-0.031533,-0.156156,0.0653302,0.366281,-0.0419688,0.427615,0.0,0.0,1.0
-0.00276533,-0.166893,0.0397818,0.345146,-0.00416667,0.404312,0.0,0.0,1.0
-0.0187028,-0.159281,0.0268514,0.352406,-0.0263854,0.388177,0.0,0.0,1.0
-0.00283019,-0.162771,0.0479599,0.334448,-0.00430208,0.33099,0.0,0.0,1.0
0.00516509,-0.164269,0.0402594,0.323208,0.00820833,0.293167,0.0,0.0,1.0
0.00161557,-0.164139,0.0446698,0.324167,0.0025625,0.262104,0.0,0.0,1.0
0.0108196,-0.167305,0.0485436,0.315729,0.0178958,0.232792,0.0,0.0,1.0
0.0111203,-0.164835,0.0471344,0.305458,0.0187292,0.221104,0.0,0.0,1.0
0.0135731,-0.164623,0.0501297,0.29925,0.0232917,0.18925,0.0,0.0,1.0
0.00913915,-0.163101,0.0454953,0.295458,0.01575,0.155833,0.0,0.0,1.0
0.011934,-0.164741,0.050283,0.288406,0.0212604,0.133594,0.0,0.0,1.0
-0.00470519,-0.157453,0.0526061,0.303479,-0.007625,0.118146,0.0,0.0,1.0
-0.00428656,-0.15582,0.0583078,0.296479,-0.00702083,0.111833,0.0,0.0,1.0
0.0275,-0.165035,0.0677005,0.263594,0.0537396,0.108719,0.0,0.0,1.0
0.0173349,-0.160755,0.0685613,0.265188,0.0327917,0.107521,0.0,0.0,1.0
0.0206073,-0.161515,0.0698762,0.261146,0.0397708,0.0962917,0.0,0.0,1.0
0.0282252,-0.161008,0.0695106,0.248052,0.0571979,0.0916354,0.0,0.0,1.0
0.0325825,-0.163243,0.0714387,0.243292,0.0682292,0.0857708,0.0,0.0,1.0
0.0299116,-0.160631,0.0664564,0.24425,0.0613958,0.0879375,0.0,0.0,1.0
0.0341156,-0.157465,0.0583255,0.23699,0.0707604,0.0806563,0.0,0.0,1.0
0.0334257,-0.157093,0.0526238,0.234208,0.0699792,0.0799375,0.0,0.0,1.0
0.0317158,-0.156586,0.0465861,0.242396,0.0639583,0.0733542,0.0,0.0,1.0
0.032559,-0.155861,0.0470047,0.235083,0.0673958,0.0686458,0.0,0.0,1.0
0.0298939,-0.15329,0.0273349,0.238885,0.0598646,0.0661146,0.0,0.0,1.0
0.0284906,-0.153986,0.0118868,0.23925,0.0572292,0.0596458,0.0,0.0,1.0
0.0391274,-0.153479,-0.00154481,0.22749,0.0823854,0.0541771,0.0,0.0,1.0
0.0377417,-0.153072,-0.0112795,0.218313,0.0826042,0.0585833,0.0,0.0,1.0
0.0395755,-0.152736,-0.0164387,0.2125,0.0887917,0.0645,0.0,0.0,1.0
0.0432488,-0.150041,-0.0293101,0.209385,0.0967188,0.0551771,0.0,0.0,1.0
0.0423113,-0.14908,-0.0375,0.206969,0.0951146,0.0579479,0.0,0.0,1.0
0.0362736,-0.14941,-0.037783,0.212969,0.0794271,0.0511979,0.0,0.0,1.0
0.0440802,-0.14763,-0.0680071,0.201937,0.100583,0.0499375,0.0,0.0,1.0
0.0404717,-0.147759,-0.0650943,0.203396,0.0917708,0.057875,0.0,0.0,1.0
0.0382665,-0.14625,-0.0791627,0.206042,0.0847917,0.0612083,0.0,0.0,1.0
0.0399116,-0.144664,-0.0771757,0.204552,0.0880938,0.0611771,0.0,0.0,1.0
0.0435436,-0.144015,-0.0879776,0.201104,0.0973333,0.0582292,0.0,0.0,1.0
0.0432842,-0.144074,-0.097612,0.203313,0.0957292,0.05875,0.0,0.0,1.0
0.0415212,-0.141828,-0.112642,0.20026,0.0917813,0.0611979,0.0,0.0,1.0
0.041934,-0.140554,-0.124469,0.196479,0.093625,0.0708125,0.0,0.0,1.0
0.0417453,-0.138408,-0.131215,0.198479,0.0908542,0.07525,0.0,0.0,1.0
0.0406663,-0.134994,-0.122305,0.197854,0.0865833,0.0914375,0.0,0.0,1.0
0.0383432,-0.136103,-0.106303,0.202573,0.0804062,0.0915521,0.0,0.0,1.0
0.0383255,-0.135873,-0.0912972,0.202521,0.08025,0.0995208,0.0,0.0,1.0
0.0388561,-0.137229,-0.0757783,0.199979,0.0832083,0.101729,0.0,0.0,1.0
0.0355425,-0.135507,-0.0627712,0.202917,0.0740833,0.0991667,0.0,0.0,1.0
0.0342217,-0.135401,-0.0666038,0.205969,0.0702187,0.103406,0.0,0.0,1.0
0.0415448,-0.133243,-0.0806132,0.199813,0.0864583,0.0939375,0.0,0.0,1.0
0.0255366,-0.132683,-0.0909729,0.214188,0.049375,0.0980625,0.0,0.0,1.0
0.0363267,-0.133921,-0.0993337,0.200635,0.0756771,0.0978854,0.0,0.0,1.0
0.0419634,-0.132188,-0.111244,0.20475,0.0845625,0.0920208,0.0,0.0,1.0
0.0389328,-0.130772,-0.124416,0.206792,0.0768333,0.0880833,0.0,0.0,1.0
0.0404658,-0.131221,-0.134145,0.204031,0.0812187,0.0853229,0.0,0.0,1.0
0.0495224,-0.127435,-0.138909,0.193969,0.101552,0.0801979,0.0,0.0,1.0
0.0514033,-0.126769,-0.147017,0.190635,0.106698,0.0751771,0.0,0.0,1.0
0.0578892,-0.124917,-0.138278,0.187396,0.120438,0.0715,0.0,0.0,1.0
0.0543691,-0.124841,-0.125006,0.185708,0.114083,0.0702083,0.0,0.0,1.0
0.0383019,-0.127583,-0.122111,0.210594,0.0724271,0.0672188,0.0,0.0,1.0
0.0444988,-0.127742,-0.120914,0.1995,0.0889375,0.0597292,0.0,0.0,1.0
0.0407901,-0.125366,-0.117594,0.202104,0.0789583,0.0516042,0.0,0.0,1.0
0.0241922,-0.124864,-0.104805,0.230281,0.0409479,0.0423646,0.0,0.0,1.0
0.0163679,-0.1223,-0.0951061,0.241479,0.025875,0.0373125,0.0,0.0,1.0
0.0288325,-0.125519,-0.0758137,0.222937,0.0506667,0.0386042,0.0,0.0,1.0
0.00708137,-0.11635,-0.0649351,0.253729,0.0101458,0.0269167,0.0,0.0,1.0
0.00497052,-0.117494,-0.0613031,0.255437,0.007125,0.0252292,0.0,0.0,1.0
0.00926297,-0.116621,-0.0494752,0.254396,0.01325,0.0266458,0.0,0.0,1.0
-0.00561321,-0.113774,-0.0249764,0.265458,-0.0075,0.0255833,0.0,0.0,1.0
-0.00743514,-0.112164,-0.00712854,0.264146,-0.00985417,0.0235,0.0,0.0,1.0
-0.00650943,-0.111427,-0.00475236,0.265729,-0.00854167,0.0229375,0.0,0.0,1.0
-0.01,-0.111851,0.00642689,0.2715,-0.0128542,0.0201458,0.0,0.0,1.0
-0.0535731,-0.0954481,0.00751179,0.272969,-0.0584688,0.00738542,0.0,0.0,1.0
-0.0557547,-0.0952005,0.00378538,0.268042,-0.0618125,0.00477083,0.0,0.0,1.0
-0.0149528,-0.104434,-0.00183962,0.268042,-0.0181875,0.0116042,0.0,0.0,1.0
-0.0154835,-0.102983,-0.00834906,0.270562,-0.0183958,-0.002625,0.0,0.0,1.0
-0.0541745,-0.092783,-0.0119104,0.272198,-0.0576354,-0.0134271,0.0,0.0,1.0
-0.0408844,-0.0966156,-0.0179245,0.276437,-0.0446042,-0.00929167,0.0,0.0,1.0
-0.0172583,-0.10082,-0.0197818,0.280771,-0.0193333,-0.0118125,0.0,0.0,1.0
-0.0286969,-0.0956309,-0.0191686,0.277979,-0.0307917,-0.0173542,0.0,0.0,1.0
-0.023125,-0.0977476,-0.0222877,0.282562,-0.0249792,-0.020625,0.0,0.0,1.0
-0.0512323,-0.0903479,-0.0190389,0.278333,-0.0518958,-0.0322292,0.0,0.0,1.0
-0.00981132,-0.0992099,-0.0219693,0.269667,-0.0112708,-0.0188125,0.0,0.0,1.0
-0.0224469,-0.0966215,-0.0272936,0.276354,-0.0245,-0.0291458,0.0,0.0,1.0
-0.0416627,-0.0894222,-0.0293632,0.274938,-0.0422917,-0.0273958,0.0,0.0,1.0
-0.0344517,-0.0879304,-0.0320342,0.269771,-0.0350417,-0.0281458,0.0,0.0,1.0
-0.0305837,-0.0883903,-0.0346403,0.263146,-0.0320625,-0.0225,0.0,0.0,1.0
-0.0294517,-0.0885436,-0.0396167,0.268198,-0.0303438,-0.0324271,0.0,0.0,1.0
-0.0305189,-0.0902594,-0.0443868,0.266438,-0.0322708,-0.0210417,0.0,0.0,1.0
-0.0385731,-0.0832665,-0.0451887,0.256354,-0.0391042,-0.01225,0.0,0.0,1.0
-0.0395283,-0.0832311,-0.0450943,0.255406,-0.0402187,-0.0105313,0.0,0.0,1.0
-0.0340448,-0.0825708,-0.0510967,0.25301,-0.0346771,0.000302083,0.0,0.0,1.0
-0.0227417,-0.0857017,-0.0576474,0.250104,-0.0243125,0.00808333,0.0,0.0,1.0
-0.0314092,-0.0817984,-0.0561851,0.253948,-0.0315729,0.00784375,0.0,0.0,1.0
-0.0315094,-0.0817807,-0.0601533,0.254802,-0.0315729,0.0150313,0.0,0.0,1.0
-0.0310495,-0.0806722,-0.065283,0.256687,-0.0304583,0.0194792,0.0,0.0,1.0
-0.0300118,-0.0792807,-0.0695991,0.247667,-0.0299792,0.0291875,0.0,0.0,1.0
-0.0228833,-0.0816097,-0.0753833,0.245188,-0.0237708,0.040125,0.0,0.0,1.0
-0.029375,-0.0789033,-0.0813443,0.251229,-0.0287917,0.0366042,0.0,0.0,1.0
-0.0379068,-0.0739917,-0.0816568,0.250521,-0.0349375,0.0449167,0.0,0.0,1.0
-0.0330012,-0.0731899,-0.0864328,0.242833,-0.0310417,0.0572917,0.0,0.0,1.0
-0.03102,-0.073355,-0.0932134,0.249083,-0.0285,0.0590417,0.0,0.0,1.0
-0.0253066,-0.0714976,-0.0974646,0.259979,-0.0217292,0.0585,0.0,0.0,1.0
-0.0232134,-0.0704186,-0.102636,0.24225,-0.0210625,0.0830625,0.0,0.0,1.0
-0.0293986,-0.0698703,-0.106863,0.242219,-0.0264688,0.0884271,0.0,0.0,1.0
-0.0219104,-0.0680307,-0.108361,0.256854,-0.0181042,0.086,0.0,0.0,1.0
-0.0247465,-0.0650884,-0.111126,0.235667,-0.0213333,0.115583,0.0,0.0,1.0
-0.0237323,-0.0653833,-0.117824,0.240781,-0.0201146,0.121927,0.0,0.0,1.0
-0.0242925,-0.0643986,-0.119705,0.237417,-0.0205625,0.125437,0.0,0.0,1.0
-0.0284847,-0.0629304,-0.121669,0.242885,-0.0230312,0.126885,0.0,0.0,1.0
-0.0191392,-0.0662618,-0.128443,0.238146,-0.016625,0.136354,0.0,0.0,1.0
-0.0165094,-0.0645519,-0.130613,0.233542,-0.01425,0.149708,0.0,0.0,1.0
-0.0170283,-0.0632901,-0.134116,0.240125,-0.014,0.15,0.0,0.0,1.0
-0.0156073,-0.0637677,-0.134794,0.24501,-0.0126771,0.147365,0.0,0.0,1.0
-0.019092,-0.0640212,-0.133726,0.248146,-0.015375,0.149021,0.0,0.0,1.0
-0.0247642,-0.0627241,-0.136545,0.226344,-0.0214271,0.175969,0.0,0.0,1.0
-0.0181781,-0.0621639,-0.141409,0.221073,-0.0159479,0.194052,0.0,0.0,1.0
-0.0180896,-0.0618514,-0.144823,0.217688,-0.0160417,0.215896,0.0,0.0,1.0
-0.015967,-0.0620519,-0.150896,0.221427,-0.0139687,0.224615,0.0,0.0,1.0
-0.0295696,-0.0591215,-0.150348,0.221573,-0.0246146,0.24224,0.0,0.0,1.0
-0.0299705,-0.0583785,-0.151221,0.209458,-0.0260625,0.265063,0.0,0.0,1.0
-0.0250649,-0.0585554,-0.151798,0.207406,-0.0220938,0.27726,0.0,0.0,1.0
-0.0188443,-0.0584552,-0.157087,0.209937,-0.016375,0.287354,0.0,0.0,1.0
-0.0313325,-0.05625,-0.153007,0.213708,-0.02575,0.290458,0.0,0.0,1.0
-0.0264505,-0.0566038,-0.15388,0.199896,-0.023375,0.313229,0.0,0.0,1.0
-0.0295283,-0.0562264,-0.149646,0.20851,-0.0248438,0.308906,0.0,0.0,1.0
-0.0102948,-0.0632901,-0.155755,0.200896,-0.010125,0.330063,0.0,0.0,1.0
-0.0275825,-0.055967,-0.1548,0.191729,-0.025125,0.344771,0.0,0.0,1.0
-0.0254186,-0.0560083,-0.154746,0.185771,-0.0239167,0.353604,0.0,0.0,1.0
-0.0235318,-0.0580601,-0.155242,0.182406,-0.0233854,0.36974,0.0,0.0,1.0
-0.0313679,-0.056309,-0.165554,0.175646,-0.0313958,0.380167,0.0,0.0,1.0
-0.0341686,-0.052612,-0.176963,0.182302,-0.0307813,0.386698,0.0,0.0,1.0
-0.0279186,-0.0558078,-0.202223,0.173229,-0.0280833,0.399938,0.0,0.0,1.0
-0.0230542,-0.0552241,-0.21309,0.180583,-0.022,0.404917,0.0,0.0,1.0
-0.0286203,-0.0524528,-0.223455,0.163323,-0.0286979,0.424969,0.0,0.0,1.0
-0.0251297,-0.0547759,-0.234906,0.165,-0.0260417,0.428583,0.0,0.0,1.0
-0.028237,-0.0541568,-0.251869,0.168031,-0.0284062,0.431073,0.0,0.0,1.0
-0.0342394,-0.0534139,-0.260159,0.166198,-0.0343437,0.435823,0.0,0.0,1.0
-0.0206014,-0.0528774,-0.26638,0.166229,-0.0204583,0.450312,0.0,0.0,1.0
-0.0254245,-0.051934,-0.273915,0.15624,-0.0263646,0.457052,0.0,0.0,1.0
-0.026934,-0.0511203,-0.272889,0.149802,-0.0286979,0.472823,0.0,0.0,1.0
-0.0224469,-0.0518927,-0.279864,0.155937,-0.0233125,0.467958,0.0,0.0,1.0
-0.0237323,-0.0499351,-0.283803,0.160229,-0.0230833,0.475313,0.0,0.0,1.0
-0.0174116,-0.0508196,-0.290195,0.150937,-0.0182917,0.488313,0.0,0.0,1.0
-0.0147759,-0.051875,-0.29217,0.154604,-0.0154792,0.48725,0.0,0.0,1.0
-0.030855,-0.0492983,-0.286256,0.136729,-0.0347292,0.506375,0.0,0.0,1.0
-0.0207901,-0.049434,-0.28421,0.147687,-0.0217292,0.50425,0.0,0.0,1.0
-0.0228774,-0.0484198,-0.281604,0.148,-0.0233542,0.506813,0.0,0.0,1.0
-0.0193868,-0.0496226,-0.283703,0.140896,-0.0213125,0.516458,0.0,0.0,1.0
-0.0251887,-0.0495283,-0.279387,0.137583,-0.0283125,0.522812,0.0,0.0,1.0
-0.0158844,-0.0504245,-0.2748,0.145083,-0.0172292,0.525937,0.0,0.0,1.0
-0.0142217,-0.0507429,-0.269163,0.13824,-0.0163021,0.539302,0.0,0.0,1.0
-0.0160967,-0.0487854,-0.268019,0.136271,-0.0179792,0.542792,0.0,0.0,1.0
-0.0252005,-0.0466509,-0.267111,0.130167,-0.0281875,0.557187,0.0,0.0,1.0
-0.0125884,-0.0478479,-0.267836,0.12924,-0.0145521,0.559385,0.0,0.0,1.0
-0.0104599,-0.0471462,-0.266097,0.134115,-0.0114688,0.560594,0.0,0.0,1.0
-0.020566,-0.0486675,-0.258691,0.126958,-0.024625,0.565,0.0,0.0,1.0
-0.019092,-0.0473821,-0.257417,0.122104,-0.023125,0.575188,0.0,0.0,1.0
-0.0254304,-0.0463149,-0.25977,0.120677,-0.0304688,0.576552,0.0,0.0,1.0
-0.0194693,-0.0466392,-0.260307,0.12475,-0.0227292,0.576104,0.0,0.0,1.0
-0.0138384,-0.0449705,-0.254699,0.121312,-0.0160208,0.579625,0.0,0.0,1.0
-0.0196462,-0.0477005,-0.260106,0.115958,-0.0252292,0.589646,0.0,0.0,1.0
-0.0204422,-0.0482017,-0.257801,0.114354,-0.0268958,0.588083,0.0,0.0,1.0
-0.00969929,-0.0448998,-0.261327,0.114031,-0.0119271,0.589385,0.0,0.0,1.0
-0.0223762,-0.0462087,-0.258827,0.108729,-0.0296875,0.589792,0.0,0.0,1.0
-0.00870873,-0.0439446,-0.255041,0.118979,-0.0100417,0.587854,0.0,0.0,1.0
-0.00822524,-0.0465507,-0.256527,0.116979,-0.0102292,0.586583,0.0,0.0,1.0
-0.0127594,-0.0478066,-0.248349,0.112719,-0.0168854,0.587052,0.0,0.0,1.0
-0.00919811,-0.0458019,-0.243208,0.110771,-0.011875,0.589729,0.0,0.0,1.0
-0.0177594,-0.0461557,-0.227807,0.106437,-0.0240208,0.591333,0.0,0.0,1.0
-0.0148467,-0.0461203,-0.220731,0.105208,-0.0203125,0.593896,0.0,0.0,1.0
-0.00790094,-0.0460731,-0.216474,0.111687,-0.0101667,0.592062,0.0,0.0,1.0
-0.0119281,-0.0460318,-0.212081,0.105375,-0.0162708,0.596313,0.0,0.0,1.0
-0.0105307,-0.045684,-0.204139,0.105417,-0.01425,0.599958,0.0,0.0,1.0
-0.00959316,-0.0464682,-0.193614,0.101687,-0.0136875,0.604458,0.0,0.0,1.0
-0.0140094,-0.0457075,-0.198514,0.103927,-0.0192188,0.601323,0.0,0.0,1.0
-0.0121521,-0.0450177,-0.204051,0.100167,-0.0170417,0.605208,0.0,0.0,1.0
-0.0118986,-0.0445755,-0.208833,0.0998542,-0.0165833,0.601396,0.0,0.0,1.0
-0.010796,-0.046421,-0.20661,0.101771,-0.015375,0.593938,0.0,0.0,1.0
-0.0110495,-0.0449882,-0.211958,0.0975521,-0.0159063,0.581531,0.0,0.0,1.0
-0.00389741,-0.0446875,-0.209039,0.103292,-0.00525,0.566625,0.0,0.0,1.0
-0.00978184,-0.045454,-0.210572,0.0991979,-0.0139896,0.557594,0.0,0.0,1.0
-0.00814858,-0.0430778,-0.214788,0.101896,-0.01075,0.542146,0.0,0.0,1.0
-0.00970519,-0.0432783,-0.214658,0.101313,-0.0129375,0.522917,0.0,0.0,1.0
-0.00800118,-0.0434021,-0.217329,0.0992292,-0.0109167,0.510813,0.0,0.0,1.0
-0.00785967,-0.0429186,-0.215949,0.0969167,-0.010875,0.491542,0.0,0.0,1.0
-0.00757075,-0.0434198,-0.215755,0.093625,-0.0109583,0.478583,0.0,0.0,1.0
-0.00535967,-0.042046,-0.232282,0.0898958,-0.0078125,0.466125,0.0,0.0,1.0
-0.000625,-0.0410141,-0.243597,0.0955104,-0.00084375,0.450323,0.0,0.0,1.0
-0.00487028,-0.0423231,-0.241651,0.0946667,-0.00679167,0.437708,0.0,0.0,1.0
-0.00989976,-0.0413738,-0.237423,0.0991146,-0.0129062,0.42476,0.0,0.0,1.0
-0.00441627,-0.04148,-0.236409,0.0944167,-0.0060625,0.420479,0.0,0.0,1.0
-0.000294811,-0.0388679,-0.245318,0.0936875,-0.000375,0.414688,0.0,0.0,1.0
-0.00878538,-0.039941,-0.244552,0.0904687,-0.0120937,0.408573,0.0,0.0,1.0
-0.00573703,-0.0399941,-0.242093,0.0912396,-0.00784375,0.397156,0.0,0.0,1.0
-0.00692807,-0.039546,-0.238732,0.0918542,-0.0093125,0.386125,0.0,0.0,1.0
-0.0064033,-0.0405778,-0.240118,0.0961042,-0.0084375,0.377667,0.0,0.0,1.0
8.84434e-05,-0.0387795,-0.251008,0.0893958,0.000125,0.373563,0.0,0.0,1.0
1.38778e-17,-0.0377358,-0.259434,0.0916667,0.0,0.370833,0.0,0.0,1.0
-0.00360849,-0.0383255,-0.261321,0.0828333,-0.00520833,0.366417,0.0,0.0,1.0
0.0,-0.0389151,-0.258255,0.08125,0.0,0.35625,0.0,0.0,1.0
-0.00330189,-0.0393868,-0.25316,0.0814271,-0.00496875,0.34901,0.0,0.0,1.0
0.0,-0.0377358,-0.254717,0.0854167,0.0,0.34375,0.0,0.0,1.0
0.0,-0.0377358,-0.257075,0.0854167,0.0,0.33125,0.0,0.0,1.0
-0.00489387,-0.038066,-0.256639,0.0864271,-0.00671875,0.325698,0.0,0.0,1.0
-0.00360849,-0.0385967,-0.252559,0.0828438,-0.00523958,0.321448,0.0,0.0,1.0
0.0,-0.0377358,-0.247642,0.0854167,-2.77556e-17,0.310417,0.0,0.0,1.0
0.0,-0.0365566,-0.241745,0.0791667,0.0,0.3125,0.0,0.0,1.0
-0.000341981,-0.0369575,-0.248927,0.0810833,-0.000479167,0.306229,0.0,0.0,1.0
-0.00386792,-0.0367925,-0.245967,0.0820625,-0.00541667,0.304062,0.0,0.0,1.0
0.0,-0.0353774,-0.242925,0.0791667,0.0,0.304167,0.0,0.0,1.0
0.0,-0.0353774,-0.242925,0.0770833,0.0,0.297917,0.0,0.0,1.0
1.38778e-17,-0.0365566,-0.239387,0.08125,0.0,0.29375,0.0,0.0,1.0
1.38778e-17,-0.0365566,-0.239387,0.0833333,0.0,0.279167,0.0,0.0,1.0
0.0,-0.0377358,-0.252358,0.075,0.0,0.279167,0.0,0.0,1.0
1.38778e-17,-0.0365566,-0.258255,0.0791667,0.0,0.270833,0.0,0.0,1.0
-0.00244104,-0.0370991,-0.266073,0.0775417,-0.00364583,0.269479,0.0,0.0,1.0
0.00120283,-0.0368986,-0.27737,0.0733229,0.00188542,0.261365,0.0,0.0,1.0
0.0,-0.0353774,-0.278302,0.075,0.0,0.254167,0.0,0.0,1.0
-0.00242335,-0.0362205,-0.27898,0.0727917,-0.00377083,0.245271,0.0,0.0,1.0
0.0,-0.0353774,-0.278302,0.0708333,-1.38778e-17,0.2375,0.0,0.0,1.0
0.0,-0.0353774,-0.278302,0.075,0.0,0.229167,0.0,0.0,1.0
1.38778e-17,-0.0353774,-0.275943,0.0770833,0.0,0.21875,0.0,0.0,1.0
0.0,-0.0365566,-0.274764,0.0770833,-1.38778e-17,0.210417,0.0,0.0,1.0
0.0,-0.0365566,-0.274764,0.0791667,0.0,0.2,0.0,0.0,1.0
0.0,-0.0353774,-0.271226,0.075,0.0,0.195833,0.0,0.0,1.0
0.0,-0.0353774,-0.268868,0.075,-1.38778e-17,0.191667,0.0,0.0,1.0
1.38778e-17,-0.0341981,-0.26533,0.075,-1.38778e-17,0.183333,0.0,0.0,1.0
0.0,-0.0353774,-0.259434,0.06875,-1.38778e-17,0.18125,0.0,0.0,1.0
-0.00356722,-0.0383196,-0.25273,0.0679479,-0.00628125,0.170448,0.0,0.0,1.0
0.00165094,-0.0341627,-0.246686,0.0696354,0.00253125,0.164198,0.0,0.0,1.0
0.00278302,-0.0351061,-0.238738,0.0772292,0.0039375,0.153542,0.0,0.0,1.0
1.38778e-17,-0.0341981,-0.227594,0.0729167,0.0,0.147917,0.0,0.0,1.0
0.00377358,-0.0337736,-0.221297,0.0761042,0.00525,0.142937,0.0,0.0,1.0
0.0,-0.0330189,-0.209906,0.0666667,0.0,0.1375,0.0,0.0,1.0
0.00294811,-0.0328538,-0.205189,0.0728542,0.00414583,0.129167,0.0,0.0,1.0
0.0,-0.0341981,-0.196934,0.0729167,0.0,0.11875,0.0,0.0,1.0
0.00511203,-0.0323644,-0.189876,0.0723125,0.00714583,0.1185,0.0,0.0,1.0
0.0,-0.0330189,-0.183962,0.06875,0.0,0.114583,0.0,0.0,1.0
0.0,-0.0330189,-0.174528,0.0708333,0.0,0.116667,0.0,0.0,1.0
0.0,-0.0318396,-0.163915,0.06875,-6.93889e-18,0.114583,0.0,0.0,1.0
0.0,-0.0318396,-0.154481,0.0729167,-6.93889e-18,0.11875,0.0,0.0,1.0
0.00556604,-0.0305896,-0.145566,0.067875,0.00783333,0.128042,0.0,0.0,1.0
0.00660377,-0.0301297,-0.138267,0.065,0.00954167,0.130917,0.0,0.0,1.0
0.0,-0.0318396,-0.126179,0.0666667,0.0,0.133333,0.0,0.0,1.0
0.0,-0.0306604,-0.115566,0.06875,0.0,0.135417,0.0,0.0,1.0
0.0,-0.0318396,-0.107311,0.0645833,0.0,0.147917,0.0,0.0,1.0
0.000518868,-0.0307429,-0.10612,0.0656458,0.00075,0.144604,0.0,0.0,1.0
0.00274764,-0.0306722,-0.103892,0.0678021,0.00386458,0.147031,0.0,0.0,1.0
0.00336085,-0.0301415,-0.0995637,0.0674063,0.00469792,0.14649,0.0,0.0,1.0
0.0,-0.0294811,-0.0955189,0.0625,0.0,0.15,0.0,0.0,1.0
0.0,-0.0294811,-0.0931604,0.0645833,0.0,0.152083,0.0,0.0,1.0
0.0,-0.0294811,-0.0955189,0.06875,0.0,0.152083,0.0,0.0,1.0
0.0,-0.0283019,-0.0943396,0.06875,0.0,0.15625,0.0,0.0,1.0
0.0,-0.0283019,-0.0966981,0.0604167,-1.38778e-17,0.160417,0.0,0.0,1.0
0.00184552,-0.0285318,-0.0961969,0.062,0.00266667,0.156417,0.0,0.0,1.0
0.0,-0.0283019,-0.0966981,0.0645833,-1.38778e-17,0.15625,0.0,0.0,1.0
0.0065566,-0.0272524,-0.0964505,0.067875,0.00820833,0.161833,0.0,0.0,1.0
0.0,-0.0283019,-0.0919811,0.0645833,-1.38778e-17,0.164583,0.0,0.0,1.0
0.00207547,-0.0277241,-0.0909552,0.0624062,0.00288542,0.178698,0.0,0.0,1.0
0.00194575,-0.0273113,-0.0855542,0.0585,0.00283333,0.186708,0.0,0.0,1.0
0.00214623,-0.0277476,-0.0814976,0.0605625,0.0030625,0.188042,0.0,0.0,1.0
-0.0024941,-0.028237,-0.0769399,0.0616042,-0.0035625,0.1885,0.0,0.0,1.0
0.0,-0.0259434,-0.0754717,0.0583333,-1.38778e-17,0.191667,0.0,0.0,1.0
0.00175708,-0.0285967,-0.0729717,0.0542083,0.00289583,0.189187,0.0,0.0,1.0
-1.17925e-05,-0.0259198,-0.0704835,0.057875,-2.08333e-05,0.182354,0.0,0.0,1.0
0.00292453,-0.0263915,-0.0691038,0.0618542,0.00389583,0.179708,0.0,0.0,1.0
0.0,-0.0259434,-0.0707547,0.0604167,-1.38778e-17,0.172917,0.0,0.0,1.0
0.0,-0.0259434,-0.0707547,0.0625,-1.38778e-17,0.166667,0.0,0.0,1.0
0.0,-0.0259434,-0.0660377,0.0625,0.0,0.166667,0.0,0.0,1.0
0.0,-0.0259434,-0.0636792,0.0520833,0.0,0.160417,0.0,0.0,1.0
0.0,-0.0259434,-0.0683962,0.0520833,0.0,0.15625,0.0,0.0,1.0
-0.00242925,-0.0271462,-0.0660849,0.0557604,-0.00369792,0.153198,0.0,0.0,1.0
-0.00271816,-0.0270342,-0.0660083,0.0575833,-0.00397917,0.147229,0.0,0.0,1.0
-0.00457547,-0.0269104,-0.0600236,0.0565833,-0.00679167,0.140208,0.0,0.0,1.0
-0.00291274,-0.0272288,-0.0565802,0.0617292,-0.004,0.134729,0.0,0.0,1.0
0.0,-0.0247642,-0.0554245,0.0583333,0.0,0.133333,0.0,0.0,1.0
0.00476415,-0.0241627,-0.0521816,0.0562917,0.006375,0.126333,0.0,0.0,1.0
-0.0039033,-0.0258373,-0.0468632,0.0551354,-0.00569792,0.124802,0.0,0.0,1.0
0.00315448,-0.0240271,-0.0443691,0.0559479,0.00421875,0.117594,0.0,0.0,1.0
8.67362e-19,-0.0259434,-0.0400943,0.0541667,-6.93889e-18,0.1125,0.0,0.0,1.0
5.89623e-05,-0.0233608,-0.0393868,0.0602083,8.33333e-05,0.11025,0.0,0.0,1.0
8.67362e-19,-0.0235849,-0.0377358,0.0541667,-6.93889e-18,0.104167,0.0,0.0,1.0
1.73472e-18,-0.0235849,-0.0353774,0.0541667,-6.93889e-18,0.104167,0.0,0.0,1.0
0.0,-0.0224057,-0.0389151,0.0479167,0.0,0.10625,0.0,0.0,1.0
0.0,-0.0224057,-0.0412736,0.05,-6.93889e-18,0.1,0.0,0.0,1.0
0.0,-0.0224057,-0.0459906,0.0479167,0.0,0.102083,0.0,0.0,1.0
1.73472e-18,-0.0224057,-0.053066,0.05,-6.93889e-18,0.108333,0.0,0.0,1.0
0.0,-0.0224057,-0.0648585,0.0520833,-6.93889e-18,0.10625,0.0,0.0,1.0
3.46945e-18,-0.0224057,-0.0742925,0.0458333,-6.93889e-18,0.1125,0.0,0.0,1.0
0.0,-0.0224057,-0.0813679,0.0479167,-6.93889e-18,0.110417,0.0,0.0,1.0
0.0,-0.0224057,-0.0908019,0.05,-6.93889e-18,0.108333,0.0,0.0,1.0
0.00114976,-0.020737,-0.10056,0.0520104,0.00142708,0.109677,0.0,0.0,1.0
0.0,-0.0200472,-0.107311,0.04375,-1.38778e-17,0.110417,0.0,0.0,1.0
0.0,-0.0200472,-0.114387,0.0458333,0.0,0.108333,0.0,0.0,1.0
-5.89623e-06,-0.0200413,-0.119098,0.0479167,-2.08333e-05,0.109438,0.0,0.0,1.0
0.0,-0.0200472,-0.121462,0.0458333,0.0,0.1125,0.0,0.0,1.0
0.0,-0.0188679,-0.122642,0.0479167,-6.93889e-18,0.110417,0.0,0.0,1.0
6.93889e-18,-0.0200472,-0.126179,0.0458333,-6.93889e-18,0.1125,0.0,0.0,1.0
6.93889e-18,-0.0200472,-0.126179,0.0458333,-6.93889e-18,0.1125,0.0,0.0,1.0
-0.00446344,-0.0193101,-0.123213,0.0473125,-0.0056875,0.120667,0.0,0.0,1.0
-0.00426887,-0.0187382,-0.119257,0.0452708,-0.0055,0.122521,0.0,0.0,1.0
-0.00303066,-0.0188679,-0.117771,0.0428125,-0.00416667,0.126854,0.0,0.0,1.0
0.0,-0.0188679,-0.113208,0.0458333,0.0,0.129167,0.0,0.0,1.0
-0.00340802,-0.0183844,-0.110849,0.0450417,-0.00433333,0.129167,0.0,0.0,1.0
-0.00294222,-0.0177064,-0.109581,0.0415417,-0.00391667,0.140375,0.0,0.0,1.0
0.0,-0.0188679,-0.106132,0.0416667,0.0,0.1375,0.0,0.0,1.0
0.0,-0.0188679,-0.103774,0.0395833,0.0,0.13125,0.0,0.0,1.0
0.000695755,-0.0197406,-0.0996109,0.0446771,0.00096875,0.12299,0.0,0.0,1.0
-0.00599057,-0.0184316,-0.0941863,0.0457917,-0.00752083,0.116896,0.0,0.0,1.0
-0.00392099,-0.0173998,-0.092329,0.0415521,-0.00511458,0.109969,0.0,0.0,1.0
-0.00462264,-0.0176887,-0.0883491,0.040875,-0.00625,0.072125,0.0,0.0,1.0
-0.000135613,-0.0187559,-0.0888502,0.0415,-0.0001875,0.0418125,0.0,0.0,1.0
0.0,-0.0176887,-0.0813679,0.0395833,0.0,0.03125,0.0,0.0,1.0
-0.00313679,-0.0175,-0.0739859,0.0387917,-0.00441667,0.0274583,0.0,0.0,1.0
0.0,-0.0188679,-0.0660377,0.0416667,0.0,0.0291667,0.0,0.0,1.0
0.0,-0.0176887,-0.057783,0.0395833,0.0,0.0104167,0.0,0.0,1.0
1.73472e-18,-0.0176887,-0.0483491,0.0395833,0.0,0.00625,0.0,0.0,1.0
0.0,-0.0176887,-0.0412736,0.0354167,0.0,-0.00625,0.0,0.0,1.0
0.0,-0.0176887,-0.0341981,0.0375,0.0,-0.0125,0.0,0.0,1.0
0.000424528,-0.0189623,-0.0230896,0.0416146,0.00059375,-0.0236146,0.0,0.0,1.0
4.33681e-19,-0.0188679,-0.0141509,0.0375,0.0,-0.025,0.0,0.0,1.0
-0.00196344,-0.0181545,-0.0037559,0.0417292,-0.00266667,-0.0286875,0.0,0.0,1.0
-0.00261792,-0.0183844,0.00336085,0.0416146,-0.00361458,-0.0326771,0.0,0.0,1.0
-0.000347877,-0.018862,0.00960495,0.0397292,-0.000520833,-0.0365417,0.0,0.0,1.0
0.0,-0.0200472,0.0176887,0.0333333,0.0,-0.0333333,0.0,0.0,1.0
-0.00209906,-0.0192689,0.0255896,0.037125,-0.00339583,-0.0375625,0.0,0.0,1.0
-0.00266509,-0.0191627,0.0282429,0.0377083,-0.00422917,-0.0367292,0.0,0.0,1.0
0.0,-0.0188679,0.0283019,0.0354167,0.0,-0.0395833,0.0,0.0,1.0
0.0,-0.0200472,0.0294811,0.03125,0.0,-0.0354167,0.0,0.0,1.0
-0.00201651,-0.0182193,0.029316,0.0356875,-0.00320833,-0.0387708,0.0,0.0,1.0
0.0,-0.0188679,0.0259434,0.0333333,0.0,-0.0416667,0.0,0.0,1.0
-0.00157429,-0.0192983,0.0259729,0.0361667,-0.002625,-0.046625,0.0,0.0,1.0
-0.00198113,-0.0183373,0.0270165,0.0350625,-0.00325,-0.0460625,0.0,0.0,1.0
-0.00237618,-0.0185083,0.0273526,0.0377188,-0.00363542,-0.0494896,0.0,0.0,1.0
0.0,-0.0188679,0.0259434,0.0375,0.0,-0.05,0.0,0.0,1.0
0.0,-0.0176887,0.0247642,0.0375,3.46945e-18,-0.0583333,0.0,0.0,1.0
-0.000790094,-0.0186321,0.0243042,0.0363542,-0.00125,-0.0568125,0.0,0.0,1.0
0.0,-0.0188679,0.0259434,0.0375,3.46945e-18,-0.0583333,0.0,0.0,1.0
-3.46945e-18,-0.0176887,0.0271226,0.0395833,0.0,-0.0645833,0.0,0.0,1.0
0.0,-0.0188679,0.0306604,0.0375,0.0,-0.0666667,0.0,0.0,1.0
0.0,-0.0165094,0.0353774,0.0375,0.0,-0.0708333,0.0,0.0,1.0
0.0,-0.0176887,0.0389151,0.03125,0.0,-0.0729167,0.0,0.0,1.0
-3.46945e-18,-0.0176887,0.0436321,0.0333333,0.0,-0.0833333,0.0,0.0,1.0
-0.00278302,-0.0188208,0.0491981,0.0344167,-0.00475,-0.0834167,0.0,0.0,1.0
-0.00376769,-0.0183667,0.0547936,0.03325,-0.00647917,-0.0943958,0.0,0.0,1.0
0.0,-0.0176887,0.0601415,0.0333333,0.0,-0.1,0.0,0.0,1.0
-0.00254717,-0.0171698,0.0663208,0.0315,-0.00433333,-0.116,0.0,0.0,1.0
-0.00367335,-0.0174587,0.0765625,0.0324583,-0.00616667,-0.124208,0.0,0.0,1.0
-0.00430425,-0.0166509,0.0819929,0.0303958,-0.00735417,-0.133583,0.0,0.0,1.0
-0.00416274,-0.0163679,0.0892099,0.0294167,-0.00722917,-0.140813,0.0,0.0,1.0
-0.00323113,-0.0175472,0.0972406,0.0371042,-0.00477083,-0.158333,0.0,0.0,1.0
-0.0025,-0.0170047,0.106486,0.0309167,-0.00429167,-0.177292,0.0,0.0,1.0
0.0,-0.0176887,0.114387,0.0291667,0.0,-0.1875,0.0,0.0,1.0
-0.00394458,-0.01648,0.0843219,0.0313229,-0.00646875,-0.209948,0.0,0.0,1.0
-0.00476415,-0.0169811,0.0637028,0.0294479,-0.00857292,-0.219927,0.0,0.0,1.0
-0.00625,-0.016934,0.0696698,0.0294583,-0.0112083,-0.231708,0.0,0.0,1.0
-0.00724646,-0.0171757,0.0713974,0.0288021,-0.0134896,-0.239531,0.0,0.0,1.0
-0.00564859,-0.0178538,0.0671344,0.03325,-0.00945833,-0.25025,0.0,0.0,1.0
-0.00211085,-0.0163679,0.0577241,0.0409583,-0.002625,-0.255125,0.0,0.0,1.0
-0.00657429,-0.0180601,0.0404304,0.0315104,-0.0117604,-0.254115,0.0,0.0,1.0
-0.00450472,-0.0169222,0.0251769,0.031875,-0.00747917,-0.263354,0.0,0.0,1.0
-0.00450472,-0.0180307,0.0111675,0.0318646,-0.00796875,-0.26851,0.0,0.0,1.0
-0.00285377,-0.0183255,-0.00165094,0.0352917,-0.004625,-0.269167,0.0,0.0,1.0
-0.00215212,-0.0173998,-0.000277123,0.0379479,-0.00307292,-0.280469,0.0,0.0,1.0
-0.00273585,-0.0171226,-0.0166038,0.0387187,-0.00378125,-0.286219,0.0,0.0,1.0
-0.0135613,-0.0123821,-0.0377358,0.0239583,-0.021875,-0.289583,0.0,0.0,1.0
-0.006875,-0.0183608,-0.0595755,0.0300208,-0.0131042,-0.295292,0.0,0.0,1.0
-0.00331958,-0.0170224,-0.0753479,0.0351354,-0.00501042,-0.295094,0.0,0.0,1.0
-0.00331368,-0.0179835,-0.0932547,0.0351458,-0.00529167,-0.303146,0.0,0.0,1.0
-0.00247052,-0.018579,-0.0931781,0.034875,-0.00410417,-0.303896,0.0,0.0,1.0
-0.00399175,-0.0181427,-0.0656781,0.03525,-0.00641667,-0.299042,0.0,0.0,1.0
-0.00196934,-0.0178656,-0.0548349,0.038125,-0.002875,-0.309375,0.0,0.0,1.0
-0.00201651,-0.0177476,-0.0337736,0.0356771,-0.00313542,-0.311594,0.0,0.0,1.0
-0.00219929,-0.0176002,0.00599646,0.0349792,-0.00345833,-0.303688,0.0,0.0,1.0
-1.73472e-18,-0.0176887,0.0129717,0.0333333,0.0,-0.3,0.0,0.0,1.0
-0.00224057,-0.0178656,-0.0173703,0.0356771,-0.00351042,-0.311281,0.0,0.0,1.0
0.0,-0.0176887,-0.107311,0.0375,0.0,-0.3125,0.0,0.0,1.0
6.93889e-18,-0.0176887,-0.114387,0.0375,0.0,-0.308333,0.0,0.0,1.0
2.35849e-05,-0.01875,-0.139033,0.0326667,4.16667e-05,-0.302667,0.0,0.0,1.0
0.0,-0.0176887,-0.128538,0.0354167,0.0,-0.310417,0.0,0.0,1.0
-0.00910967,-0.0175649,-0.114841,0.0238854,-0.0209063,-0.312865,0.0,0.0,1.0
-0.00994693,-0.0178361,-0.115772,0.0244167,-0.0226667,-0.317083,0.0,0.0,1.0
0.00219929,-0.0198054,-0.105242,0.0349896,0.00388542,-0.312906,0.0,0.0,1.0
-0.00954009,-0.0181604,-0.0820165,0.0255,-0.0211875,-0.326562,0.0,0.0,1.0
-0.0108962,-0.0166038,-0.0558019,0.0256667,-0.022,-0.329667,0.0,0.0,1.0
-0.000117925,-0.0191038,-0.0482311,0.0333021,-0.000197917,-0.329135,0.0,0.0,1.0
-0.01,-0.0185495,-0.0339033,0.0282708,-0.0204792,-0.33875,0.0,0.0,1.0
-0.00869104,-0.0172288,-0.0359434,0.0251667,-0.0185833,-0.335667,0.0,0.0,1.0
-0.0105307,-0.0157901,-0.0473113,0.0297708,-0.0174375,-0.344167,0.0,0.0,1.0
-0.00966981,-0.0160024,-0.0621108,0.0273333,-0.0176667,-0.3415,0.0,0.0,1.0
-0.0103066,-0.0166509,-0.0773113,0.0303333,-0.0176458,-0.347354,0.0,0.0,1.0
-0.010342,-0.0166038,-0.0904363,0.0274062,-0.0195521,-0.348885,0.0,0.0,1.0
-0.0101533,-0.0155071,-0.102594,0.0269375,-0.0182708,-0.345833,0.0,0.0,1.0
-0.0100708,-0.0165566,-0.120259,0.0208333,-0.0249792,-0.349229,0.0,0.0,1.0
-0.00925708,-0.0163325,-0.127901,0.0245208,-0.0192292,-0.348542,0.0,0.0,1.0
-0.0117925,-0.0129717,-0.143868,0.0208333,-0.0229167,-0.3375,0.0,0.0,1.0
-0.0129717,-0.0135613,-0.153892,0.0229167,-0.0239583,-0.338542,0.0,0.0,1.0
-0.0105366,-0.014829,-0.162671,0.0249062,-0.0195729,-0.336656,0.0,0.0,1.0
-0.011592,-0.0141509,-0.172983,0.0245833,-0.0208333,-0.332458,0.0,0.0,1.0
-0.00586085,-0.0179599,-0.167712,0.0311042,-0.0105625,-0.329417,0.0,0.0,1.0
1.38778e-17,-0.0176887,-0.163915,0.03125,0.0,-0.322917,0.0,0.0,1.0
-0.00198703,-0.0191568,-0.158567,0.0315625,-0.00375,-0.320479,0.0,0.0,1.0
-0.00920991,-0.0175354,-0.156038,0.0236042,-0.0213542,-0.328375,0.0,0.0,1.0
-0.0174764,-0.005,-0.145118,0.00771875,-0.0353021,-0.323406,0.0,0.0,1.0
-0.0117925,-0.0141509,-0.134434,0.0208333,-0.025,-0.333333,0.0,0.0,1.0
-0.000365566,-0.0190684,-0.126156,0.0286875,-0.000770833,-0.345417,0.0,0.0,1.0
0.0,-0.0188679,-0.113208,0.0291667,0.0,-0.35,0.0,0.0,1.0
0.0,-0.0188679,-0.0990566,0.0291667,0.0,-0.354167,0.0,0.0,1.0
0.0,-0.0212264,-0.0872642,0.0291667,0.0,-0.358333,0.0,0.0,1.0
-0.00260024,-0.0211144,-0.0732724,0.0283542,-0.00604167,-0.360854,0.0,0.0,1.0
0.0,-0.0188679,-0.0613208,0.0291667,0.0,-0.3625,0.0,0.0,1.0
0.00280071,-0.0189328,-0.0539917,0.0297292,0.0055625,-0.361875,0.0,0.0,1.0
-3.53774e-05,-0.02,-0.0497052,0.0290833,-6.25e-05,-0.366562,0.0,0.0,1.0
-0.000860849,-0.0191509,-0.0424882,0.0265417,-0.0019375,-0.359146,0.0,0.0,1.0
8.67362e-19,-0.0200472,-0.0341981,0.0291667,0.0,-0.366667,0.0,0.0,1.0
4.33681e-19,-0.0224057,-0.0247642,0.0291667,0.0,-0.3625,0.0,0.0,1.0
0.0,-0.0200472,-0.0200472,0.0291667,0.0,-0.3625,0.0,0.0,1.0
0.0,-0.0212264,-0.00707547,0.0291667,0.0,-0.3625,0.0,0.0,1.0
0.00264741,-0.021421,-0.00169222,0.0280417,0.0063125,-0.355396,0.0,0.0,1.0
0.0,-0.0188679,0.00235849,0.0291667,0.0,-0.366667,0.0,0.0,1.0
0.00277712,-0.0181663,0.0012441,0.0293958,0.00535417,-0.35975,0.0,0.0,1.0
0.0,-0.0212264,-0.00471698,0.0270833,0.0,-0.364583,0.0,0.0,1.0
0.0,-0.0212264,-0.00707547,0.025,0.0,-0.370833,0.0,0.0,1.0
-0.000919811,-0.0218396,-0.0127358,0.0263437,-0.00238542,-0.375719,0.0,0.0,1.0
0.0,-0.0200472,-0.0176887,0.0270833,0.0,-0.38125,0.0,0.0,1.0
0.0,-0.0224057,-0.0224057,0.025,0.0,-0.379167,0.0,0.0,1.0
-0.000748821,-0.0217866,-0.0260083,0.028125,-0.0018125,-0.382187,0.0,0.0,1.0
0.00337854,-0.0212559,-0.0278833,0.027875,0.00804167,-0.384083,0.0,0.0,1.0
0.00235849,-0.0225118,-0.0317335,0.0270833,0.006125,-0.387375,0.0,0.0,1.0
0.0,-0.0235849,-0.0330189,0.025,2.77556e-17,-0.391667,0.0,0.0,1.0
0.0,-0.0212264,-0.0400943,0.0270833,2.77556e-17,-0.39375,0.0,0.0,1.0
0.00440448,-0.0217983,-0.0404068,0.0291875,0.0102708,-0.392208,0.0,0.0,1.0
0.0,-0.0212264,-0.0448113,0.0270833,2.77556e-17,-0.39375,0.0,0.0,1.0
0.00154481,-0.0225354,-0.050566,0.0274271,0.00398958,-0.391281,0.0,0.0,1.0
0.00145047,-0.0224175,-0.0550943,0.0255625,0.00395833,-0.385688,0.0,0.0,1.0
0.0,-0.0224057,-0.0625,0.025,2.77556e-17,-0.3875,0.0,0.0,1.0
0.0,-0.0224057,-0.067217,0.0270833,0.0,-0.385417,0.0,0.0,1.0
3.46945e-18,-0.0219104,-0.0705896,0.0241042,0.0,-0.377979,0.0,0.0,1.0
0.0021934,-0.0234434,-0.0754009,0.027125,0.00591667,-0.365792,0.0,0.0,1.0
0.00311321,-0.0237028,-0.0797406,0.0293125,0.00785417,-0.36175,0.0,0.0,1.0
0.00129717,-0.0247877,-0.0860613,0.0275833,0.00364583,-0.357812,0.0,0.0,1.0
0.00563679,-0.022217,-0.0889623,0.0298437,0.0130937,-0.351594,0.0,0.0,1.0
0.00349057,-0.0240802,-0.0929953,0.0287396,0.00911458,-0.345156,0.0,0.0,1.0
-0.00244693,-0.0228597,-0.0991804,0.0264375,-0.00660417,-0.34725,0.0,0.0,1.0
0.0,-0.0247642,-0.104953,0.0270833,0.0,-0.34375,0.0,0.0,1.0
0.0035908,-0.0218219,-0.114216,0.0295938,0.00826042,-0.336823,0.0,0.0,1.0
0.00321934,-0.0222288,-0.125495,0.0284375,0.00785417,-0.341917,0.0,0.0,1.0
0.00379717,-0.0216156,-0.137724,0.0290625,0.0088125,-0.341125,0.0,0.0,1.0
0.0,-0.0224057,-0.145047,0.025,0.0,-0.345833,0.0,0.0,1.0
0.00395637,-0.021362,-0.14727,0.0279583,0.0094375,-0.342771,0.0,0.0,1.0
0.0,-0.0247642,-0.15684,0.025,0.0,-0.341667,0.0,0.0,1.0
