326.53,415.6075,339.16,415.6525,339.01,455.8825,326.38,455.8375
325.795,413.09,340.54,413.15,340.345,459.71,325.6,459.65
328.44875,412.36375,342.54875,413.86375,337.58375,460.34875,323.46875,458.83375
330.3625,409.61125,348.1075,414.08125,336.1075,461.85625,318.3625,457.40125
328.20375,410.215,341.97375,411.895,336.03375,460.225,322.27875,458.545
324.57,413.5625,338.16,413.4725,338.49,458.7275,324.9,458.8175
325.45625,412.31875,340.29125,413.78875,335.25125,464.99875,320.43125,463.54375
321.155,415.965,337.145,416.325,336.065,464.055,320.075,463.695
324.395,415.07,341.27,419.75,328.565,465.47,311.69,460.79
318.16625,415.54,332.49125,415.6,332.29625,466.6,317.95625,466.54
319.52875,413.5475,334.66375,414.3725,331.60375,470.1425,316.45375,469.3175
320.10625,414.12125,333.27625,416.01125,326.31625,464.40125,313.13125,462.49625
316.0925,414.38875,329.6975,414.64375,328.7375,464.44375,315.1325,464.17375
316.43125,415.41,329.19625,415.905,327.29125,464.61,314.51125,464.115
316.36375,415.73,331.39375,416.855,328.09375,461.09,313.07875,459.965
313.35125,417.05875,328.08125,415.72375,332.37125,462.77875,317.62625,464.12875
313.9125,418.355,328.9125,416.855,333.5175,462.905,318.5175,464.405
316.0875,417.3875,329.0475,417.2825,329.4225,464.5025,316.4625,464.6075
315.97125,418.33,330.73125,418.39,330.53625,465.19,315.79125,465.13
317.555,417.82,333.32,418.255,332.105,462.82,316.34,462.385
319.8175,419.29,334.4725,421.66,327.2725,466.21,312.6175,463.84
319.52875,418.89375,335.29375,422.79375,324.64375,465.90375,308.86375,462.01875
316.5,421.0,331.5,421.0,331.5,463.0,316.5,463.0
323.7825,413.5825,340.4925,418.2175,325.7475,471.2875,309.0375,466.6525
321.01,420.1,336.145,422.605,328.69,467.5,313.555,464.995
323.2775,417.5825,341.8325,423.2975,327.3725,470.3075,308.8175,464.5925
324.585,418.44875,342.06,423.69875,327.495,472.26875,310.02,467.03375
324.3575,421.36875,338.4575,422.61375,333.7925,475.66875,319.6925,474.43875
324.165,424.07875,337.965,424.37875,336.795,479.27875,322.995,478.99375
324.725,427.11875,340.79,429.80375,332.195,481.35875,316.13,478.68875
322.5625,422.53875,336.4975,423.06375,334.2475,481.83375,320.3125,481.29375
320.4325,426.325,333.4075,426.43,332.9575,479.935,319.9825,479.83
319.42625,424.9975,335.55125,424.9675,335.64125,479.0725,319.53125,479.1025
323.17,419.705,338.71,421.925,330.43,480.095,314.89,477.875
322.36,420.49,337.75,422.785,329.56,477.85,314.17,475.555
318.07,422.77,333.115,423.19,331.69,474.37,316.645,473.95
314.4075,421.9175,330.5775,421.7975,330.9825,477.6125,314.8125,477.7325
315.8575,425.1225,332.4925,426.7575,327.5125,477.5475,310.8775,475.9125
308.9175,428.56875,328.0725,426.39375,334.1325,480.06375,314.9775,482.22375
311.67,428.935,328.32,429.085,327.81,486.925,311.16,486.775
311.3575,431.1825,328.4725,431.6175,326.9725,489.9675,309.8575,489.5325
311.79,437.38875,327.075,437.80875,325.65,490.72875,310.365,490.32375
311.1,432.805,324.855,433.765,321.12,487.435,307.365,486.475
309.4775,428.215,322.2125,428.59,320.5925,484.885,307.8575,484.51
311.44125,424.4725,323.56125,424.7575,322.24125,481.5175,310.10625,481.2325
307.3225,422.12875,323.4325,422.57875,321.9475,475.00375,305.8375,474.53875
308.9625,419.55875,326.4375,424.80875,312.8475,470.07875,295.3725,464.84375
307.60625,418.105,321.48125,422.065,308.46125,467.635,294.60125,463.675
302.89875,417.9525,316.92375,419.1225,312.69375,470.0175,298.65375,468.8475
297.36125,419.345,312.22625,417.92,317.02625,467.975,302.17625,469.4
299.455,417.70125,313.39,418.28625,311.125,471.76125,297.19,471.16125
303.06,420.9675,317.205,422.0625,313.02,476.0625,298.875,474.9675
303.245,419.785,319.625,422.125,311.615,478.195,295.235,475.855
301.54,419.06125,315.325,419.70625,312.64,476.84125,298.855,476.18125
303.25875,418.275,321.82875,423.27,307.57875,476.145,289.02375,471.15
298.535,415.72625,313.985,415.99625,312.965,473.53625,297.515,473.25125
300.5075,418.8925,317.9525,422.8525,306.4625,473.4175,289.0175,469.4575
295.18,416.5275,308.965,416.8425,307.66,472.7025,293.875,472.3875
294.5175,416.78625,309.5625,418.33125,303.9525,473.32125,288.9075,471.79125
294.6175,416.1275,310.0525,418.3775,301.8325,474.8225,286.3975,472.5725
290.22,415.7525,305.82,415.9025,305.28,471.6575,289.68,471.5075
286.3475,412.3775,302.1425,412.3625,302.2025,470.5925,286.4075,470.6075
291.1925,409.175,306.7175,412.145,295.1975,472.325,279.6725,469.355
289.41875,412.90125,303.90875,414.98625,296.07875,469.52625,281.60375,467.45625
290.36,413.5375,304.82,416.0875,295.58,468.4525,281.12,465.9025
286.34375,411.01875,299.52875,411.43875,297.66875,469.65375,284.46875,469.21875
288.4325,413.025,303.0575,414.855,296.1575,470.055,281.5325,468.225
291.3675,414.0125,304.7475,415.5425,298.1025,473.3975,284.7225,471.8675
291.1675,415.55,307.3975,418.745,297.0625,471.35,280.8325,468.155
291.88625,414.8975,307.89125,417.5375,299.10125,470.8325,283.11125,468.1925
289.325,413.1725,302.225,413.2025,302.075,472.1375,289.175,472.1075
290.67625,414.6025,306.66625,416.6275,300.00625,469.3075,284.00125,467.2825
287.04625,415.01125,305.19625,415.95625,302.42125,468.53125,284.28625,467.57125
288.235,415.31875,304.84,417.53875,298.105,467.77375,281.5,465.53875
285.835,410.27,300.55,410.33,300.325,466.25,285.61,466.19
286.815,408.675,299.085,408.675,299.085,465.465,286.815,465.465
287.49,405.59125,302.1,406.91125,296.79,465.35125,282.18,464.01625
283.71,405.36,300.195,404.835,302.13,464.58,285.645,465.105
285.005,401.475,300.65,402.165,297.935,462.945,282.29,462.255
285.82125,397.9625,300.58125,399.2375,295.30125,460.5875,280.52625,459.3125
284.04125,396.885,299.23625,398.31,294.12125,453.015,278.91125,451.59
280.76,391.43375,296.795,391.50875,296.48,451.89875,280.445,451.80875
283.8325,387.085,298.4125,388.555,292.8175,444.235,278.2375,442.765
283.85875,384.8425,297.94375,386.4325,291.65875,441.9475,277.58875,440.3575
282.795,381.31,298.065,383.71,289.185,440.05,273.915,437.65
281.545,376.685,297.925,379.025,289.075,440.975,272.695,438.635
278.4325,375.50125,292.6225,375.66625,291.9175,438.48625,277.7275,438.33625
278.58375,376.21375,291.06375,376.18375,291.15375,434.69875,278.68875,434.71375
278.945,373.29,292.64,374.37,287.975,433.47,274.28,432.39
278.1275,370.1325,294.0275,371.3625,289.3025,432.6375,273.4025,431.4075
276.75625,371.855,291.48625,371.87,291.42625,428.225,276.68125,428.21
278.3025,371.17625,292.5375,371.29625,292.0275,429.10625,277.7925,428.97125
278.7325,370.8075,294.1075,371.6175,291.1375,428.4225,275.7625,427.6125
280.06625,370.36375,294.40625,370.87375,292.39625,428.95375,278.04125,428.45875
281.075,371.57125,294.86,372.62125,290.405,430.61125,276.62,429.54625
283.3125,369.81875,299.1825,372.65375,288.1575,434.49875,272.2875,431.67875
278.88,374.93,294.405,374.72,295.2,431.51,279.675,431.72
278.79375,377.8225,294.85875,377.9875,294.24375,436.4275,278.19375,436.2625
280.43375,381.73375,295.25375,382.79875,291.62375,433.42375,276.81875,432.37375
279.76625,383.635,294.57125,384.22,292.74125,431.185,277.95125,430.6
278.985,382.12125,294.465,383.00625,291.735,430.30125,276.255,429.40125
282.75875,379.45125,298.80875,383.00625,287.85875,432.25125,271.82375,428.68125
280.92,378.6525,294.795,380.2425,289.08,430.2975,275.205,428.7075
276.25,381.0,292.75,381.0,292.75,429.0,276.25,429.0
274.9275,381.47625,290.7375,381.56625,290.4825,430.03125,274.6725,429.95625
273.25,382.25,289.75,382.25,289.75,428.75,273.25,428.75
272.25,382.0,288.75,382.0,288.75,430.0,272.25,430.0
270.6825,379.3,287.1075,381.355,280.6275,433.24,264.2025,431.185
263.69375,380.3525,281.57375,378.8675,286.28375,435.4775,268.41875,436.9625
264.25,378.25,280.75,378.25,280.75,436.75,264.25,436.75
262.125,377.3025,277.89,377.5275,277.035,437.3475,261.27,437.1225
262.9875,381.8,277.3575,382.25,275.6625,436.94,261.2925,436.49
261.94375,381.7825,276.25375,382.0825,275.17375,432.5875,260.87875,432.2875
261.7175,383.86875,277.7825,383.49375,278.9525,433.92375,262.8875,434.28375
258.105,383.29125,276.87,381.61125,281.535,433.49625,262.77,435.19125
261.88,382.06,277.93,382.795,275.62,433.06,259.57,432.325
260.6325,382.0975,276.7575,382.1575,276.5775,434.6725,260.4525,434.6125
260.7325,383.54,277.3225,384.005,275.8375,437.06,259.2475,436.595
260.0275,384.43625,275.8075,384.58625,275.3425,434.01125,259.5625,433.87625
259.3975,382.0375,276.4375,382.6675,274.4725,435.5125,257.4325,434.8825
259.7,380.41375,274.82,380.60875,274.1,433.19875,258.98,432.98875
258.755,382.5525,275.21,382.4925,275.405,430.1775,258.95,430.2375
259.54375,383.9225,273.94375,384.3425,272.71375,426.6275,258.32875,426.2075
259.9125,382.96,275.5575,383.71,273.3375,430.0,257.6925,429.25
260.93375,382.73875,276.35375,384.25375,271.28375,435.43375,255.87875,433.90375
260.75,392.0,274.25,392.0,274.25,434.0,260.75,434.0
259.34125,397.16,277.11625,395.795,280.46125,439.16,262.67125,440.525
262.0975,392.18875,277.7725,392.32375,277.3525,442.82875,261.6775,442.70875
262.73875,392.665,276.77875,392.98,275.63875,442.675,261.61375,442.36
265.13125,392.13625,279.42625,394.04125,273.23125,440.46625,258.92125,438.54625
261.67,393.83125,278.71,394.07125,278.05,438.59125,261.01,438.33625
262.97,393.145,279.26,393.64,277.73,443.455,261.44,442.96
261.85375,392.1275,277.69375,392.1725,277.54375,444.9425,261.71875,444.8975
262.25,390.75,278.75,390.75,278.75,440.25,262.25,440.25
264.5775,388.76,281.4375,390.05,277.4925,441.32,260.6325,440.03
264.315,388.2925,281.475,389.5225,277.605,443.7775,260.445,442.5475
261.44,388.315,279.125,388.465,278.66,444.085,260.975,443.935
265.94,386.60875,283.205,389.48875,273.44,448.10875,256.175,445.24375
263.33,387.68125,280.28,388.89625,276.17,446.34625,259.22,445.14625
261.7475,386.6475,277.0175,386.8725,276.1625,447.0225,260.8925,446.7975
259.185,390.195,277.2,390.225,277.095,447.585,259.08,447.555
259.25,391.0,275.75,391.0,275.75,445.0,259.25,445.0
259.25,388.5,275.75,388.5,275.75,445.5,259.25,445.5
259.29375,389.135,277.74375,390.17,274.32375,451.565,255.88875,450.53
260.7875,388.73,278.5325,390.86,271.2425,451.67,253.4975,449.54
260.575,386.44875,276.76,387.93375,271.285,447.42375,255.1,445.92375
260.92375,386.13,277.06375,387.93,270.49375,447.03,254.36875,445.23
259.57,385.3375,275.605,386.9425,269.71,445.8925,253.675,444.2875
257.645,384.9175,273.335,386.3425,267.755,447.7525,252.065,446.3275
256.1825,383.5325,272.2025,384.8675,267.3275,443.3375,251.3075,442.0025
256.175,382.9625,271.07,385.1825,263.225,437.8475,248.33,435.6275
253.9575,381.5025,269.3325,383.7975,261.0525,439.3875,245.6775,437.0925
253.30875,381.04125,269.64375,384.35625,258.90375,437.36625,242.55375,434.06625
250.70625,379.905,265.84125,381.795,259.79625,430.155,244.64625,428.265
244.6975,376.85,259.9675,378.125,255.8125,428.03,240.5425,426.755
247.34,373.3325,260.33,376.2125,249.14,426.5975,236.15,423.7175
242.98375,370.9825,257.95375,374.0575,247.64875,424.4275,232.66375,421.3525
242.555,374.03875,256.22,376.79875,246.005,427.49875,232.34,424.75375
238.02125,379.3075,253.84625,380.5225,250.14125,428.7025,234.30125,427.4875
238.69875,382.8475,255.85875,386.6575,245.71875,432.2425,228.57375,428.4325
237.3325,384.97625,253.8775,387.73625,246.0175,434.91125,229.4725,432.16625
242.08625,389.49625,256.35125,392.09125,247.44125,441.05125,233.19125,438.47125
244.00375,393.24125,258.35875,393.52625,257.42875,442.24625,243.05875,441.97625
252.355,390.765,270.625,393.375,262.465,450.495,244.195,447.885
256.25,399.75,272.75,399.75,272.75,443.25,256.25,443.25
259.6075,396.46,279.4525,393.415,287.3425,444.7,267.4975,447.745
270.185,398.8,288.98,397.09,293.555,447.4,274.76,449.11
277.12125,397.7975,293.33625,397.3475,294.76125,448.0925,278.53125,448.5425
277.1875,395.31,293.7775,395.685,292.6225,446.31,276.0325,445.935
278.22,388.4,297.255,392.195,287.28,442.1,268.245,438.305
278.22125,381.22625,298.26125,384.37625,290.20625,435.37625,270.18125,432.21125
277.57875,379.2625,298.26375,382.7125,289.81875,433.3075,269.14875,429.8575
273.2375,383.045,293.7275,387.14,283.5725,437.915,263.0825,433.82
263.4975,388.0475,281.6925,389.7575,276.5925,443.6825,258.3975,441.9725
251.135,395.5575,272.765,397.5225,268.145,448.3725,246.515,446.4075
242.75125,391.39125,263.57125,394.27125,255.87625,449.99625,235.07125,447.13125
238.72,387.2175,260.11,389.4375,254.5,443.6325,233.11,441.4125
236.6375,383.74875,254.0825,386.59875,245.6525,438.34875,228.2075,435.51375
231.3425,377.47,249.5975,380.305,241.1675,434.53,222.9125,431.695
225.16875,378.20375,244.81875,381.83375,235.26375,433.50875,215.59875,429.86375
219.585,383.92,236.895,386.395,230.175,433.3,212.865,430.825
218.75125,384.12625,236.84125,389.19625,222.87625,439.04125,204.80125,433.98625
211.04,385.9375,226.94,386.8075,224.06,439.7125,208.16,438.8425
205.10625,388.61,223.31625,388.955,222.35625,440.87,204.13125,440.525
205.55,390.2625,221.705,393.4875,211.49,444.5475,195.335,441.3225
202.765,391.78625,219.58,396.13625,205.915,448.87625,189.1,444.51125
197.81,393.4075,213.905,397.0675,202.55,447.1225,186.455,443.4625
192.91375,391.59875,208.37875,393.18875,202.96375,445.49375,187.51375,443.88875
189.7575,394.8725,204.5025,394.9025,204.4125,448.9175,189.6675,448.8875
190.2825,396.9025,202.7625,397.8475,198.7875,450.5875,186.3075,449.6425
189.78125,398.295,200.25125,398.835,197.40125,455.085,186.91625,454.545
190.9625,396.5,202.3175,397.82,195.4475,456.8,184.0925,455.48
189.21875,397.9375,205.35875,401.1775,194.63375,454.8325,178.47875,451.5925
185.475,399.57875,203.055,400.64375,199.965,451.67375,182.385,450.59375
186.63375,399.04625,201.46875,399.03125,201.54375,452.64125,186.72375,452.67125
189.87,399.26,204.3,399.5,203.43,453.08,189.0,452.84
192.25,401.25,208.75,401.25,208.75,453.75,192.25,453.75
196.5,398.0,211.5,398.0,211.5,452.0,196.5,452.0
198.02375,394.38625,215.12375,393.57625,217.68875,447.38125,200.57375,448.20625
202.6875,391.99,220.5825,393.37,216.6825,444.19,198.7875,442.81
206.435,385.0225,225.26,387.3775,218.225,443.6875,199.4,441.3325
209.6,384.2225,229.415,387.6725,220.16,440.9075,200.345,437.4575
207.71,388.01875,229.16,388.82875,227.03,446.15875,205.58,445.36375
207.75,392.0,227.25,392.0,227.25,446.0,207.75,446.0
213.25,394.75,229.75,394.75,229.75,450.25,213.25,450.25
214.75,398.0,234.25,398.0,234.25,452.0,214.75,452.0
216.18,393.61875,235.68,393.79875,235.14,449.97375,215.64,449.77875
218.5875,394.26,239.9325,395.445,236.9025,449.94,215.5575,448.755
221.44,394.44625,238.465,396.33625,232.6,449.24125,215.575,447.36625
214.01125,394.45625,230.91625,394.50125,230.79625,447.93125,213.90625,447.90125
211.21625,396.6475,226.29125,397.0375,224.97125,447.7825,209.91125,447.3925
210.445,402.42,224.98,403.62,220.915,452.82,206.38,451.62
211.09625,396.4425,224.76125,397.6875,219.52625,455.4675,205.84625,454.2225
208.485,402.98,223.86,404.315,219.495,454.58,204.12,453.245
206.75125,401.295,224.00125,402.735,219.11125,461.445,201.84625,460.005
205.32875,401.5125,222.06875,401.7675,221.16875,461.2575,204.44375,461.0025
207.06375,398.57,224.31375,400.01,219.04875,463.19,201.78375,461.75
208.95875,400.3675,226.67375,402.5875,219.11375,463.1425,201.38375,460.9225
205.7625,400.04375,223.4625,401.25875,219.0675,464.94875,201.3675,463.71875
209.0925,402.76125,225.1575,403.99125,220.5975,463.30125,204.5325,462.05625
209.78,402.5325,225.875,402.6825,225.32,463.2975,209.225,463.1475
210.8375,401.3725,225.4025,401.3575,225.4925,460.6375,210.9275,460.6525
209.04125,400.33875,227.05625,399.16875,230.70125,455.55375,212.67125,456.70875
210.19125,400.5525,227.47125,399.7575,230.05125,454.9575,212.75625,455.7525
217.03,403.43,232.555,405.29,225.85,461.09,210.325,459.23
215.685,396.695,230.895,396.71,230.835,460.685,215.625,460.67
214.7825,396.90125,230.4575,396.22625,233.3075,461.92625,217.6325,462.61625
217.4075,400.6425,232.0025,400.1175,234.1625,460.3275,219.5675,460.8525
214.26,401.16625,234.81,400.23625,237.66,463.10125,217.11,464.04625
214.0375,402.14875,235.7125,401.20375,238.7125,470.08375,217.0375,471.01375
215.5,406.5,236.5,406.5,236.5,469.5,215.5,469.5
217.955,411.2625,240.365,411.1125,240.785,471.3075,218.375,471.4575
213.735,413.6475,237.945,412.6425,240.945,484.7025,216.735,485.7075
212.36,416.415,234.365,415.425,237.44,483.765,215.435,484.755
212.02125,415.745,238.85625,416.63,236.42625,490.595,209.60625,489.71
208.745,416.9075,233.735,417.4025,232.175,496.5425,207.185,496.0475
209.67,427.2075,235.44,429.3075,229.95,496.8825,204.18,494.7825
216.87125,426.59625,242.05625,433.67625,223.87625,498.26625,198.70625,491.17125
207.54375,425.27375,233.80875,429.14375,224.01375,495.68375,197.76375,491.82875
209.95,428.78,231.82,430.655,226.57,491.84,204.7,489.965
212.35,413.39,235.84,416.84,224.71,492.59,201.22,489.14
217.34,413.355,237.995,418.215,220.82,491.205,200.165,486.345
211.50375,412.3325,233.47875,414.8375,224.79375,490.7975,202.83375,488.2925
212.80875,405.71625,235.02375,409.40625,220.68375,495.85125,198.45375,492.17625
215.5,405.5825,239.62,411.1025,220.24,495.7475,196.12,490.2275
212.1075,408.46875,232.2375,409.68375,227.3625,490.38375,207.2325,489.15375
217.12875,402.665,235.81875,405.605,222.00375,493.355,203.29875,490.415
216.09,403.57,235.305,406.255,222.75,495.91,203.535,493.225
217.7975,411.2725,237.1925,413.7925,226.2725,497.7775,206.8775,495.2575
214.735,412.1675,236.89,413.7575,230.605,501.1025,208.45,499.5125
220.1625,408.335,240.8475,410.51,231.0675,503.465,210.3825,501.29
223.28,410.78875,241.775,413.00875,230.36,507.94375,211.865,505.70875
223.115,409.465,246.455,411.985,236.105,507.955,212.765,505.435
228.87,406.8525,250.425,410.0475,235.17,513.1575,213.615,509.9625
226.935,415.06,253.71,420.895,233.865,511.96,207.09,506.125
226.59375,416.845,251.68875,419.035,243.48375,513.175,218.40375,510.985
226.00125,420.4375,252.74625,422.5825,244.90125,520.4125,218.14125,518.2675
222.09625,419.73375,251.96125,421.33875,246.47125,523.98375,216.62125,522.39375
221.1375,421.3425,250.0425,422.2275,246.9525,522.7275,218.0475,521.8425
222.49,420.545,251.53,422.615,243.79,531.155,214.75,529.085
220.0525,422.58125,250.3075,424.81625,242.1175,536.14625,211.8625,533.92625
211.0275,422.885,244.2975,423.515,242.1225,538.115,208.8525,537.485
204.3525,427.42375,242.0325,427.54375,241.6575,541.76875,203.9775,541.63375
204.04375,423.2475,245.06875,423.7575,243.61375,539.8425,202.60375,539.3325
206.3875,422.855,248.0725,423.965,244.9225,542.645,203.2375,541.535
200.9275,424.9,246.3625,425.725,244.2625,540.94,198.8275,540.115
205.04625,421.365,247.54125,424.335,238.91625,548.355,196.40625,545.385
194.415,424.8275,237.42,424.4975,238.425,555.3425,195.42,555.6725
196.8375,428.10625,239.4525,429.00625,236.9325,550.46125,194.3175,549.57625
199.46875,424.77375,236.77375,425.20875,235.30375,553.50375,197.98375,553.08375
204.0975,414.86125,239.6625,417.51625,229.7925,549.50125,194.2275,546.83125
201.89875,412.3075,235.07875,413.5975,229.85875,547.4425,196.69375,546.1525
202.46125,410.12625,233.43625,412.13625,225.20125,539.86125,194.21125,537.86625
200.05875,407.9425,231.01875,410.2075,221.73375,537.6475,190.75875,535.3825
200.3225,400.52875,231.1175,403.21375,219.6875,534.80875,188.8925,532.13875
194.99,394.97125,226.13,396.35125,220.19,531.51625,189.05,530.15125
197.65125,392.93625,227.57625,394.96125,218.53125,529.15125,188.59125,527.14125
198.5225,392.39875,228.5825,394.43875,219.7475,524.75875,189.6875,522.73375
200.42,393.0675,231.125,395.0625,222.8,522.8625,192.095,520.8675
201.245,397.0575,233.72,399.3975,224.975,521.0925,192.5,518.7525
202.8625,397.205,235.8775,399.155,228.5275,523.475,195.5125,521.525
204.1225,396.80875,238.0075,399.19375,229.3075,522.22375,195.4225,519.82375
205.1275,398.97,237.9025,401.46,228.6025,524.07,195.8275,521.58
206.5225,396.4925,238.6375,400.4525,223.7275,521.2775,191.6125,517.3175
205.62875,399.3125,239.78375,403.7825,225.08375,516.2975,190.91375,511.8275
203.68,392.72,239.53,396.44,226.42,522.74,190.57,519.02
200.4975,390.2875,235.2375,392.8675,225.3525,526.2625,190.6125,523.6825
187.91,397.21875,223.475,397.09875,223.85,521.85375,188.285,521.95875
175.79875,397.3175,210.79375,397.1075,211.57375,528.0725,176.56375,528.2825
174.83875,401.32625,213.34375,403.23125,206.93875,533.10125,168.44875,531.21125
168.7475,401.32,206.6375,403.525,199.1825,531.7,161.2925,529.495
165.285,402.41625,201.915,403.03125,199.635,536.72625,163.005,536.09625
160.39,405.77375,196.585,406.23875,194.89,538.05875,158.695,537.57875
148.97625,404.845,187.85625,405.175,186.74625,537.955,147.85125,537.625
151.1725,404.47625,190.6675,407.19125,181.2175,545.01125,141.7225,542.31125
154.04875,410.4725,193.13875,415.0775,177.82375,545.1575,138.71875,540.5525
154.02625,414.64,195.68125,419.56,180.39625,549.04,138.72625,544.12
154.92,420.5975,197.07,425.5625,183.42,541.5725,141.27,536.6075
150.38125,417.8625,191.57125,420.3225,183.56125,553.8075,142.35625,551.3475
158.4675,419.49625,197.7825,423.30625,184.8225,557.21125,145.5075,553.41625
162.23,419.2025,198.59,421.5575,189.77,557.9675,153.41,555.6125
168.3875,421.5975,202.7075,423.1125,196.7825,556.6125,162.4625,555.0975
168.81,421.79,202.05,422.165,200.55,554.75,167.31,554.375
174.195,420.6275,210.18,423.5675,199.365,555.9425,163.38,553.0025
181.97375,426.265,214.23875,429.52,200.78375,562.855,168.53375,559.6
183.92,424.625,214.22,428.18,197.96,566.615,167.66,563.06
185.83,426.72,216.595,430.875,197.53,571.98,166.765,567.825
179.9425,428.85125,217.8925,433.36625,201.9475,567.03125,163.9975,562.50125
182.1425,430.77,217.0925,436.29,197.1875,562.23,162.2375,556.71
184.34125,427.285,219.99625,431.71,202.50625,572.875,166.86625,568.45
183.225,424.475,217.485,427.895,202.995,572.645,168.735,569.225
182.105,420.6875,215.99,424.7525,198.935,567.0425,165.05,562.9775
178.525,414.03,211.285,417.195,197.215,562.23,164.455,559.065
170.06,403.14625,203.435,406.05625,190.7,552.32125,157.325,549.42625
169.1125,397.42875,206.6125,402.99375,185.4175,545.98875,147.9175,540.43875
168.21,398.9,204.375,402.845,189.27,541.58,153.105,537.635
167.06125,393.63,205.28125,397.62,190.76125,536.79,152.52625,532.8
175.30875,394.7375,213.61875,398.6075,199.56375,538.0925,161.23875,534.2225
177.335,403.8625,216.8,404.0425,216.185,540.5875,176.72,540.4075
191.57875,404.88,229.94875,407.04,222.13375,545.4,183.74875,543.24
199.19375,402.6325,233.01875,403.5475,229.17875,546.0175,195.33875,545.1025
208.71625,404.7775,246.00625,406.4125,239.64625,551.6725,202.34125,550.0375
214.2175,412.76,251.3575,412.88,250.8925,556.46,213.7525,556.34
217.83,420.22625,258.735,421.00625,256.17,554.47625,215.265,553.68125
224.9125,423.1125,266.6275,424.5975,262.2775,547.0575,220.5625,545.5725
232.7125,423.09125,273.6625,425.11625,267.1975,555.15125,226.2475,553.11125
235.685,420.2725,278.795,421.6225,274.475,559.7575,231.365,558.4075
243.93125,416.45625,285.51125,418.46625,278.71625,558.08625,237.15125,556.06125
247.7725,415.56125,286.5025,417.58625,279.6775,548.50625,240.9475,546.49625
249.5425,406.6275,288.6475,408.4275,281.9875,552.7425,242.8825,550.9425
254.8575,405.89,294.6675,410.15,280.7925,539.93,240.9825,535.67
259.855,403.6475,298.39,407.9225,284.245,535.4825,245.71,531.2075
260.8,402.10375,299.41,406.21375,285.76,534.79375,247.15,530.69875
264.55875,396.045,300.01875,400.53,282.01875,542.655,246.57375,538.17
263.76,397.47625,300.54,402.24625,282.72,539.28625,245.94,534.50125
259.3675,399.92625,299.5675,404.33625,285.5425,532.36125,245.3425,527.96625
264.69875,402.33875,299.21375,405.38375,286.97375,544.47875,252.44375,541.44875
269.77375,401.52,302.62375,406.995,279.58375,545.34,246.74875,539.865
267.91625,400.58,299.91125,406.085,275.79125,546.26,243.81125,540.755
269.58125,397.895,302.04125,404.585,272.70125,546.965,240.22625,540.275
253.7575,397.765,287.2675,398.185,285.5125,538.135,252.0025,537.715
262.5375,394.31,295.6425,400.415,268.7325,546.23,235.6275,540.125
261.9325,393.4775,296.8075,399.6725,270.9175,545.2925,236.0425,539.0975
266.235,386.9275,300.135,393.1075,272.985,542.0425,239.085,535.8625
261.32375,390.10125,294.47375,391.12125,290.33375,527.00625,257.19875,526.00125
260.39,391.1125,294.41,393.7225,284.15,527.8375,250.13,525.2275
257.86375,391.39875,291.16375,393.40875,283.04875,527.55375,249.73375,525.52875
260.2625,392.405,292.6475,395.18,280.9475,531.635,248.5625,528.86
259.08375,389.405,293.65875,393.65,276.94875,529.955,242.35875,525.71
256.0275,388.9975,294.9525,392.9725,282.2625,517.2925,243.3375,513.3175
257.56,379.14,293.77,382.71,279.88,523.8,243.67,520.23
256.6125,376.0875,293.0475,379.8675,278.6175,518.7225,242.1825,514.9425
252.33,380.4225,290.955,383.2425,281.07,518.4675,242.445,515.6475
252.83,376.37875,291.605,379.48375,280.79,514.33375,242.015,511.21375
253.805,370.6525,294.59,374.2975,282.815,506.1175,242.03,502.4725
259.4925,361.81125,296.5575,365.38125,283.4775,501.41625,246.4125,497.86125
257.34,362.09125,300.87,366.14125,289.56,487.61125,246.03,483.54625
261.53375,360.75125,304.76375,365.34125,290.97875,494.97125,247.73375,490.36625
261.15625,357.2175,304.62625,361.7325,291.71125,485.9325,248.25625,481.4175
263.27125,351.195,304.17625,355.83,287.27125,505.125,246.35125,500.49
261.915,354.2075,302.145,357.6575,291.405,483.0425,251.175,479.5925
266.605,351.02,305.8,354.485,293.095,498.14,253.9,494.675
269.585,354.5625,304.565,357.4575,292.415,504.1875,257.435,501.2925
269.6275,357.3775,307.2625,360.8725,293.9425,504.4525,256.3075,500.9575
272.35125,356.2725,308.78625,361.0725,289.09125,510.6375,252.64125,505.8375
273.56,358.945,309.74,364.48,286.7,515.035,250.52,509.5
270.4325,365.9825,306.2975,370.8425,285.8375,521.7275,249.9725,516.8675
271.22375,374.5625,309.03875,381.2525,284.99375,516.9875,247.19375,510.2975
267.34,378.1325,305.935,384.7475,281.5,527.3375,242.905,520.7225
267.6175,378.3375,302.0575,383.0925,280.3525,540.1725,245.9125,535.4175
265.13875,379.6175,300.88375,384.5525,278.27875,548.0525,242.54875,543.1175
262.63375,378.605,301.33375,384.275,277.25875,548.735,238.54375,543.065
261.33875,379.7575,298.14875,383.3425,281.79875,551.4325,245.00375,547.8475
264.9425,379.59,306.5375,384.345,287.3075,552.45,245.7125,547.695
268.525,378.94375,307.15,384.13375,284.155,555.08875,245.53,549.88375
268.19125,377.2775,308.37625,383.2025,283.97125,549.0125,243.77125,543.0875
264.775,376.95875,308.17,381.51875,290.725,547.77875,247.33,543.23375
265.36125,374.4925,308.83125,378.4675,293.14125,550.3975,249.65625,546.4225
268.585,369.4325,310.75,373.2425,295.015,547.6775,252.85,543.8675
273.14,367.0925,318.41,372.3125,298.28,546.8375,253.01,541.6175
271.7825,371.9875,317.6375,377.1925,297.6875,553.2625,251.8325,548.0575
269.4175,372.79625,315.7375,377.02625,298.9525,560.32625,252.6325,556.08125
264.99125,372.5125,312.27125,374.8225,303.21125,560.6575,255.91625,558.3475
266.57,370.495,313.475,373.795,300.77,554.065,253.865,550.765
261.54375,367.99625,309.34875,371.41625,296.43375,551.26625,248.64375,547.83125
263.69,369.20125,311.255,373.89625,294.11,547.34125,246.545,542.63125
269.06875,366.81375,316.19875,372.34875,295.06375,552.25875,247.91875,546.70875
261.755,369.35125,313.58,374.70625,296.105,544.11625,244.28,538.77625
257.72,369.17625,312.155,373.78125,296.78,555.97125,242.345,551.38125
259.68875,365.83,310.62875,369.43,296.16875,574.15,245.24375,570.55
251.72125,362.68,304.94125,364.18,298.86625,578.62,245.66125,577.12
256.13125,361.735,311.12125,366.235,294.45625,569.785,239.48125,565.285
253.92,361.2625,311.595,366.0925,293.52,581.4475,235.845,576.6175
250.72625,358.935,306.99125,363.285,290.10125,581.505,233.85125,577.155
249.775,360.895,306.715,363.775,295.165,592.285,238.225,589.405
255.6425,366.2375,312.2675,370.2425,295.4675,608.1125,238.8425,604.1075
255.73375,374.81875,314.74375,379.36375,296.14375,620.11375,237.14875,615.55375
254.7775,377.84875,313.8325,382.51375,295.1125,620.00875,236.0575,615.35875
255.6925,381.955,314.6875,386.425,296.5975,625.165,237.6025,620.695
254.605,390.465,315.295,395.265,296.275,636.015,235.585,631.215
255.535,397.4025,319.12,403.2525,296.665,639.0,233.08,639.0
254.4225,400.33,316.8375,405.19,297.7275,639.0,235.3125,639.0
251.2175,397.405,312.1175,402.145,293.0525,639.0,232.1525,639.0
247.225,396.12875,307.81,400.74875,290.815,624.06875,230.23,619.46375
247.85875,387.61375,307.87375,394.06375,282.07375,634.07875,222.04375,627.61375
239.225,384.455,302.345,389.945,281.255,632.585,218.135,627.095
227.225,378.27875,287.885,379.58375,282.695,618.29375,222.035,616.97375
229.9125,358.345,292.6875,364.765,268.1175,605.035,205.3425,598.615
227.2475,346.335,289.5275,352.89,264.2825,592.545,202.0025,585.99
231.15125,339.1975,292.32125,345.3475,267.85625,588.9325,206.70125,582.7825
230.8875,342.55875,293.7375,349.72875,266.0625,591.99375,203.2125,584.80875
232.285,342.93875,294.595,349.80875,267.535,595.29875,205.225,588.44375
232.41125,345.65375,297.27125,351.41375,275.77625,592.89875,210.93125,587.12375
236.8725,344.2875,298.2675,351.6075,269.1975,595.4025,207.8025,588.0825
238.17125,350.085,298.54625,357.15,269.95625,601.515,209.59625,594.45
241.075,349.135,309.67,361.375,265.705,608.005,197.11,595.765
245.47375,348.7575,304.69375,356.7525,270.94375,606.7725,211.73875,598.7775
245.66625,347.72,306.71625,356.255,271.79625,606.26,210.73125,597.725
242.5525,345.29625,305.5825,353.41125,273.6175,601.93125,210.5875,593.83125
243.19625,343.03875,308.10125,352.20375,273.21125,599.47875,208.32125,590.32875
243.65375,343.8725,310.08875,354.4925,271.35875,596.8175,204.90875,586.1975
240.8425,341.76,309.6925,352.905,271.0675,591.66,202.2175,580.515
243.855,342.79375,308.235,351.85375,274.005,595.36375,209.625,586.31875
245.335,342.915,308.125,350.94,275.965,602.565,213.175,594.54
253.85,350.7125,312.965,358.0625,281.45,611.3375,222.335,603.9875
258.505,362.59,316.39,369.445,285.595,629.47,227.71,622.615
251.5775,378.15625,312.4775,383.34625,290.5925,639.0,229.6925,634.64125
250.40875,382.6925,314.42875,387.8525,294.14875,638.6975,230.14375,633.5375
247.8525,379.06125,313.8825,381.89625,302.9775,634.78125,236.9475,631.93125
256.1125,380.9625,316.0825,385.2225,297.9175,639.0,237.9475,636.6075
251.1975,374.97625,314.2425,380.18125,292.7325,639.0,229.6875,635.66125
244.8925,372.00125,311.4925,378.43625,286.3975,638.50625,219.7975,632.08625
233.40875,372.74625,300.90875,379.27125,275.84375,638.27625,208.32875,631.73625
232.75125,364.71875,300.65625,373.11875,269.27625,626.51375,201.38625,618.09875
234.17875,353.99875,304.31875,365.77375,262.09375,617.57875,191.93875,605.81875
231.22125,350.20125,301.31625,360.04125,266.02125,611.44125,195.91125,601.58625
230.62125,349.2625,301.37625,359.4625,265.54125,608.0875,194.77125,597.8875
228.2475,349.825,298.4775,359.785,264.7425,597.775,194.5125,587.815
233.9875,350.15,304.2475,362.705,261.4825,602.09,191.2225,589.535
233.93625,351.4375,303.86625,363.0775,263.54625,605.2525,193.60125,593.6125
234.87,354.1275,302.805,365.1825,263.85,604.5825,195.915,593.5275
234.30625,367.95625,301.23625,378.05125,265.64125,614.09125,198.72625,604.01125
233.51625,367.21,297.52125,374.905,269.30625,609.85,205.28625,602.155
239.67875,370.89625,300.05375,378.95125,269.67875,606.65125,209.31875,598.61125
245.36,372.67,301.925,378.34,279.02,606.73,222.455,601.06
247.42,373.07,307.555,380.24,280.42,607.97,220.285,600.8
250.9125,377.10375,308.4525,383.77875,282.8775,604.00875,225.3375,597.31875
246.625,377.7675,302.89,383.2725,281.335,603.8625,225.07,598.3575
240.24375,373.56,300.15375,378.84,281.32875,592.74,221.40375,587.46
239.61,369.64875,296.1,374.26875,279.03,583.00875,222.54,578.40375
239.55625,368.69,297.09625,374.84,275.34625,578.39,217.79125,572.24
235.475,365.65875,293.33,371.10375,274.385,572.19375,216.53,566.73375
228.99125,366.21125,285.03125,369.39125,273.97625,564.91625,217.95125,561.75125
229.52,367.2525,284.195,372.7725,264.32,569.6175,209.645,564.0975
229.475,365.94375,281.57,371.95875,258.365,573.15375,206.27,567.15375
224.82125,366.59375,276.76625,373.05875,252.46625,567.99875,200.53625,561.51875
217.81,366.39,269.515,370.005,255.79,566.31,204.085,562.695
219.355,368.3075,269.65,372.2975,254.365,565.5425,204.07,561.5525
217.045,368.965,264.1,371.44,253.915,565.075,206.86,562.6
217.8425,366.94125,263.0375,369.11625,253.7075,564.02625,208.5125,561.86625
217.8025,365.6975,265.7725,368.8775,252.8875,563.4725,204.9175,560.2925
219.77875,365.06625,264.70375,369.46125,246.07375,560.56125,201.13375,556.18125
223.09375,366.855,265.19875,371.64,244.48375,553.665,202.39375,548.88
221.905,366.255,260.32,368.91,248.155,545.145,209.74,542.49
223.4375,364.605,262.1675,368.28,245.4725,544.395,206.7425,540.72
223.4375,365.82,260.3675,368.55,247.6325,540.6,210.7025,537.87
225.6375,370.23125,262.9275,373.96625,246.1725,541.51625,208.8825,537.79625
226.08,369.48625,263.61,373.61125,245.16,541.58125,207.63,537.47125
227.1725,367.45375,264.6575,371.27875,247.6775,538.00375,210.1925,534.19375
225.305,369.26125,260.615,371.12125,251.735,538.82125,216.425,536.94625
229.725,369.365,265.425,372.26,252.015,537.875,216.315,534.98
231.94875,373.07625,267.87375,376.13625,254.16375,536.54625,218.22375,533.47125
229.79375,374.17,266.30375,376.36,256.71875,535.45,220.19375,533.26
236.79,375.16,271.995,379.45,253.11,534.34,217.905,530.05
239.935,377.0475,272.875,380.4675,256.585,537.5625,223.645,534.1425
243.355,376.55375,276.07,379.83875,259.645,542.91875,226.93,539.61875
249.35625,380.6075,282.02625,384.1325,265.03125,541.5425,232.37625,538.0175
243.01,384.34125,277.0,384.47625,276.37,539.26125,242.38,539.11125
246.31,389.2225,279.07,389.4925,277.87,538.1275,245.11,537.8575
245.24625,388.97375,281.39625,389.18375,280.48125,536.67875,244.34625,536.45375
249.2475,394.4525,284.6625,396.1775,277.8825,536.2175,242.4675,534.4925
252.5175,393.4025,289.5975,396.9725,275.5725,542.6675,238.4925,539.0975
250.3175,396.4225,286.6175,397.5325,282.0725,545.8675,245.7725,544.7575
252.47125,397.135,289.10125,400.3,276.15625,550.045,239.54125,546.88
253.6675,398.26625,289.8625,401.65625,275.5825,553.87625,239.3875,550.47125
262.41875,400.73375,296.39375,406.62875,270.33875,556.88375,236.37875,551.00375
261.29875,402.22375,296.84875,408.94375,268.91875,556.58875,233.38375,549.85375
262.7325,405.28375,298.2075,412.04875,269.7375,561.14875,234.2625,554.36875
263.45625,407.21875,302.81625,416.39875,268.93125,561.61375,229.58625,552.41875
260.5525,408.115,299.7475,415.345,271.6975,567.265,232.5025,560.035
260.90875,408.365,298.43875,415.19,270.64375,568.295,233.09875,561.47
257.6525,411.27875,294.7775,416.25875,274.1975,569.27375,237.0725,564.27875
255.82875,412.8,293.70375,417.675,273.88875,571.62,236.02875,566.745
258.21,412.245,296.58,417.885,274.47,568.155,236.1,562.515
259.11875,410.99,295.94375,416.09,275.27375,565.25,238.43375,560.15
258.30625,407.3175,296.24125,412.6425,275.37625,561.4725,237.42625,556.1475
261.72625,405.175,297.32125,409.99,277.64125,555.565,242.06125,550.75
255.76875,398.13875,294.63375,402.63875,277.78875,548.25875,238.93875,543.77375
255.095,394.0975,295.865,399.7225,276.965,536.6125,236.195,530.9875
256.6725,394.6025,293.5575,397.5425,281.9775,542.8475,245.0925,539.9075
255.3925,393.58375,291.4075,395.51875,283.3375,546.43375,247.3225,544.51375
252.84,393.095,293.175,394.895,286.62,541.445,246.285,539.645
257.0025,390.5925,296.6925,393.4125,286.0875,542.4975,246.3975,539.6775
259.8225,390.68125,298.5225,393.78625,286.4475,544.50625,247.7475,541.41625
261.9625,392.425,301.1125,395.755,288.5875,542.875,249.4375,539.545
260.105,389.45,301.265,392.495,290.195,541.55,249.035,538.505
258.58875,388.15625,300.04875,390.10625,293.22375,535.00625,251.74875,533.04125
262.70875,387.85125,303.01375,391.09125,291.34375,536.51625,251.02375,533.29125
262.7725,388.4325,302.2675,391.2525,291.8575,537.0975,252.3625,534.2775
263.36125,388.185,301.68625,391.02,290.66125,540.255,252.32125,537.42
265.1275,389.085,301.4425,391.38,292.0225,540.255,255.7075,537.96
261.8575,392.4725,304.5325,395.6075,293.9125,539.9975,251.2375,536.8625
262.325,390.28125,303.26,393.40125,291.455,548.48625,250.52,545.38125
257.0675,396.64625,299.7875,397.93625,295.2425,548.94125,252.5225,547.66625
252.905,403.3175,295.565,403.6025,294.575,548.4125,251.915,548.1275
263.2675,400.81875,305.3275,408.22875,278.1625,562.39875,236.1025,555.00375
258.78,407.745,300.465,414.525,276.12,564.255,234.435,557.475
248.955,412.7875,287.76,415.6825,276.345,568.5025,237.54,565.6075
246.10375,413.94375,287.38375,419.76375,265.39375,575.97375,224.12875,570.16875
239.9475,418.17875,280.4175,422.79875,262.9425,576.03875,222.4725,571.43375
229.5475,423.8425,270.8575,423.5575,271.9225,578.3275,230.6125,578.6125
231.14375,426.03125,272.27375,428.70125,262.44875,580.57625,221.30375,577.92125
228.03125,424.58625,273.07625,428.86125,258.45125,582.71625,213.39125,578.42625
230.5475,426.4075,275.3825,432.1825,255.8225,584.2225,210.9875,578.4475
219.785,430.65,263.84,430.92,262.895,584.07,218.84,583.8
228.63875,427.20875,273.42875,434.07875,250.67375,582.60875,205.86875,575.75375
223.1575,430.435,270.3325,434.725,256.9525,581.905,209.7775,577.615
221.3975,429.225,270.3875,432.645,259.8725,583.215,210.8825,579.795
220.7725,428.8875,267.9175,430.8975,261.3175,586.1625,214.1725,584.1525
219.65375,431.48,265.22375,431.525,265.04375,590.06,219.48875,590.015
220.4,429.3625,268.025,430.7275,263.42,591.1675,215.795,589.8025
217.225,432.42,264.895,432.615,264.235,590.76,216.565,590.565
216.915,433.70625,267.525,434.69625,264.465,589.67625,213.855,588.67125
219.6625,431.8475,269.5675,432.9725,265.9075,595.0625,216.0025,593.9375
226.09625,432.8225,277.99625,438.5525,263.20625,572.6075,211.29125,566.8775
227.9375,430.4825,279.6275,435.9875,263.5925,586.5275,211.9025,581.0225
234.80875,432.1575,277.72375,435.5475,265.34875,592.1925,222.44875,588.8025
237.03875,430.43625,278.45375,434.78625,261.99875,591.61125,220.59875,587.27625
241.34875,430.2175,279.01375,433.8325,264.02875,590.0725,226.37875,586.4575
241.1575,434.67,282.6025,440.475,262.1125,587.13,220.6675,581.325
241.385,434.025,280.28,438.825,261.635,589.695,222.74,584.895
242.0875,432.6,284.3275,439.005,260.8825,593.7,218.6425,587.295
242.4725,430.61375,286.0925,438.06875,258.6575,598.53875,215.0375,591.06875
242.53,430.3275,285.655,437.3925,258.85,601.1025,215.725,594.0375
243.96,431.915,286.755,439.745,256.86,603.185,214.065,595.355
235.3275,434.2425,275.7375,435.0225,272.6025,595.1475,232.1925,594.3675
249.69375,431.96,290.79375,440.36,257.95875,601.1,216.84375,592.7
247.63,432.715,289.345,438.7,265.63,603.745,223.915,597.76
254.6875,433.1325,294.0175,440.7675,262.5025,602.9775,223.1725,595.3425
254.2525,432.4175,296.7475,441.8075,260.5975,605.4125,218.1025,596.0225
250.10125,431.845,293.12125,440.725,259.44625,603.895,216.44125,595.015
243.265,430.16,286.615,439.13,253.495,599.18,210.145,590.21
240.7175,428.845,282.2975,436.315,253.5725,595.915,211.9925,588.445
242.49,426.88125,286.23,433.09125,263.85,591.02625,220.11,584.83125
248.9125,421.17375,291.6475,426.09375,273.3175,584.83875,230.5825,579.90375
257.54875,416.265,298.07875,423.315,270.50875,581.835,229.99375,574.785
255.2325,417.5225,295.1625,422.9375,273.6975,581.0675,233.7675,575.6525
253.945,421.2675,294.67,426.9975,271.975,588.1425,231.25,582.4125
255.5225,424.21375,294.1025,428.39875,276.2075,593.38375,237.6275,589.21375
239.2425,430.85875,287.7825,432.25375,283.1475,594.53875,234.6075,593.15875
238.50125,432.80125,287.02625,434.48125,281.46125,595.74625,232.92125,594.08125
239.75375,431.16,283.86875,432.18,280.10375,594.36,236.00375,593.34
240.87,422.8675,286.53,425.4475,276.87,596.1025,231.21,593.5225
248.42,418.79875,290.525,421.19875,280.7,592.75375,238.595,590.33875
252.21625,417.9575,294.20125,420.7775,282.89125,589.1525,240.92125,586.3325
253.55875,415.96375,299.24875,420.04375,284.29375,587.12875,238.58875,583.03375
256.075,411.6025,302.14,416.5975,284.185,582.2875,238.12,577.2925
260.0,412.4175,302.945,416.6925,287.18,574.8525,244.235,570.5775
263.88125,410.1025,309.78125,417.1975,286.00625,570.9475,240.12125,563.8525
266.2875,410.73,311.9625,417.99,288.7425,564.21,243.0675,556.95
266.16,406.8,311.85,412.425,292.44,570.12,246.75,564.495
266.22,405.9775,312.585,412.3075,290.28,575.6125,243.915,569.2825
267.96625,404.46,313.74625,411.795,286.83625,579.78,241.04125,572.445
268.97125,401.33125,314.40625,409.68625,282.81625,581.21125,237.39625,572.84125
270.6775,400.0775,314.2075,406.8575,287.0125,581.3525,243.4825,574.5725
276.00625,400.0175,321.65125,410.0825,284.49625,578.5925,238.83625,568.5275
275.665,403.44,320.875,412.5,289.555,568.8,244.345,559.74
272.83875,401.395,317.32875,408.325,290.07375,583.405,245.56875,576.475
274.9475,403.61625,321.1475,413.71125,283.1825,587.47125,236.9825,577.39125
270.7325,407.73,316.6625,415.665,286.7975,588.33,240.8675,580.395
271.12875,411.04625,317.25375,419.25125,286.78875,590.64125,240.67875,582.45125
265.35375,408.4,315.13875,416.605,286.80375,588.7,237.03375,580.495
262.73125,408.935,310.76125,416.18,284.99125,587.225,236.94625,579.98
255.7125,409.0475,303.6525,414.8225,282.9375,586.9025,234.9975,581.1275
253.1225,406.99,298.9925,412.675,278.1875,580.81,232.3175,575.125
248.5975,406.1675,296.1475,412.3175,274.7725,577.3025,227.2225,571.1525
243.8025,405.01125,290.5575,409.94625,272.8875,577.15125,226.1325,572.20125
242.305,403.29,287.245,407.82,269.635,582.69,224.695,578.16
237.9175,403.2,282.3175,406.02,271.1125,582.42,226.7125,579.6
237.62625,403.33,288.61125,408.4,271.25625,583.15,220.25625,578.08
232.87,403.15,279.625,403.66,277.63,587.95,230.875,587.44
242.58,402.1525,290.97,408.0025,269.28,587.4175,220.89,581.5675
246.825,400.52375,293.475,407.01875,268.815,584.21375,222.165,577.73375
249.01875,400.30875,295.09875,406.20375,271.81875,588.22875,225.75375,582.34875
253.14375,405.38375,300.81375,413.36375,275.67375,563.57375,228.01875,555.60875
255.9225,400.76,302.8875,408.95,272.4675,583.34,225.5025,575.15
253.455,404.08,296.1,408.445,278.325,581.68,235.68,577.315
252.625,404.51625,300.265,411.10125,276.715,581.18625,229.075,574.58625
251.1675,405.95,302.2875,414.725,273.6825,581.45,222.5625,572.675
250.42375,408.29875,300.11875,416.02375,275.18875,576.65875,225.47875,568.94875
243.5775,410.19625,295.5375,415.20625,279.4125,582.71125,227.4525,577.71625
247.045,411.92,296.425,417.68,276.895,585.02,227.515,579.26
246.7325,416.2025,294.9575,421.4525,276.7775,588.6275,228.5525,583.3775
249.72,415.7675,297.855,422.9825,270.42,605.9825,222.285,598.7675
253.005,418.38875,301.845,430.13375,258.735,609.48875,209.895,597.75875
253.95,424.605,300.06,436.005,257.67,607.395,211.56,595.995
255.27875,427.65,302.22875,439.83,258.09875,609.87,211.16375,597.69
253.7425,427.23,303.9325,439.77,259.2475,618.63,209.0575,606.09
253.83125,427.8825,305.17625,440.9775,259.11125,621.7275,207.75125,608.6325
249.49,431.5775,303.61,443.7425,266.05,610.8725,211.93,598.7075
245.4575,430.9625,297.6275,439.3925,269.2925,614.8475,217.1225,606.4175
246.37125,432.48125,300.22125,441.97625,270.25125,611.82125,216.38625,602.31125
248.40625,433.36,300.00625,441.445,274.94125,601.24,223.35625,593.155
250.24125,432.37625,300.07125,438.81125,277.66125,612.22625,227.81625,605.77625
251.975,432.15,303.575,440.67,274.505,616.71,222.905,608.19
250.6175,434.8925,299.7575,441.8225,275.6525,612.5375,226.5125,605.6075
249.77125,435.0475,300.27625,442.5775,273.87625,619.6825,223.38625,612.1525
250.18,438.63125,301.645,446.35625,274.66,625.95125,223.195,618.21125
248.7875,437.9725,301.8575,445.5925,274.1825,638.5975,221.1125,630.9775
244.25875,443.9775,295.13875,446.9925,283.61875,639.0,232.75375,638.2575
247.0425,448.46375,297.5625,453.92375,277.1475,639.0,226.6275,637.13375
245.12375,449.975,297.29375,455.765,275.99375,639.0,223.83875,639.0
247.1225,456.13875,302.4425,464.05875,278.2475,632.91375,222.9275,624.97875
248.28,455.07,299.205,461.19,276.06,639.0,225.135,639.0
249.65625,457.065,300.55125,463.74,275.54625,639.0,224.63625,639.0
251.26625,461.7225,302.91125,469.2675,276.13625,639.0,224.47625,639.0
251.3125,461.9725,305.4925,471.0325,274.6975,639.0,220.5175,639.0
254.1475,462.41375,309.2875,474.29375,270.9025,639.0,215.7625,639.0
252.75875,467.04,309.93875,479.43,272.31875,639.0,215.15375,639.0
251.995,467.42375,307.09,479.09375,270.805,639.0,215.71,638.91875
250.91375,465.53125,304.44875,476.37625,268.94375,639.0,215.42375,639.0
245.765,463.7825,297.83,473.0525,264.335,639.0,212.27,639.0
249.02,464.27,300.53,477.86,254.3,639.0,202.79,639.0
250.20875,458.64375,299.78375,472.54875,246.00875,639.0,196.44875,639.0
249.63875,455.7225,300.75875,470.5425,245.09375,639.0,193.95875,639.0
249.75125,454.005,299.80625,467.775,246.55625,639.0,196.51625,639.0
247.22375,451.43625,299.31875,463.54125,253.68875,639.0,201.57875,639.0
251.42375,449.0425,304.62875,462.3775,254.82875,639.0,201.60875,639.0
247.395,449.94875,300.63,459.84875,263.325,639.0,210.09,639.0
250.94375,453.485,304.53875,465.47,261.89375,639.0,208.31375,639.0
248.715,454.0975,302.46,463.5325,268.725,639.0,214.98,639.0
247.25,458.475,300.545,466.41,272.39,639.0,219.095,639.0
242.3725,460.075,298.0225,467.11,274.3375,639.0,218.6875,639.0
242.835,461.685,300.585,470.4,273.405,639.0,215.655,639.0
245.1275,462.61625,299.2025,470.77625,271.9625,639.0,217.8875,639.0
243.315,465.875,301.35,475.34,272.805,639.0,214.77,639.0
244.695,466.86875,304.785,478.38875,270.705,639.0,210.615,639.0
242.1575,467.915,298.0625,474.575,275.2325,639.0,219.3275,639.0
243.65,467.64125,297.8,474.19625,273.89,639.0,219.74,639.0
243.0475,467.97625,298.1425,474.23125,275.6425,639.0,220.5475,639.0
244.13,472.31875,299.9,479.05375,276.59,639.0,220.82,639.0
244.5425,477.26125,298.0175,483.74125,275.4275,639.0,221.9525,639.0
244.58,483.165,300.02,491.01,274.82,639.0,219.38,639.0
242.695,484.3475,299.335,490.8275,278.845,639.0,222.205,639.0
242.87375,485.535,299.55875,492.555,277.58375,639.0,220.91375,639.0
244.4525,483.695,305.2625,493.97,276.0575,639.0,215.2475,639.0
245.69875,484.095,304.81375,493.2,277.45375,639.0,218.32375,639.0
245.5375,484.6075,304.4125,494.4925,276.3325,639.0,217.4575,639.0
247.475,484.615,302.495,492.925,277.385,639.0,222.365,639.0
246.195,483.6325,302.985,492.3925,277.065,639.0,220.275,639.0
244.2725,485.93375,300.0875,492.39875,280.4375,639.0,224.6225,639.0
250.69875,478.6725,306.45375,489.1575,272.01375,639.0,216.24375,639.0
253.5975,474.735,308.3175,485.79,270.3525,639.0,215.6325,639.0
257.58375,476.355,311.74875,490.245,264.69375,639.0,210.54375,639.0
254.2825,477.1125,308.3275,488.2125,269.8675,639.0,215.8225,639.0
251.22,477.2975,303.315,486.0125,271.74,639.0,219.645,639.0
256.77875,477.16125,310.55375,490.97625,263.69375,639.0,209.90375,639.0
260.935,474.76,315.085,490.75,261.085,639.0,206.935,639.0
254.1375,470.7225,311.7225,483.7125,268.3725,639.0,210.7875,639.0
253.5275,466.4125,310.1225,477.7675,270.2225,639.0,213.6275,639.0
251.615,463.34125,312.125,476.22625,271.085,639.0,210.575,639.0
253.71,460.33625,316.59,475.00625,273.09,639.0,210.21,639.0
250.2675,457.68125,310.5075,468.87125,275.3625,639.0,215.1225,639.0
250.31,450.26125,313.34,464.21125,271.73,639.0,208.7,638.19625
248.565,449.04875,308.355,459.36875,276.435,639.0,216.645,634.16375
249.33,446.1725,308.13,456.8375,274.89,639.0,216.09,629.4725
247.1175,443.55,307.7175,454.05,274.6125,639.0,214.0125,634.65
246.4325,440.19125,305.7425,447.79625,279.3575,639.0,220.0475,639.0
248.3825,438.45125,308.9525,445.68125,283.8275,639.0,223.2575,639.0
251.06875,438.6625,312.82375,446.2975,287.44375,639.0,225.67375,639.0
254.15875,436.605,314.02375,443.19,290.75875,639.0,230.90875,639.0
258.8925,437.555,321.0225,446.765,289.4775,639.0,227.3475,639.0
262.26625,439.145,324.69625,448.985,291.09625,639.0,228.65125,639.0
263.215,440.675,325.735,450.41,293.065,639.0,230.545,639.0
264.75375,441.7,326.34375,450.415,296.82375,639.0,235.24875,639.0
268.46625,441.975,330.86625,452.805,295.72125,639.0,233.33625,639.0
266.53,446.78875,327.025,456.44875,296.41,639.0,235.915,638.36875
265.81125,444.6075,324.20625,450.9075,302.87625,639.0,244.49625,639.0
265.76,443.705,327.53,450.8,305.6,639.0,243.83,634.64
267.1675,444.75,331.3075,453.57,305.9425,638.01,241.8025,629.19
270.61625,446.2475,334.02125,455.9675,305.25125,639.0,241.86125,633.9425
265.84375,446.64,327.95875,451.83,311.18875,639.0,249.05875,639.0
272.05625,449.3825,338.65625,461.8925,304.53125,639.0,237.94625,631.0775
273.175,447.49,341.68,462.865,298.465,639.0,229.96,639.0
272.14125,453.5625,338.60625,467.8125,299.96625,639.0,233.51625,633.6975
273.0725,456.3375,339.2075,470.6175,300.7175,639.0,234.5825,634.6125
271.94125,460.33,339.23125,475.345,300.98125,639.0,233.67625,631.735
271.1825,461.9325,338.9225,477.4425,300.9875,639.0,233.2475,627.6075
272.7725,462.3825,341.7725,481.5825,297.8975,639.0,228.8975,620.0475
265.92,463.49375,335.34,476.39375,305.28,638.24375,235.86,625.35875
266.64875,465.97875,336.69875,483.61875,300.36875,627.91875,230.33375,610.29375
271.35875,463.0275,339.11375,484.7175,292.83875,629.2425,225.09875,607.5525
277.49875,463.44375,342.76375,492.25875,286.51375,619.71375,221.23375,590.91375
275.135,461.2375,342.305,489.7525,289.925,613.1725,222.755,584.6575
280.2525,460.9075,343.5975,494.2675,283.4775,608.4025,220.1325,575.0425
289.58,461.98,346.55,504.625,273.44,602.32,216.47,559.675
288.0225,462.41,344.9925,504.92,275.8875,597.53,218.9175,555.02
295.69,464.22,344.575,525.885,266.29,587.94,217.405,526.275
295.3525,465.9575,345.9325,514.9625,273.4375,589.8125,222.8575,540.8075
293.4775,471.92375,338.4925,515.45375,267.9325,588.41375,222.9175,544.89875
292.74875,473.7075,336.36875,524.1975,257.58875,592.2225,213.98375,541.7325
293.88625,483.87125,328.74625,523.71125,251.84125,590.97125,216.99625,551.11625
287.735,483.275,327.38,517.265,256.865,599.525,217.22,565.535
