0.161545,0.00130313,-0.801472,-0.00143125,0.262519,-0.586054,0.0,0.0,1.0
0.159231,0.00110508,-0.781232,-0.00120625,0.262444,-0.573733,0.0,0.0,1.0
0.151706,0.00065625,-0.761325,-0.00068125,0.261494,-0.557454,0.0,0.0,1.0
0.144265,0.00515625,-0.740677,-0.00519219,0.254286,-0.529899,0.0,0.0,1.0
0.139022,-0.00490078,-0.718603,0.00506875,0.238728,-0.517027,0.0,0.0,1.0
0.142172,0.0155625,-0.688,-0.0154656,0.254444,-0.495692,0.0,0.0,1.0
0.151204,-0.0259113,-0.650927,0.0293547,0.237133,-0.485859,0.0,0.0,1.0
0.155686,-0.00619453,-0.629791,0.00692812,0.248053,-0.468827,0.0,0.0,1.0
0.148696,0.00383086,-0.605334,-0.00390781,0.259814,-0.459939,0.0,0.0,1.0
0.155039,-0.00264844,-0.568375,0.003,0.243156,-0.440562,0.0,0.0,1.0
0.147199,-0.0302695,-0.531992,0.0308141,0.256877,-0.417793,0.0,0.0,1.0
0.150973,0.00469922,-0.516898,-0.00504375,0.249269,-0.430742,0.0,0.0,1.0
0.140941,3.51562e-05,-0.497805,-3.4375e-05,0.244363,-0.437762,0.0,0.0,1.0
0.143133,-0.0126563,-0.480359,0.013175,0.244631,-0.446671,0.0,0.0,1.0
0.147211,-0.000257812,-0.471188,0.000276562,0.253214,-0.458872,0.0,0.0,1.0
0.139406,-0.0310781,-0.456969,0.0292906,0.262803,-0.458015,0.0,0.0,1.0
0.150914,0.00225,-0.445641,-0.00244375,0.246662,-0.47765,0.0,0.0,1.0
0.149578,-0.00110156,-0.423453,0.001175,0.249319,-0.489796,0.0,0.0,1.0
0.147281,0.00234375,-0.401,-0.00243906,0.251248,-0.499249,0.0,0.0,1.0
0.146719,-0.00075,-0.356969,0.000748437,0.258573,-0.504174,0.0,0.0,1.0
0.160172,0.0322031,-0.310219,-0.0402469,0.227878,-0.513252,0.0,0.0,1.0
0.166371,0.0378164,-0.262414,-0.0518406,0.215744,-0.522225,0.0,0.0,1.0
0.156375,-0.000703125,-0.197812,0.00084375,0.231353,-0.525673,0.0,0.0,1.0
0.145125,-0.0439219,-0.141844,0.0494766,0.229023,-0.520536,0.0,0.0,1.0
0.138715,-0.050707,-0.0986328,0.0521359,0.23978,-0.517811,0.0,0.0,1.0
0.142969,-0.0713672,-0.0559531,0.0774266,0.234308,-0.499705,0.0,0.0,1.0
0.160008,-0.0159609,-0.0284688,0.0174344,0.260419,-0.513154,0.0,0.0,1.0
0.159562,-0.0118359,0.000421875,0.0127094,0.264237,-0.511679,0.0,0.0,1.0
0.140859,-0.0469922,0.0118594,0.0448422,0.262386,-0.510361,0.0,0.0,1.0
0.141199,-0.045457,0.0121016,0.0445375,0.256166,-0.516465,0.0,0.0,1.0
0.148418,-0.00317578,-0.00482031,0.00335156,0.248789,-0.534589,0.0,0.0,1.0
0.148523,-0.00639844,-0.0351875,0.00676094,0.249517,-0.534636,0.0,0.0,1.0
0.135984,0.00283594,-0.0778594,-0.00275781,0.247552,-0.534618,0.0,0.0,1.0
0.138281,-1.38778e-17,-0.114063,0.0,0.253125,-0.535417,0.0,0.0,1.0
0.145313,-4.16334e-17,-0.15625,-1.38778e-17,0.2625,-0.541667,0.0,0.0,1.0
0.14673,-0.00289453,-0.203086,0.00303125,0.249091,-0.542956,0.0,0.0,1.0
0.149742,0.0185391,-0.252375,-0.0199703,0.247098,-0.537128,0.0,0.0,1.0
0.149086,0.0348984,-0.307656,-0.0406016,0.227773,-0.518578,0.0,0.0,1.0
0.146754,0.0378867,-0.34593,-0.0440187,0.224562,-0.500562,0.0,0.0,1.0
0.136934,0.0597773,-0.375758,-0.0696547,0.208998,-0.481311,0.0,0.0,1.0
0.143203,0.0142734,-0.395891,-0.0156938,0.23145,-0.465467,0.0,0.0,1.0
0.149344,0.0107344,-0.420219,-0.0117531,0.242547,-0.45274,0.0,0.0,1.0
0.149203,0.00166406,-0.442359,-0.00184375,0.2393,-0.446638,0.0,0.0,1.0
0.154418,-0.00116016,-0.472508,0.0013125,0.242781,-0.444646,0.0,0.0,1.0
0.147305,0.00628125,-0.488734,-0.00668594,0.246483,-0.441572,0.0,0.0,1.0
0.149625,0.00321094,-0.503953,-0.00337656,0.252445,-0.441047,0.0,0.0,1.0
0.154219,-0.000515625,-0.515,0.000590625,0.240981,-0.4423,0.0,0.0,1.0
0.155086,0.00335156,-0.5265,-0.00381406,0.24238,-0.440128,0.0,0.0,1.0
0.141,0.0377812,-0.5385,-0.0388016,0.244114,-0.437826,0.0,0.0,1.0
0.165703,-0.00703125,-0.538125,0.00849844,0.243764,-0.443051,0.0,0.0,1.0
0.159738,0.00498047,-0.547945,-0.00574375,0.246562,-0.445375,0.0,0.0,1.0
0.161648,0.00740625,-0.532047,-0.00871406,0.244642,-0.445157,0.0,0.0,1.0
0.162047,0.0043125,-0.508781,-0.00515,0.241478,-0.446465,0.0,0.0,1.0
0.13882,0.0565313,-0.471578,-0.0599703,0.232752,-0.445522,0.0,0.0,1.0
0.137355,0.0238477,-0.413195,-0.02485,0.234231,-0.464758,0.0,0.0,1.0
0.141469,0.0380156,-0.366937,-0.0422141,0.226445,-0.474109,0.0,0.0,1.0
0.142687,0.0299297,-0.309984,-0.03715,0.2045,-0.488438,0.0,0.0,1.0
0.129152,0.00427734,-0.23943,-0.00500625,0.196128,-0.505669,0.0,0.0,1.0
0.125754,-0.00242578,-0.184398,0.00275,0.196831,-0.508888,0.0,0.0,1.0
0.132832,-0.00786328,-0.131242,0.00796094,0.233745,-0.478059,0.0,0.0,1.0
0.137297,-0.0200391,-0.0894844,0.0209875,0.233159,-0.489148,0.0,0.0,1.0
0.145535,-0.00408984,-0.0503047,0.004225,0.249597,-0.494752,0.0,0.0,1.0
0.143707,-0.0272227,-0.00630469,0.0280937,0.247562,-0.502563,0.0,0.0,1.0
0.152238,-0.0153633,0.0258047,0.0163422,0.254455,-0.521866,0.0,0.0,1.0
0.138773,-0.0384844,0.0549531,0.036475,0.260206,-0.5277,0.0,0.0,1.0
0.152215,-0.00479297,0.0643203,0.00525469,0.246736,-0.545366,0.0,0.0,1.0
0.153047,-0.0157031,0.0691875,0.0166875,0.255756,-0.553963,0.0,0.0,1.0
0.16002,-0.000902344,0.0561328,0.00101094,0.250861,-0.558032,0.0,0.0,1.0
0.159469,0.00365625,0.0288125,-0.00397969,0.260264,-0.552864,0.0,0.0,1.0
0.150914,0.0376172,-0.0155938,-0.0378547,0.266602,-0.517839,0.0,0.0,1.0
0.16152,-0.000363281,-0.0574609,0.000432812,0.247058,-0.505372,0.0,0.0,1.0
0.171492,-0.0013125,-0.119422,0.00163125,0.244,-0.483417,0.0,0.0,1.0
0.180375,-0.00124219,-0.185266,0.00157187,0.250122,-0.46554,0.0,0.0,1.0
0.181242,0.0188437,-0.271891,-0.0321531,0.188966,-0.488081,0.0,0.0,1.0
0.16391,0.0544805,-0.344008,-0.0852313,0.186263,-0.469071,0.0,0.0,1.0
0.18982,0.0183984,-0.416938,-0.0266797,0.232652,-0.452143,0.0,0.0,1.0
0.18934,0.000433594,-0.479352,-0.000554688,0.270539,-0.448026,0.0,0.0,1.0
0.199219,-5.55112e-17,-0.548437,0.0,0.271875,-0.46875,0.0,0.0,1.0
0.201145,0.00531797,-0.610956,-0.00679531,0.279067,-0.478024,0.0,0.0,1.0
0.213261,-0.0038707,-0.676002,0.0056,0.2619,-0.490288,0.0,0.0,1.0
0.207026,-0.000700781,-0.730955,0.000970313,0.264623,-0.50602,0.0,0.0,1.0
0.201296,0.00238945,-0.79001,-0.00337812,0.252628,-0.516419,0.0,0.0,1.0
0.163701,0.000874219,-0.836299,-0.00224844,0.243158,-0.520272,0.0,0.0,1.0
0.1125,-1.11022e-16,-0.8875,0.0,0.265625,-0.477083,0.0,0.0,1.0
0.111553,0.00101602,-0.888447,-0.00174844,0.273333,-0.473389,0.0,0.0,1.0
0.0976416,0.00283945,-0.902358,-0.00414687,0.282806,-0.455975,0.0,0.0,1.0
0.113906,-1.11022e-16,-0.886094,0.0,0.29,-0.468333,0.0,0.0,1.0
0.114315,4.57031e-05,-0.885685,-6.71875e-05,0.29812,-0.465372,0.0,0.0,1.0
0.120328,-0.00192188,-0.879672,0.00319531,0.306036,-0.443107,0.0,0.0,1.0
0.122795,0.000386719,-0.877205,-0.000689063,0.289311,-0.463041,0.0,0.0,1.0
0.134646,-0.000192187,-0.865354,0.000384375,0.278616,-0.459785,0.0,0.0,1.0
0.139844,-1.11022e-16,-0.860156,0.0,0.25625,-0.466667,0.0,0.0,1.0
0.157714,0.00209414,-0.842286,-0.00517813,0.269631,-0.455921,0.0,0.0,1.0
0.163186,0.0255926,-0.836814,-0.0696547,0.249758,-0.475859,0.0,0.0,1.0
0.170634,0.0251878,-0.82156,-0.0558687,0.254716,-0.47556,0.0,0.0,1.0
0.173625,0.0344293,-0.803344,-0.0647469,0.232884,-0.477048,0.0,0.0,1.0
0.199506,-0.0213949,-0.770301,0.0376328,0.201539,-0.494943,0.0,0.0,1.0
0.185434,-0.0304207,-0.737248,0.0497078,0.20178,-0.485832,0.0,0.0,1.0
0.177839,0.0216586,-0.713497,-0.0257391,0.26618,-0.433786,0.0,0.0,1.0
0.165497,-0.00226406,-0.665409,0.00237656,0.279002,-0.420584,0.0,0.0,1.0
0.179092,-0.0716074,-0.604785,0.0999047,0.228217,-0.430082,0.0,0.0,1.0
0.194468,-0.00166172,-0.565036,0.00209062,0.2749,-0.412371,0.0,0.0,1.0
0.19043,0.0035625,-0.514734,-0.00461719,0.262461,-0.409349,0.0,0.0,1.0
0.171059,0.00725391,-0.460258,-0.00884375,0.248938,-0.409938,0.0,0.0,1.0
0.161121,0.00608203,-0.39068,-0.00721875,0.241063,-0.404646,0.0,0.0,1.0
0.161332,0.058793,-0.352695,-0.117061,0.144061,-0.431707,0.0,0.0,1.0
0.151758,0.0151406,-0.261797,-0.0290937,0.140531,-0.456958,0.0,0.0,1.0
0.137379,0.0395977,-0.176195,-0.0389687,0.248094,-0.378875,0.0,0.0,1.0
0.178125,-2.77556e-17,-0.121875,0.0,0.24375,-0.370833,0.0,0.0,1.0
0.175781,-1.38778e-17,-0.0546875,6.93889e-18,0.253125,-0.372917,0.0,0.0,1.0
0.184102,0.00480469,0.0208125,-0.00614063,0.255859,-0.364906,0.0,0.0,1.0
0.189844,6.93889e-18,0.0921875,-1.38778e-17,0.2625,-0.3625,0.0,0.0,1.0
0.186188,0.0506719,0.116938,-0.0771875,0.217312,-0.378375,0.0,0.0,1.0
0.190008,0.0408516,0.163563,-0.0648297,0.21283,-0.403991,0.0,0.0,1.0
0.165,-0.00241406,0.209203,0.00289063,0.244266,-0.418427,0.0,0.0,1.0
0.170437,-0.00740625,0.216937,0.00872031,0.257373,-0.423353,0.0,0.0,1.0
0.179285,0.00570703,0.217633,-0.00657969,0.277198,-0.441861,0.0,0.0,1.0
0.167789,0.0283359,0.19525,-0.031175,0.2712,-0.468383,0.0,0.0,1.0
0.191695,0.00391406,0.173844,-0.0046375,0.2865,-0.488833,0.0,0.0,1.0
0.192023,0.000398437,0.126813,-0.000475,0.282844,-0.48825,0.0,0.0,1.0
0.201562,6.93889e-18,0.075,6.93889e-18,0.278125,-0.485417,0.0,0.0,1.0
0.204668,0.00237891,0.0242578,-0.00309531,0.27943,-0.480099,0.0,0.0,1.0
0.192949,-0.00383203,-0.0129141,0.00474531,0.277542,-0.481903,0.0,0.0,1.0
0.194531,-6.93889e-18,-0.0359375,3.46945e-18,0.275,-0.470833,0.0,0.0,1.0
0.187031,-0.000351563,-0.0526406,0.000417187,0.263158,-0.461209,0.0,0.0,1.0
0.188766,0.00438281,-0.0652969,-0.00552656,0.266277,-0.451497,0.0,0.0,1.0
0.187289,0.00199219,-0.085,-0.00249531,0.266964,-0.451768,0.0,0.0,1.0
0.175875,-0.00321094,-0.0923906,0.00375156,0.26662,-0.444455,0.0,0.0,1.0
0.168633,0.00485156,-0.0981875,-0.00525312,0.276703,-0.429719,0.0,0.0,1.0
0.187266,-0.00607031,-0.154672,0.00734375,0.274844,-0.444125,0.0,0.0,1.0
0.192902,-0.00819141,-0.208586,0.0103,0.272938,-0.453542,0.0,0.0,1.0
0.194438,-0.00239062,-0.256625,0.00299531,0.275492,-0.459161,0.0,0.0,1.0
0.192891,0.024375,-0.301437,-0.0383203,0.21812,-0.502622,0.0,0.0,1.0
0.189773,0.00970312,-0.347859,-0.0140453,0.232789,-0.506755,0.0,0.0,1.0
0.173531,0.000351563,-0.387422,-0.000409375,0.261712,-0.495329,0.0,0.0,1.0
0.189387,0.056543,-0.360086,-0.0904344,0.210559,-0.487581,0.0,0.0,1.0
0.193324,0.00587109,-0.302383,-0.0075875,0.266047,-0.468469,0.0,0.0,1.0
0.194531,-2.77556e-17,-0.251563,0.0,0.284375,-0.439583,0.0,0.0,1.0
0.191578,-0.00114844,-0.201984,0.00137344,0.283664,-0.430818,0.0,0.0,1.0
0.16384,0.0215508,-0.151117,-0.0228156,0.275191,-0.410502,0.0,0.0,1.0
0.168352,-0.00419531,-0.120219,0.00425156,0.29438,-0.39217,0.0,0.0,1.0
0.175992,-0.00541406,-0.109531,0.00592813,0.286041,-0.397652,0.0,0.0,1.0
0.178793,0.00509766,-0.112711,-0.00596875,0.271969,-0.397667,0.0,0.0,1.0
0.177645,0.0229336,-0.117227,-0.0280313,0.258563,-0.396562,0.0,0.0,1.0
0.172605,0.0128555,-0.120445,-0.0157812,0.249938,-0.394979,0.0,0.0,1.0
0.16432,0.00208594,-0.134281,-0.00246875,0.246406,-0.400833,0.0,0.0,1.0
0.151523,0.0287813,-0.153016,-0.0326875,0.236969,-0.395646,0.0,0.0,1.0
0.150234,-0.000632813,-0.164484,0.00071875,0.228281,-0.398,0.0,0.0,1.0
0.135293,0.0413086,-0.175242,-0.043625,0.227812,-0.405708,0.0,0.0,1.0
0.150375,-0.0128203,-0.195922,0.0154234,0.222486,-0.431157,0.0,0.0,1.0
0.14243,-0.0126094,-0.188797,0.0140656,0.227,-0.443333,0.0,0.0,1.0
0.135258,-0.00208594,-0.163469,0.00227969,0.221142,-0.456282,0.0,0.0,1.0
0.124465,0.0158789,-0.122852,-0.0150906,0.233012,-0.466363,0.0,0.0,1.0
0.13575,-0.00609375,-0.0729688,0.00659687,0.222834,-0.473952,0.0,0.0,1.0
0.139734,-0.00119531,-0.0250156,0.00141094,0.212355,-0.485799,0.0,0.0,1.0
0.142055,-0.00100781,0.0117813,0.00118906,0.214167,-0.495236,0.0,0.0,1.0
0.142383,0.00274219,0.036125,-0.00313125,0.22135,-0.510567,0.0,0.0,1.0
0.147563,-0.00438281,0.0584219,0.0049125,0.232981,-0.524092,0.0,0.0,1.0
0.142594,-0.0111328,0.0646094,0.0120609,0.234083,-0.544472,0.0,0.0,1.0
0.15,0.0,0.065625,-6.93889e-18,0.240625,-0.55625,0.0,0.0,1.0
0.143965,-0.0100898,0.0599141,0.0110266,0.234123,-0.559936,0.0,0.0,1.0
0.148523,-0.00532031,0.043875,0.00650469,0.215633,-0.556297,0.0,0.0,1.0
0.147281,0.000609375,0.0268438,-0.000682812,0.23762,-0.515497,0.0,0.0,1.0
0.154687,8.67362e-19,0.00625,-1.30104e-18,0.25625,-0.470833,0.0,0.0,1.0
0.154617,0.00274219,-0.0165,-0.00284062,0.265259,-0.41761,0.0,0.0,1.0
0.165621,0.00692578,-0.0312578,-0.0078125,0.261375,-0.404792,0.0,0.0,1.0
0.164672,0.00075,-0.0441875,-0.000875,0.255906,-0.395729,0.0,0.0,1.0
0.164883,0.00979687,-0.0624531,-0.0102172,0.280686,-0.400478,0.0,0.0,1.0
0.163828,-0.000492188,-0.104172,0.000504687,0.28093,-0.429036,0.0,0.0,1.0
0.175008,-0.00550781,-0.144562,0.00612812,0.279294,-0.454029,0.0,0.0,1.0
0.182039,0.00328125,-0.161547,-0.00365625,0.289616,-0.477681,0.0,0.0,1.0
0.204609,-0.00145313,-0.180812,0.00183906,0.290242,-0.489307,0.0,0.0,1.0
0.210938,-5.55112e-17,-0.19375,0.0,0.3,-0.5,0.0,0.0,1.0
0.215625,-2.77556e-17,-0.20625,-1.38778e-17,0.303125,-0.510417,0.0,0.0,1.0
0.207211,0.000890625,-0.200828,-0.00112969,0.29362,-0.510872,0.0,0.0,1.0
0.193641,0.00302344,-0.234453,-0.0042,0.247778,-0.533227,0.0,0.0,1.0
0.2025,-0.00232031,-0.284703,0.00346406,0.241386,-0.51532,0.0,0.0,1.0
0.203859,-0.00159375,-0.332938,0.00243437,0.236859,-0.486323,0.0,0.0,1.0
0.195914,0.0095625,-0.373766,-0.0130625,0.254994,-0.450079,0.0,0.0,1.0
0.178746,-0.000621094,-0.401664,0.000782812,0.250745,-0.422976,0.0,0.0,1.0
0.179438,-4.6875e-05,-0.382094,6.40625e-05,0.249992,-0.432911,0.0,0.0,1.0
0.172793,-0.00191016,-0.362086,0.00231406,0.25377,-0.446347,0.0,0.0,1.0
0.184816,-0.000855469,-0.348039,0.00110156,0.252698,-0.45557,0.0,0.0,1.0
0.171188,0.000117187,-0.334547,-0.00015625,0.252047,-0.460927,0.0,0.0,1.0
0.1725,0.0392109,-0.314047,-0.0655703,0.18332,-0.471547,0.0,0.0,1.0
0.168199,0.0148008,-0.288398,-0.0237625,0.186081,-0.477971,0.0,0.0,1.0
0.17216,0.0268945,-0.277852,-0.0429641,0.191589,-0.481705,0.0,0.0,1.0
0.150703,0.0224531,-0.259531,-0.030825,0.195078,-0.493594,0.0,0.0,1.0
0.153797,0.00996094,-0.242141,-0.0138844,0.195956,-0.500679,0.0,0.0,1.0
0.163148,0.0124922,-0.218406,-0.0170609,0.212283,-0.513772,0.0,0.0,1.0
0.172559,-0.00296484,-0.214273,0.00396563,0.22895,-0.521237,0.0,0.0,1.0
0.152625,-0.0175078,-0.216766,0.0206187,0.230538,-0.529775,0.0,0.0,1.0
0.156891,-0.00553125,-0.204156,0.006575,0.234059,-0.525248,0.0,0.0,1.0
0.165234,0.00138281,-0.203234,-0.00180313,0.226791,-0.533527,0.0,0.0,1.0
0.170461,-0.00757031,-0.191938,0.0102812,0.223191,-0.52319,0.0,0.0,1.0
0.172723,-0.00516797,-0.186758,0.0068125,0.233116,-0.524035,0.0,0.0,1.0
0.173648,-0.0084375,-0.180609,0.0111313,0.233891,-0.519552,0.0,0.0,1.0
0.179145,-0.00941016,-0.182633,0.0133031,0.225419,-0.515196,0.0,0.0,1.0
0.190031,-0.00921094,-0.181672,0.0143437,0.217141,-0.508281,0.0,0.0,1.0
0.184453,-0.0129609,-0.169891,0.0187781,0.226403,-0.508581,0.0,0.0,1.0
0.186375,-0.0207187,-0.160812,0.0288703,0.237755,-0.512961,0.0,0.0,1.0
0.177328,-0.0221953,-0.147359,0.0280969,0.249013,-0.516487,0.0,0.0,1.0
0.188988,0.00631641,-0.0942578,-0.00775156,0.273652,-0.503643,0.0,0.0,1.0
0.189844,0.0,-0.0265625,3.46945e-18,0.28125,-0.491667,0.0,0.0,1.0
0.1875,-9.54098e-18,-0.003125,9.97466e-18,0.28125,-0.495833,0.0,0.0,1.0
0.193969,0.00454688,-0.0530313,-0.00550625,0.284772,-0.49889,0.0,0.0,1.0
0.195937,-0.00307031,-0.0885469,0.00368906,0.288183,-0.500872,0.0,0.0,1.0
0.196172,-0.00229687,-0.129625,0.00263125,0.304062,-0.497917,0.0,0.0,1.0
0.20918,-0.00128906,-0.129031,0.00157031,0.302917,-0.480903,0.0,0.0,1.0
0.188273,0.0001875,-0.113016,-0.0002125,0.309169,-0.457758,0.0,0.0,1.0
0.19343,0.00815625,-0.106578,-0.00898906,0.312311,-0.441707,0.0,0.0,1.0
0.159867,0.00257813,-0.125516,-0.00234531,0.310267,-0.441616,0.0,0.0,1.0
0.17809,-0.000621094,-0.180023,0.000646875,0.305603,-0.432881,0.0,0.0,1.0
0.177199,-0.0111914,-0.23018,0.0118438,0.297719,-0.442,0.0,0.0,1.0
0.198059,0.0371133,-0.295195,-0.0667187,0.195875,-0.480646,0.0,0.0,1.0
0.197414,0.0771094,-0.371172,-0.155261,0.174292,-0.44032,0.0,0.0,1.0
0.180469,0.0952266,-0.415453,-0.191878,0.159191,-0.414169,0.0,0.0,1.0
0.164508,0.10125,-0.431703,-0.195263,0.151637,-0.391967,0.0,0.0,1.0
0.137789,0.103148,-0.434156,-0.228802,0.110427,-0.377201,0.0,0.0,1.0
0.176203,0.0853828,-0.425172,-0.192569,0.138881,-0.387921,0.0,0.0,1.0
0.178453,0.0797578,-0.406422,-0.164636,0.153667,-0.412028,0.0,0.0,1.0
0.182508,0.0744375,-0.385516,-0.140155,0.172311,-0.433395,0.0,0.0,1.0
0.186773,0.0610781,-0.347672,-0.105889,0.191483,-0.47328,0.0,0.0,1.0
0.155531,0.000960938,-0.304359,-0.00099375,0.270366,-0.501452,0.0,0.0,1.0
0.155602,0.0225,-0.277266,-0.0248547,0.250333,-0.539576,0.0,0.0,1.0
0.156516,0.000117187,-0.226203,-0.000101563,0.274039,-0.561005,0.0,0.0,1.0
0.163746,0.000105469,-0.190414,-0.00011875,0.271556,-0.567662,0.0,0.0,1.0
0.161484,-0.00883594,-0.161641,0.00966094,0.262555,-0.582141,0.0,0.0,1.0
0.153879,0.000808594,-0.143164,-0.000889062,0.244395,-0.570722,0.0,0.0,1.0
0.158625,-0.00454688,-0.139563,0.00517656,0.24803,-0.54652,0.0,0.0,1.0
0.152719,-0.0229453,-0.140516,0.0240656,0.258753,-0.532294,0.0,0.0,1.0
0.169055,-0.0328125,-0.167484,0.0429953,0.229417,-0.517778,0.0,0.0,1.0
0.169934,0.0110742,-0.229555,-0.0148125,0.225906,-0.506271,0.0,0.0,1.0
0.169816,-0.0108398,-0.263008,0.0129609,0.252592,-0.454499,0.0,0.0,1.0
0.180996,-0.0181289,-0.293961,0.0255953,0.227752,-0.440397,0.0,0.0,1.0
0.195738,-0.00101953,-0.316695,0.00153125,0.236,-0.411854,0.0,0.0,1.0
0.180844,-0.00339844,-0.320484,0.004875,0.223188,-0.399083,0.0,0.0,1.0
0.130852,-0.0414375,-0.309516,0.04575,0.210688,-0.41075,0.0,0.0,1.0
0.169148,-0.0132188,-0.285078,0.0183969,0.216147,-0.429619,0.0,0.0,1.0
0.185297,-0.0152109,-0.260641,0.022375,0.223869,-0.457913,0.0,0.0,1.0
0.19609,-0.0133711,-0.223117,0.021125,0.220669,-0.480821,0.0,0.0,1.0
0.17823,-0.0411211,-0.190945,0.0559,0.233047,-0.489969,0.0,0.0,1.0
0.174023,-0.00133594,-0.184125,0.0015,0.275734,-0.459198,0.0,0.0,1.0
0.166992,-0.00321094,-0.168031,0.00325312,0.292141,-0.435844,0.0,0.0,1.0
0.166031,0.000257812,-0.163828,-0.000254688,0.293852,-0.434443,0.0,0.0,1.0
0.149613,-0.00512109,-0.147273,0.00466406,0.290973,-0.42717,0.0,0.0,1.0
0.143813,-0.00189844,-0.138828,0.00164531,0.297745,-0.413809,0.0,0.0,1.0
0.140262,0.00120703,-0.128961,-0.001025,0.293841,-0.402748,0.0,0.0,1.0
0.148195,0.0154219,-0.129391,-0.013475,0.30135,-0.397421,0.0,0.0,1.0
0.161719,-4.16334e-17,-0.179688,0.0,0.26875,-0.416667,0.0,0.0,1.0
0.172055,-0.00314063,-0.204328,0.00356094,0.270942,-0.406045,0.0,0.0,1.0
0.163172,-0.000914062,-0.225672,0.00096875,0.261562,-0.395438,0.0,0.0,1.0
0.144867,0.00548438,-0.238297,-0.00529687,0.266547,-0.380781,0.0,0.0,1.0
0.147551,0.00694922,-0.255492,-0.00746875,0.244188,-0.369604,0.0,0.0,1.0
0.119555,0.0501328,-0.252125,-0.0459219,0.231953,-0.352052,0.0,0.0,1.0
0.115852,0.0416484,-0.246344,-0.0373438,0.229563,-0.343188,0.0,0.0,1.0
0.092625,0.134109,-0.227125,-0.125062,0.176594,-0.350729,0.0,0.0,1.0
0.129328,0.0433359,-0.210234,-0.0386875,0.257531,-0.360438,0.0,0.0,1.0
0.14584,0.0292148,-0.190961,-0.027375,0.2765,-0.37025,0.0,0.0,1.0
0.169359,0.000960938,-0.169078,-0.001,0.289094,-0.380937,0.0,0.0,1.0
0.147258,-0.00239062,-0.165484,0.002125,0.2945,-0.384167,0.0,0.0,1.0
0.150937,0.000328125,-0.177563,-0.000284375,0.317275,-0.395121,0.0,0.0,1.0
0.150762,0.00997266,-0.193383,-0.00856406,0.312292,-0.402486,0.0,0.0,1.0
0.168961,0.0103828,-0.217812,-0.00993906,0.31382,-0.407589,0.0,0.0,1.0
0.152367,0.0496641,-0.247063,-0.0360484,0.373402,-0.380684,0.0,0.0,1.0
0.181348,0.0118477,-0.264211,-0.0110328,0.34613,-0.402732,0.0,0.0,1.0
0.197906,0.000585938,-0.272609,-0.00059375,0.341625,-0.435146,0.0,0.0,1.0
0.186656,0.0016875,-0.264969,-0.00159688,0.350841,-0.460665,0.0,0.0,1.0
0.19016,0.0139102,-0.258289,-0.0141234,0.332992,-0.493411,0.0,0.0,1.0
0.209461,0.00309375,-0.260297,-0.00353281,0.326764,-0.524197,0.0,0.0,1.0
0.211148,-0.00250781,-0.248938,0.00312656,0.301305,-0.542161,0.0,0.0,1.0
0.210867,0.000914062,-0.268562,-0.00112188,0.308122,-0.544873,0.0,0.0,1.0
0.204281,0.00292969,-0.277734,-0.00356094,0.29938,-0.534586,0.0,0.0,1.0
0.20175,-0.00028125,-0.295812,0.000345312,0.302183,-0.538893,0.0,0.0,1.0
0.211125,0.00574219,-0.314922,-0.00730625,0.296309,-0.523456,0.0,0.0,1.0
0.208406,0.0122578,-0.354453,-0.0222234,0.204305,-0.566766,0.0,0.0,1.0
0.206027,0.0646992,-0.383648,-0.100866,0.234934,-0.530706,0.0,0.0,1.0
0.202758,-0.00585938,-0.417172,0.007475,0.282125,-0.514854,0.0,0.0,1.0
0.128133,-0.170062,-0.442766,0.180617,0.214492,-0.487495,0.0,0.0,1.0
0.129656,-0.154031,-0.469563,0.1588,0.223581,-0.480637,0.0,0.0,1.0
0.132984,-0.16057,-0.471547,0.174003,0.218191,-0.48721,0.0,0.0,1.0
0.0742617,-0.21491,-0.44607,0.244784,0.115888,-0.529315,0.0,0.0,1.0
0.0829453,-0.211031,-0.424359,0.224447,0.138678,-0.537548,0.0,0.0,1.0
0.0680859,-0.215086,-0.383406,0.240469,0.108253,-0.553937,0.0,0.0,1.0
0.0140977,-0.220395,-0.304195,0.254178,0.0217406,-0.570869,0.0,0.0,1.0
-0.0188437,-0.219164,-0.227484,0.263822,-0.0278188,-0.549423,0.0,0.0,1.0
-0.024293,-0.222879,-0.14943,0.262784,-0.0366219,-0.51969,0.0,0.0,1.0
0.00292969,-0.195445,-0.0982187,0.274509,0.00371563,-0.479527,0.0,0.0,1.0
1.38778e-17,-0.189844,-0.0546875,0.2875,2.77556e-17,-0.454167,0.0,0.0,1.0
-0.000210938,-0.199289,-0.0158125,0.313308,-0.000226562,-0.440851,0.0,0.0,1.0
-0.00110156,-0.188438,-0.0338906,0.312256,-0.0011875,-0.453504,0.0,0.0,1.0
0.000902344,-0.203191,-0.0632578,0.320089,0.00102969,-0.45183,0.0,0.0,1.0
0.0153633,-0.203309,-0.0848359,0.307183,0.0180672,-0.448705,0.0,0.0,1.0
0.00205078,-0.199652,-0.101695,0.296234,0.00246563,-0.454385,0.0,0.0,1.0
0.00164062,-0.19725,-0.114094,0.311955,0.00184219,-0.468782,0.0,0.0,1.0
-0.00128906,-0.168375,-0.113266,0.306355,-0.00125781,-0.47407,0.0,0.0,1.0
0.00550781,-0.167977,-0.123125,0.300142,0.00547344,-0.466824,0.0,0.0,1.0
-0.00726563,-0.176883,-0.147734,0.299023,-0.00763281,-0.461307,0.0,0.0,1.0
-0.00667969,-0.174961,-0.164969,0.305122,-0.0068125,-0.46754,0.0,0.0,1.0
0.000691406,-0.186902,-0.196414,0.310397,0.000728125,-0.456369,0.0,0.0,1.0
0.000644531,-0.187887,-0.215852,0.298589,0.000717187,-0.447955,0.0,0.0,1.0
-6.93889e-18,-0.194531,-0.232812,0.296875,2.77556e-17,-0.435417,0.0,0.0,1.0
0.00330469,-0.183211,-0.209312,0.289005,0.00373906,-0.431336,0.0,0.0,1.0
-0.00880078,-0.175957,-0.174367,0.281952,-0.00977656,-0.427989,0.0,0.0,1.0
-0.001125,-0.174984,-0.146344,0.27985,-0.00127812,-0.413421,0.0,0.0,1.0
-0.000105469,-0.18627,-0.125773,0.279975,-0.000128125,-0.402108,0.0,0.0,1.0
0.006375,-0.190734,-0.0995312,0.290784,0.00744063,-0.397773,0.0,0.0,1.0
-0.000796875,-0.189328,-0.107219,0.300319,-0.000903125,-0.411942,0.0,0.0,1.0
-0.00367969,-0.176602,-0.119125,0.309078,-0.00374062,-0.425552,0.0,0.0,1.0
0.00202734,-0.189035,-0.131164,0.3038,0.00223125,-0.427054,0.0,0.0,1.0
-0.00611719,-0.18975,-0.121141,0.295144,-0.006975,-0.435742,0.0,0.0,1.0
0.00329297,-0.176191,-0.120461,0.304828,0.003375,-0.444469,0.0,0.0,1.0
0.0132305,-0.18634,-0.144336,0.312711,0.0140234,-0.445578,0.0,0.0,1.0
-0.0140625,-0.212859,-0.273594,0.293033,-0.0181578,-0.493501,0.0,0.0,1.0
-0.00566016,-0.214723,-0.323758,0.290277,-0.00744219,-0.491809,0.0,0.0,1.0
-0.00247266,-0.21102,-0.367102,0.268342,-0.00346094,-0.489166,0.0,0.0,1.0
0.0811406,-0.189211,-0.408359,0.160956,0.16955,-0.485846,0.0,0.0,1.0
0.0648281,-0.201656,-0.3485,0.187417,0.124011,-0.518195,0.0,0.0,1.0
0.000175781,-0.196559,-0.246555,0.296641,0.000215625,-0.501281,0.0,0.0,1.0
6.93889e-18,-0.192188,-0.11875,0.290625,5.55112e-17,-0.50625,0.0,0.0,1.0
0.000972656,-0.189504,0.0134609,0.283888,0.00115625,-0.518029,0.0,0.0,1.0
1.17188e-05,-0.180434,0.0703359,0.278087,2.1875e-05,-0.529496,0.0,0.0,1.0
0.000164062,-0.19432,0.02675,0.2685,0.0002375,-0.54475,0.0,0.0,1.0
0.00411328,-0.202348,-0.0223047,0.263555,0.00562344,-0.547995,0.0,0.0,1.0
0.0,-0.199219,-0.176563,0.265625,0.0,-0.522917,0.0,0.0,1.0
6.93889e-18,-0.194531,-0.260938,0.26875,2.77556e-17,-0.475,0.0,0.0,1.0
-0.00230859,-0.191168,-0.344773,0.277475,-0.00281875,-0.427817,0.0,0.0,1.0
-0.127711,-0.0682969,-0.387672,0.19393,-0.0799609,-0.407766,0.0,0.0,1.0
-0.0619453,-0.150305,-0.307344,0.184766,-0.0896094,-0.395073,0.0,0.0,1.0
0.00144141,-0.14052,-0.265648,0.247625,0.0014375,-0.394917,0.0,0.0,1.0
0.0069375,-0.168516,-0.231375,0.27878,0.00746406,-0.407791,0.0,0.0,1.0
-0.000726563,-0.161203,-0.179266,0.280958,-0.000751562,-0.449597,0.0,0.0,1.0
-0.00343359,-0.159738,-0.135727,0.261756,-0.00372187,-0.478983,0.0,0.0,1.0
0.00671484,-0.14052,-0.14057,0.267889,0.00625469,-0.483843,0.0,0.0,1.0
0.0188906,-0.151031,-0.178188,0.268972,0.0188687,-0.479856,0.0,0.0,1.0
0.0100078,-0.162328,-0.221547,0.259459,0.0111469,-0.445202,0.0,0.0,1.0
-0.0024375,-0.164813,-0.253125,0.256553,-0.00277187,-0.412015,0.0,0.0,1.0
0.00568359,-0.114363,-0.249055,0.267359,0.00432813,-0.379365,0.0,0.0,1.0
-0.00485156,-0.14918,-0.193094,0.243656,-0.00528125,-0.356125,0.0,0.0,1.0
-0.00162891,-0.16166,-0.128898,0.231453,-0.00201562,-0.34024,0.0,0.0,1.0
0.00496875,-0.15743,-0.0510781,0.258266,0.00539062,-0.34326,0.0,0.0,1.0
0.00621094,-0.167391,0.0517656,0.248172,0.00745312,-0.389865,0.0,0.0,1.0
0.00766406,-0.163031,0.145547,0.250459,0.00887187,-0.442473,0.0,0.0,1.0
0.00310547,-0.167801,0.16318,0.241647,0.00384375,-0.50316,0.0,0.0,1.0
0.00164062,-0.160195,0.105547,0.266734,0.00175312,-0.53624,0.0,0.0,1.0
-1.17188e-05,-0.171621,-0.00191406,0.265242,-4.6875e-06,-0.526828,0.0,0.0,1.0
0.00534375,-0.16793,-0.117141,0.263367,0.00605469,-0.51037,0.0,0.0,1.0
6.93889e-18,-0.164062,-0.21875,0.2625,0.0,-0.5,0.0,0.0,1.0
0.0383437,-0.174187,-0.332094,0.187081,0.0634687,-0.524658,0.0,0.0,1.0
-0.085125,-0.122648,-0.409953,0.233094,-0.079625,-0.474146,0.0,0.0,1.0
-0.00205078,-0.167449,-0.46193,0.247272,-0.00246875,-0.431285,0.0,0.0,1.0
-0.0831797,-0.113648,-0.477812,0.228792,-0.0734484,-0.40782,0.0,0.0,1.0
-0.157535,-0.080543,-0.454008,0.195398,-0.115461,-0.403536,0.0,0.0,1.0
-0.165035,0.00416016,-0.361695,-0.00546875,-0.2235,-0.326187,0.0,0.0,1.0
-0.0799102,0.0176367,-0.243555,-0.0167188,-0.149813,-0.262688,0.0,0.0,1.0
-0.121898,-0.00248437,-0.242953,0.0023125,-0.235281,-0.320437,0.0,0.0,1.0
-0.121102,-0.0383672,-0.231406,0.0330313,-0.250062,-0.364938,0.0,0.0,1.0
-0.152379,0.00404297,-0.295336,-0.00427656,-0.256855,-0.424757,0.0,0.0,1.0
-0.165141,-0.0602109,-0.381016,0.117716,-0.150216,-0.478415,0.0,0.0,1.0
-0.163113,0.00179297,-0.436789,-0.00200781,-0.258783,-0.457064,0.0,0.0,1.0
-0.172805,0.000164062,-0.483906,-0.000184375,-0.287228,-0.445819,0.0,0.0,1.0
-0.130828,0.114328,-0.505938,-0.108502,-0.245064,-0.422209,0.0,0.0,1.0
-0.146988,0.0716836,-0.475586,-0.0751516,-0.249214,-0.424247,0.0,0.0,1.0
-0.164555,0.00229687,-0.437484,-0.00262187,-0.256319,-0.461129,0.0,0.0,1.0
-0.154922,-0.0701484,-0.399047,0.0950734,-0.203261,-0.506528,0.0,0.0,1.0
