0.0260939,0.00960388,-0.520942,-0.00802778,0.0972593,-0.512917,0.0,0.0,1.0
0.0250525,0.0137723,-0.523526,-0.00849074,0.126509,-0.540444,0.0,0.0,1.0
0.0252099,0.0130115,-0.522901,-0.00826852,0.123509,-0.540704,0.0,0.0,1.0
0.0258473,0.0135651,-0.524022,-0.00876852,0.124537,-0.541157,0.0,0.0,1.0
0.0260651,0.0100105,-0.52277,-0.00787037,0.103231,-0.519787,0.0,0.0,1.0
0.0259969,0.0128332,-0.523416,-0.00847222,0.122602,-0.541963,0.0,0.0,1.0
0.0257975,0.0112225,-0.521857,-0.00724537,0.124384,-0.542431,0.0,0.0,1.0
0.026595,0.00965372,-0.519197,-0.00786111,0.101704,-0.522528,0.0,0.0,1.0
0.024798,0.0125157,-0.518932,-0.00892593,0.108287,-0.532065,0.0,0.0,1.0
0.0257345,0.0109339,-0.51735,-0.00851852,0.102954,-0.525639,0.0,0.0,1.0
0.0257608,0.0117366,-0.51777,-0.00968056,0.0973102,-0.52794,0.0,0.0,1.0
0.0247534,0.0117681,-0.516878,-0.00917593,0.0987963,-0.52512,0.0,0.0,1.0
0.0249265,0.0127545,-0.5168,-0.00993519,0.0996667,-0.532954,0.0,0.0,1.0
0.0258054,0.0123951,-0.517185,-0.00887963,0.112259,-0.533102,0.0,0.0,1.0
0.0254774,0.0124974,-0.516044,-0.00964352,0.102838,-0.530403,0.0,0.0,1.0
0.0263379,0.0115635,-0.516495,-0.00920833,0.103042,-0.525079,0.0,0.0,1.0
0.0256427,0.0128515,-0.516204,-0.0105139,0.097625,-0.525977,0.0,0.0,1.0
0.0250498,0.0133867,-0.514079,-0.011537,0.0905556,-0.516833,0.0,0.0,1.0
0.0252702,0.0118179,-0.515931,-0.0103519,0.0898889,-0.517204,0.0,0.0,1.0
0.0253594,0.0130456,-0.514693,-0.0110556,0.0932407,-0.510148,0.0,0.0,1.0
0.0259654,0.0117419,-0.513825,-0.010162,0.0933935,-0.508727,0.0,0.0,1.0
0.0261857,0.0114743,-0.513673,-0.0100741,0.0929352,-0.514343,0.0,0.0,1.0
0.0259785,0.012904,-0.512038,-0.0112315,0.0929722,-0.510556,0.0,0.0,1.0
0.0271616,0.0106558,-0.513158,-0.0094537,0.0953611,-0.508574,0.0,0.0,1.0
0.0264507,0.0119491,-0.512579,-0.011,0.0894722,-0.511732,0.0,0.0,1.0
0.0268993,0.0115425,-0.512849,-0.0101944,0.0948519,-0.507694,0.0,0.0,1.0
0.0268179,0.0108788,-0.513896,-0.0101852,0.0892037,-0.510815,0.0,0.0,1.0
0.0277912,0.011107,-0.514134,-0.0102407,0.0938518,-0.508278,0.0,0.0,1.0
0.0256926,0.0121091,-0.51265,-0.0109444,0.0885278,-0.512046,0.0,0.0,1.0
0.0283631,0.0108027,-0.513059,-0.0102917,0.0927546,-0.506347,0.0,0.0,1.0
0.0276443,0.0109811,-0.512697,-0.0102685,0.0920463,-0.507037,0.0,0.0,1.0
0.0278332,0.00995803,-0.512901,-0.00999074,0.0863981,-0.512278,0.0,0.0,1.0
0.0262067,0.0122508,-0.511721,-0.0109167,0.0915741,-0.509546,0.0,0.0,1.0
0.0294753,0.00886674,-0.512518,-0.00921759,0.0882917,-0.514412,0.0,0.0,1.0
0.0265373,0.0107975,-0.510399,-0.00983333,0.0906574,-0.510343,0.0,0.0,1.0
0.0275184,0.0104879,-0.510451,-0.00957407,0.0939259,-0.507056,0.0,0.0,1.0
0.0260598,0.0122246,-0.50969,-0.010713,0.0926019,-0.51087,0.0,0.0,1.0
0.0273321,0.0108001,-0.508869,-0.0101852,0.0902315,-0.510361,0.0,0.0,1.0
0.0253673,0.0119885,-0.508353,-0.0107222,0.0882963,-0.514907,0.0,0.0,1.0
0.0267392,0.0113248,-0.508817,-0.0105926,0.0890093,-0.511824,0.0,0.0,1.0
0.0260414,0.0104538,-0.508287,-0.0096713,0.0876713,-0.518625,0.0,0.0,1.0
0.0272875,0.0107188,-0.507566,-0.00960648,0.094838,-0.509551,0.0,0.0,1.0
0.0273872,0.0107975,-0.507922,-0.0101343,0.0908657,-0.510968,0.0,0.0,1.0
0.0272036,0.010404,-0.50808,-0.00986574,0.0893287,-0.516218,0.0,0.0,1.0
0.0253463,0.0124659,-0.506123,-0.010963,0.0897778,-0.514407,0.0,0.0,1.0
0.025341,0.0127545,-0.50628,-0.0111343,0.0903843,-0.515393,0.0,0.0,1.0
0.0262041,0.012075,-0.506676,-0.010713,0.0919537,-0.511648,0.0,0.0,1.0
0.0250367,0.0108657,-0.505199,-0.00935185,0.0906111,-0.517833,0.0,0.0,1.0
0.0274685,0.0104748,-0.505585,-0.00951852,0.0941574,-0.512546,0.0,0.0,1.0
0.0265661,0.00973505,-0.505323,-0.00883796,0.0911435,-0.514292,0.0,0.0,1.0
0.0264035,0.00908972,-0.504557,-0.00814815,0.0917593,-0.513611,0.0,0.0,1.0
0.0235152,0.00557188,-0.500483,-0.00465741,0.0875833,-0.513018,0.0,0.0,1.0
0.0240504,0.00512592,-0.50053,-0.0040463,0.0948611,-0.5105,0.0,0.0,1.0
0.0237198,0.00507345,-0.499622,-0.00400926,0.0933796,-0.512296,0.0,0.0,1.0
0.0273374,0.00408972,-0.501902,-0.00375463,0.0927268,-0.510486,0.0,0.0,1.0
0.0260231,0.00392445,-0.50021,-0.0032037,0.0992685,-0.516157,0.0,0.0,1.0
0.0250157,0.00342078,-0.499024,-0.00275,0.0967963,-0.513509,0.0,0.0,1.0
0.0272665,-0.000944386,-0.499575,0.000712963,0.112481,-0.528009,0.0,0.0,1.0
0.0229224,2.09864e-05,-0.496175,-9.25926e-06,0.113593,-0.527583,0.0,0.0,1.0
0.022904,0.000994229,-0.495679,-0.000699074,0.101801,-0.524356,0.0,0.0,1.0
0.0222009,-0.00068468,-0.494494,0.000416667,0.113324,-0.532352,0.0,0.0,1.0
0.0201522,-0.00106506,-0.492424,0.000634259,0.105356,-0.528107,0.0,0.0,1.0
0.0191264,-0.00108867,-0.491435,0.000555556,0.116269,-0.537917,0.0,0.0,1.0
0.0182817,-0.00114113,-0.490611,0.000601852,0.108296,-0.530361,0.0,0.0,1.0
0.0205824,-0.00347849,-0.492256,0.00209259,0.10625,-0.528713,0.0,0.0,1.0
0.021351,-0.00197009,-0.491146,0.00123148,0.10637,-0.527435,0.0,0.0,1.0
0.0235126,-0.00468258,-0.485464,0.00325,0.105667,-0.528454,0.0,0.0,1.0
0.0237618,-0.00949633,-0.480771,0.00728241,0.0964769,-0.534551,0.0,0.0,1.0
0.0290451,-0.00824239,-0.47861,0.00789815,0.0944167,-0.530148,0.0,0.0,1.0
0.0271091,-0.00178384,-0.482681,0.00166667,0.0902407,-0.524722,0.0,0.0,1.0
0.033085,-0.0190031,-0.473704,0.0213657,0.0916528,-0.524431,0.0,0.0,1.0
0.0349633,-0.0212172,-0.472036,0.0263148,0.0878056,-0.519417,0.0,0.0,1.0
0.0350262,-0.0238562,-0.470289,0.0306389,0.0849352,-0.513796,0.0,0.0,1.0
0.0341815,-0.0176758,-0.473022,0.0222685,0.0845,-0.513046,0.0,0.0,1.0
0.0338326,-0.0161516,-0.472747,0.0195741,0.0869167,-0.513528,0.0,0.0,1.0
0.0320567,-0.0193914,-0.471668,0.022287,0.0868796,-0.51163,0.0,0.0,1.0
0.0312697,-0.0161647,-0.472996,0.0187593,0.0839259,-0.512259,0.0,0.0,1.0
0.0378935,0.0241422,-0.462148,-0.041338,0.0689306,-0.499597,0.0,0.0,1.0
0.0272639,-0.0273006,-0.467337,0.0395093,0.0586852,-0.517194,0.0,0.0,1.0
0.0251679,-0.0255509,-0.466448,0.0372731,0.0537269,-0.521634,0.0,0.0,1.0
0.0272928,-0.0182004,-0.466081,0.0269167,0.0574815,-0.528194,0.0,0.0,1.0
0.028712,0.0186542,-0.458565,-0.0282685,0.0590278,-0.520296,0.0,0.0,1.0
0.0314244,0.0111516,-0.457421,-0.0162407,0.067213,-0.518417,0.0,0.0,1.0
0.0323715,0.00976915,-0.455278,-0.0144907,0.068,-0.519639,0.0,0.0,1.0
0.0322298,0.00894544,-0.4534,-0.0130324,0.068912,-0.521718,0.0,0.0,1.0
0.0319465,0.00684155,-0.450624,-0.00994907,0.0684306,-0.523745,0.0,0.0,1.0
0.0305247,0.00736097,-0.44989,-0.00989815,0.070713,-0.522056,0.0,0.0,1.0
0.026915,0.0104827,-0.453054,-0.0122824,0.0715509,-0.52381,0.0,0.0,1.0
0.0236779,0.0120462,-0.457571,-0.01175,0.0755741,-0.531528,0.0,0.0,1.0
0.0244491,0.0195908,-0.461836,-0.0222778,0.066963,-0.510315,0.0,0.0,1.0
0.021852,0.0141605,-0.459161,-0.0128426,0.0750741,-0.528935,0.0,0.0,1.0
0.023468,0.0214008,-0.46446,-0.0178241,0.0877778,-0.541472,0.0,0.0,1.0
0.0245462,0.0171327,-0.458633,-0.0185926,0.0704537,-0.521324,0.0,0.0,1.0
0.0281112,0.017361,-0.460687,-0.0188796,0.0804815,-0.529583,0.0,0.0,1.0
0.0325603,0.0160231,-0.459244,-0.0184815,0.0879074,-0.521556,0.0,0.0,1.0
0.0295383,0.0184995,-0.459035,-0.0209907,0.0810926,-0.528546,0.0,0.0,1.0
0.0315976,0.0149344,-0.457594,-0.0192685,0.076287,-0.524981,0.0,0.0,1.0
0.0345357,0.0150708,-0.454714,-0.0181667,0.0892222,-0.520944,0.0,0.0,1.0
0.03468,0.0117576,-0.452691,-0.0155648,0.0815926,-0.519361,0.0,0.0,1.0
0.0363221,0.00693075,-0.448195,-0.010787,0.0727037,-0.507472,0.0,0.0,1.0
0.0259444,0.0302518,-0.448452,-0.0224444,0.10888,-0.515898,0.0,0.0,1.0
0.0372587,0.0058893,-0.447143,-0.00705556,0.0967593,-0.525574,0.0,0.0,1.0
0.0314402,0.0158683,-0.440207,-0.0158611,0.0979722,-0.491741,0.0,0.0,1.0
0.0339612,0.00656873,-0.444066,-0.00697685,0.0996065,-0.525699,0.0,0.0,1.0
0.0299423,0.0154722,-0.439475,-0.0134074,0.107657,-0.504176,0.0,0.0,1.0
0.0298636,0.0114166,-0.436621,-0.010213,0.103926,-0.500935,0.0,0.0,1.0
0.0321616,-0.000834208,-0.435199,0.000861111,0.0968611,-0.510333,0.0,0.0,1.0
0.0315792,-0.000335782,-0.432555,0.000351852,0.0946667,-0.504148,0.0,0.0,1.0
0.0325446,-0.00178909,-0.431217,0.0020463,0.0889537,-0.490722,0.0,0.0,1.0
0.0293153,-0.000983736,-0.42984,0.000981482,0.0914537,-0.484694,0.0,0.0,1.0
0.0264507,-0.00136149,-0.427264,0.00113889,0.0988982,-0.477407,0.0,0.0,1.0
0.0225708,8.39454e-05,-0.4266,-6.48148e-05,0.0921111,-0.482417,0.0,0.0,1.0
0.0216002,0.000414481,-0.423778,-0.000291667,0.0955417,-0.47931,0.0,0.0,1.0
0.0224659,-0.00481637,-0.422655,0.00357407,0.094287,-0.480398,0.0,0.0,1.0
0.0232712,-0.00716422,-0.423754,0.00559259,0.0927963,-0.479278,0.0,0.0,1.0
0.0257188,-0.0110283,-0.423368,0.00963426,0.0917083,-0.476995,0.0,0.0,1.0
0.026511,-0.0147429,-0.42415,0.0143704,0.084713,-0.477843,0.0,0.0,1.0
0.0266474,-0.0210388,-0.423027,0.0220648,0.0791204,-0.477074,0.0,0.0,1.0
0.0285729,-0.0227335,-0.424402,0.0267593,0.0755833,-0.478528,0.0,0.0,1.0
0.0261857,-0.0269517,-0.422382,0.0326481,0.0673333,-0.47863,0.0,0.0,1.0
0.0265923,-0.0285651,-0.420858,0.0366296,0.0645926,-0.477,0.0,0.0,1.0
0.0260021,-0.0288353,-0.420808,0.0359028,0.0650509,-0.476801,0.0,0.0,1.0
0.0256689,-0.0264927,-0.422348,0.0297963,0.0710926,-0.476444,0.0,0.0,1.0
0.0264113,-0.0209706,-0.419974,0.0239722,0.0719722,-0.479463,0.0,0.0,1.0
0.0332712,0.0116815,-0.412463,-0.0163704,0.0739352,-0.485806,0.0,0.0,1.0
0.0290346,-0.0180588,-0.418898,0.020338,0.0802917,-0.472227,0.0,0.0,1.0
0.0409811,-0.0114113,-0.403757,0.0239537,0.0608056,-0.491389,0.0,0.0,1.0
0.0408132,-0.00857817,-0.403694,0.0178056,0.0612593,-0.492565,0.0,0.0,1.0
0.0400393,0.00584208,-0.403471,-0.0101806,0.0715139,-0.494134,0.0,0.0,1.0
0.0347613,0.0031191,-0.406965,-0.00482407,0.0699537,-0.498611,0.0,0.0,1.0
0.0330011,0.00422875,-0.408688,-0.00639815,0.0678889,-0.503065,0.0,0.0,1.0
0.0294176,0.0117209,-0.414203,-0.0153056,0.0701574,-0.499759,0.0,0.0,1.0
0.0324082,0.00828436,-0.409549,-0.012912,0.0647546,-0.509134,0.0,0.0,1.0
0.011574,0.0487461,-0.395472,-0.0254537,0.0690278,-0.491463,0.0,0.0,1.0
0.0100026,0.0661201,-0.383801,-0.0256713,0.0802361,-0.486875,0.0,0.0,1.0
0.0101417,0.0681375,-0.386915,-0.028537,0.0753981,-0.494991,0.0,0.0,1.0
0.0113746,0.0658919,-0.400173,-0.0308333,0.0757037,-0.507593,0.0,0.0,1.0
0.0118416,0.0717261,-0.396621,-0.0355,0.0745278,-0.506972,0.0,0.0,1.0
0.0117838,0.0715425,-0.384984,-0.0341204,0.0769537,-0.492259,0.0,0.0,1.0
0.0125131,0.0695698,-0.383311,-0.0349444,0.0776019,-0.488769,0.0,0.0,1.0
0.0712225,-0.0139822,-0.400682,0.0858009,0.0361528,-0.503949,0.0,0.0,1.0
0.0133001,0.0684785,-0.402135,-0.033713,0.0841389,-0.505944,0.0,0.0,1.0
0.0144439,0.0681899,-0.393158,-0.0343704,0.0892593,-0.493463,0.0,0.0,1.0
0.0150997,0.0591448,-0.390068,-0.0302361,0.0920139,-0.487292,0.0,0.0,1.0
0.0179591,0.0503882,-0.384297,-0.0298889,0.0942963,-0.474296,0.0,0.0,1.0
0.0238038,0.0387513,-0.385955,-0.0286944,0.10012,-0.474019,0.0,0.0,1.0
0.0291684,0.0301128,-0.379336,-0.0287685,0.0950741,-0.470898,0.0,0.0,1.0
0.0428384,-0.00151626,-0.390241,0.00234722,0.0861435,-0.486032,0.0,0.0,1.0
0.0548374,-0.00312697,-0.374711,0.00699074,0.0764907,-0.473704,0.0,0.0,1.0
0.0563851,-0.00848898,-0.369302,0.0233935,0.0637176,-0.45819,0.0,0.0,1.0
0.0149003,0.0524239,-0.370609,-0.0467593,0.052037,-0.458981,0.0,0.0,1.0
0.0150131,0.0522429,-0.367537,-0.0367824,0.0664028,-0.452542,0.0,0.0,1.0
0.0506243,-0.0134103,-0.36457,0.0504769,0.0418843,-0.444792,0.0,0.0,1.0
0.0479433,-0.0117891,-0.36202,0.0397546,0.0442824,-0.439245,0.0,0.0,1.0
0.0424265,-0.012096,-0.3624,0.0423009,0.0377824,-0.431968,0.0,0.0,1.0
0.0393048,-0.0122692,-0.363098,0.0416806,0.0360324,-0.427097,0.0,0.0,1.0
0.0353804,-0.0126364,-0.366005,0.0420417,0.033125,-0.421106,0.0,0.0,1.0
0.037138,-0.0129932,-0.369368,0.0411389,0.036537,-0.419009,0.0,0.0,1.0
0.0356768,-0.0114481,-0.375509,0.0328241,0.03875,-0.426704,0.0,0.0,1.0
0.0394701,-0.00998951,-0.381086,0.0324398,0.0378657,-0.426616,0.0,0.0,1.0
0.0415373,-0.0100472,-0.383872,0.0337315,0.0385278,-0.425685,0.0,0.0,1.0
0.0429512,-0.0089533,-0.387526,0.0311481,0.0384444,-0.431611,0.0,0.0,1.0
0.0448557,-0.00894281,-0.390805,0.0296713,0.0421065,-0.436764,0.0,0.0,1.0
0.0460441,-0.0103095,-0.386994,0.0398056,0.0371481,-0.434509,0.0,0.0,1.0
0.036532,-0.0154984,-0.389029,0.0520972,0.0338472,-0.432931,0.0,0.0,1.0
0.0228515,0.0286647,-0.399226,-0.0384167,0.0531019,-0.429444,0.0,0.0,1.0
0.0376758,-0.0178699,-0.39649,0.0449167,0.0466852,-0.445972,0.0,0.0,1.0
0.0376495,-0.0180273,-0.401605,0.0483426,0.0437315,-0.442222,0.0,0.0,1.0
0.0389402,-0.0183526,-0.404407,0.0451019,0.0493611,-0.448389,0.0,0.0,1.0
0.0426076,-0.0196747,-0.406626,0.0485602,0.0537731,-0.453532,0.0,0.0,1.0
0.0209864,0.0422508,-0.411758,-0.0501296,0.0550926,-0.454796,0.0,0.0,1.0
0.0360598,-0.0104774,-0.417702,0.015787,0.0745741,-0.471287,0.0,0.0,1.0
0.0257135,0.0205666,-0.425189,-0.0190324,0.0865231,-0.464912,0.0,0.0,1.0
0.0274921,0.000162644,-0.435787,-0.000152778,0.0910787,-0.475245,0.0,0.0,1.0
0.0315058,0.0208604,-0.435766,-0.0246991,0.0828843,-0.458894,0.0,0.0,1.0
0.0320121,0.0228358,-0.43899,-0.0308704,0.0737685,-0.45288,0.0,0.0,1.0
0.0293914,0.0253095,-0.441196,-0.0308843,0.0750231,-0.46406,0.0,0.0,1.0
0.0278122,0.0298951,-0.443468,-0.0396204,0.0653611,-0.466722,0.0,0.0,1.0
0.0311411,-0.0272534,-0.447568,0.0543889,0.0486019,-0.46662,0.0,0.0,1.0
0.0344071,-0.0241763,-0.45256,0.0507037,0.0511019,-0.463769,0.0,0.0,1.0
0.0354827,-0.0226495,-0.458048,0.0430463,0.0581481,-0.465769,0.0,0.0,1.0
0.0371013,-0.0189743,-0.46356,0.0348148,0.0629815,-0.465093,0.0,0.0,1.0
0.0406978,-0.0142602,-0.467665,0.0230046,0.0785694,-0.474236,0.0,0.0,1.0
0.0433788,-0.00552991,-0.476013,0.00860185,0.0869167,-0.476944,0.0,0.0,1.0
0.0454223,0.000852571,-0.483597,-0.00140278,0.0858843,-0.48306,0.0,0.0,1.0
0.0436464,0.00171039,-0.486889,-0.0026713,0.0871157,-0.484181,0.0,0.0,1.0
0.0415582,0.000503673,-0.487949,-0.000736111,0.0878287,-0.484708,0.0,0.0,1.0
0.0414008,0.00279119,-0.491285,-0.0040463,0.0889444,-0.489269,0.0,0.0,1.0
0.0415635,0.00522036,-0.494969,-0.00749537,0.0901435,-0.490921,0.0,0.0,1.0
0.040585,0.00803515,-0.499593,-0.0114074,0.0890093,-0.493639,0.0,0.0,1.0
0.0381926,0.0165923,-0.505575,-0.0232963,0.0847222,-0.491981,0.0,0.0,1.0
0.0407476,0.0157214,-0.510721,-0.024963,0.0799444,-0.497185,0.0,0.0,1.0
0.0423452,0.0140136,-0.511123,-0.0226806,0.0814769,-0.499681,0.0,0.0,1.0
0.0266422,-0.0340609,-0.507922,0.0326204,0.0866482,-0.490583,0.0,0.0,1.0
0.0259339,-0.0405561,-0.514014,0.0379074,0.0864167,-0.488046,0.0,0.0,1.0
0.0242838,-0.0429145,-0.515947,0.0400833,0.0809722,-0.487667,0.0,0.0,1.0
0.0406139,0.0202991,-0.51553,-0.0469537,0.0546944,-0.501537,0.0,0.0,1.0
0.0490923,0.0214795,-0.522608,-0.0814491,0.0403287,-0.489856,0.0,0.0,1.0
0.0219465,-0.0410913,-0.51841,0.0380833,0.07375,-0.497889,0.0,0.0,1.0
0.0410414,0.0202597,-0.518618,-0.0614861,0.0421157,-0.502486,0.0,0.0,1.0
0.0398715,0.0202282,-0.516645,-0.0589722,0.0425926,-0.505398,0.0,0.0,1.0
0.039819,0.0199869,-0.517831,-0.0563148,0.0440185,-0.505278,0.0,0.0,1.0
0.0419045,0.0205876,-0.518337,-0.0646296,0.0415741,-0.50237,0.0,0.0,1.0
0.0431716,0.0197508,-0.517348,-0.0593889,0.0447222,-0.503926,0.0,0.0,1.0
0.0513431,0.0186779,-0.529056,-0.0794352,0.0376019,-0.492926,0.0,0.0,1.0
0.04649,0.0202466,-0.523158,-0.0785,0.0373426,-0.496083,0.0,0.0,1.0
0.0435231,0.0176731,-0.514305,-0.0348194,0.0688009,-0.501662,0.0,0.0,1.0
0.0529433,0.0155404,-0.524769,-0.0453148,0.0565556,-0.500037,0.0,0.0,1.0
0.0595777,0.0138221,-0.528235,-0.0551574,0.0464907,-0.501481,0.0,0.0,1.0
0.0521695,0.0190792,-0.5158,-0.0705232,0.0439583,-0.493699,0.0,0.0,1.0
0.0607529,0.0128673,-0.526393,-0.0553796,0.0439722,-0.500056,0.0,0.0,1.0
0.0572141,0.0125184,-0.524402,-0.0661296,0.0337315,-0.496102,0.0,0.0,1.0
0.0615792,0.00833158,-0.528788,-0.0304352,0.0525093,-0.506815,0.0,0.0,1.0
0.0594386,0.00737146,-0.522665,-0.0244074,0.0559167,-0.508343,0.0,0.0,1.0
0.0474685,0.0208893,-0.521697,-0.0766389,0.0402963,-0.49625,0.0,0.0,1.0
0.0648688,0.0106873,-0.535273,-0.0600648,0.0359537,-0.49287,0.0,0.0,1.0
0.0653568,0.0106925,-0.535818,-0.0587407,0.0370463,-0.492046,0.0,0.0,1.0
0.0671957,0.0099554,-0.537647,-0.0523843,0.0397731,-0.496671,0.0,0.0,1.0
0.0715215,0.0102308,-0.54234,-0.0556944,0.0409259,-0.493935,0.0,0.0,1.0
0.0715766,0.0100498,-0.542668,-0.0550787,0.0406713,-0.493338,0.0,0.0,1.0
0.0114113,-0.0667471,-0.538347,0.0410741,0.0577593,-0.491833,0.0,0.0,1.0
0.0632004,0.0122036,-0.536925,-0.0616019,0.0389907,-0.495407,0.0,0.0,1.0
0.0688982,0.00979538,-0.542471,-0.0486667,0.0432037,-0.498648,0.0,0.0,1.0
0.069575,0.0107975,-0.543615,-0.0557639,0.0419583,-0.495171,0.0,0.0,1.0
0.063809,0.012702,-0.540792,-0.0578056,0.0436759,-0.496352,0.0,0.0,1.0
0.0656401,0.0120147,-0.5433,-0.0536157,0.0458102,-0.494792,0.0,0.0,1.0
0.060446,0.0132791,-0.538982,-0.053963,0.0463333,-0.495556,0.0,0.0,1.0
0.0597901,0.0137303,-0.541464,-0.0518889,0.0492778,-0.495407,0.0,0.0,1.0
0.0607686,0.0133867,-0.543481,-0.0475556,0.0532778,-0.501,0.0,0.0,1.0
0.0565189,0.0149502,-0.542762,-0.0513704,0.0512222,-0.503278,0.0,0.0,1.0
0.0435205,0.0169203,-0.530955,-0.0405,0.0566204,-0.516435,0.0,0.0,1.0
0.0410178,0.0189769,-0.531894,-0.0434444,0.0558056,-0.518657,0.0,0.0,1.0
0.0448688,0.0204197,-0.539822,-0.0525185,0.0543241,-0.512824,0.0,0.0,1.0
0.0415477,0.0217524,-0.539974,-0.0528704,0.0532407,-0.513667,0.0,0.0,1.0
0.035884,0.0234601,-0.538717,-0.0521759,0.05025,-0.51463,0.0,0.0,1.0
0.0304748,0.0255325,-0.539405,-0.0522269,0.0464028,-0.514995,0.0,0.0,1.0
0.0281847,0.025446,-0.540231,-0.051713,0.0431944,-0.512833,0.0,0.0,1.0
0.024638,0.0273662,-0.541291,-0.0544537,0.0385741,-0.515972,0.0,0.0,1.0
0.0280115,-0.0199003,-0.542833,0.0273102,0.0635694,-0.517514,0.0,0.0,1.0
0.0297744,-0.0247587,-0.547272,0.0393148,0.0584074,-0.51113,0.0,0.0,1.0
0.0323793,0.0219491,-0.556682,-0.0351898,0.0629028,-0.50531,0.0,0.0,1.0
0.0392524,0.0231139,-0.565512,-0.0421574,0.0670185,-0.501676,0.0,0.0,1.0
0.0321563,0.0256978,-0.559669,-0.0401296,0.0641296,-0.5035,0.0,0.0,1.0
0.0331427,0.0277807,-0.563347,-0.0469398,0.061088,-0.498968,0.0,0.0,1.0
0.0325341,-0.0268258,-0.562739,0.0543426,0.0500093,-0.498315,0.0,0.0,1.0
0.0291107,-0.0274108,-0.561403,0.0513843,0.0483657,-0.49531,0.0,0.0,1.0
0.056351,-0.00315058,-0.569305,0.0097037,0.0569815,-0.497593,0.0,0.0,1.0
0.0578384,-0.0009234,-0.570021,0.00331481,0.0501019,-0.489491,0.0,0.0,1.0
0.0528541,0.00836306,-0.57022,-0.0305556,0.0450463,-0.488843,0.0,0.0,1.0
0.0529669,0.00750525,-0.569242,-0.0291204,0.0425278,-0.485093,0.0,0.0,1.0
0.0458919,0.0124711,-0.568122,-0.0401806,0.0443657,-0.487884,0.0,0.0,1.0
0.0526102,0.00927335,-0.568586,-0.0272778,0.055713,-0.471843,0.0,0.0,1.0
0.0417996,0.0148269,-0.565031,-0.0367454,0.0525231,-0.48531,0.0,0.0,1.0
0.0408709,0.0157922,-0.568111,-0.0372037,0.054037,-0.485241,0.0,0.0,1.0
0.0381742,0.0198583,-0.575126,-0.0492407,0.0479537,-0.493991,0.0,0.0,1.0
0.0332476,0.0219307,-0.57861,-0.0512593,0.0443056,-0.499769,0.0,0.0,1.0
0.0236595,-0.034777,-0.578471,0.051412,0.0498472,-0.499162,0.0,0.0,1.0
0.036191,0.0210178,-0.577618,-0.0314028,0.0754398,-0.519162,0.0,0.0,1.0
0.0363956,0.0199423,-0.580357,-0.0291296,0.0776111,-0.526241,0.0,0.0,1.0
0.0374292,0.0140294,-0.581301,-0.0168241,0.0971944,-0.536611,0.0,0.0,1.0
0.0274213,-0.0239481,-0.577831,0.0210833,0.0970093,-0.539093,0.0,0.0,1.0
0.0309024,-0.0261542,-0.577067,0.0270741,0.0929722,-0.545657,0.0,0.0,1.0
0.0337802,-0.0288274,-0.579352,0.0369583,0.0820602,-0.547051,0.0,0.0,1.0
0.0292051,-0.00936779,-0.587726,0.00708333,0.120231,-0.552593,0.0,0.0,1.0
0.0284313,-0.0064638,-0.590456,0.00473148,0.120944,-0.559231,0.0,0.0,1.0
0.0304958,-0.000842078,-0.596251,0.000643519,0.123829,-0.559977,0.0,0.0,1.0
0.029192,-0.000545645,-0.594764,0.000402778,0.123282,-0.560477,0.0,0.0,1.0
0.0290504,0.000603358,-0.597912,-0.000425926,0.128009,-0.555269,0.0,0.0,1.0
0.0300105,0.00156873,-0.598998,-0.00118519,0.123685,-0.559407,0.0,0.0,1.0
0.0294281,0.00218783,-0.602036,-0.00161111,0.124861,-0.558917,0.0,0.0,1.0
0.0282214,0.00688353,-0.603877,-0.00484259,0.125028,-0.553926,0.0,0.0,1.0
0.0286464,0.00474816,-0.60499,-0.0034213,0.123856,-0.554421,0.0,0.0,1.0
0.027382,0.00652676,-0.607434,-0.0045463,0.122407,-0.552843,0.0,0.0,1.0
0.0275682,0.00987146,-0.611828,-0.00694444,0.122176,-0.552269,0.0,0.0,1.0
0.028607,0.0107004,-0.614824,-0.00797222,0.1195,-0.548528,0.0,0.0,1.0
0.0270094,0.0135047,-0.618667,-0.00930556,0.122074,-0.552972,0.0,0.0,1.0
0.0299685,0.0133945,-0.616175,-0.0103472,0.120856,-0.543014,0.0,0.0,1.0
0.0272219,0.0311621,-0.624226,-0.0227454,0.116171,-0.530532,0.0,0.0,1.0
0.0263746,0.035829,-0.626663,-0.0277731,0.105995,-0.525227,0.0,0.0,1.0
0.026671,0.0378778,-0.629793,-0.0313241,0.100435,-0.52463,0.0,0.0,1.0
0.0266369,0.0412015,-0.633547,-0.0370185,0.0923426,-0.519898,0.0,0.0,1.0
0.0265897,0.0382057,-0.637671,-0.0333426,0.0948889,-0.520991,0.0,0.0,1.0
0.0250262,0.0416055,-0.641196,-0.0387407,0.0837037,-0.514148,0.0,0.0,1.0
0.0230378,0.0343232,-0.649607,-0.0348333,0.0707037,-0.514778,0.0,0.0,1.0
0.0304197,0.0358447,-0.657734,-0.0551296,0.0615926,-0.493167,0.0,0.0,1.0
0.0202833,0.0390504,-0.654643,-0.0514213,0.0479769,-0.506921,0.0,0.0,1.0
0.0240871,0.0400787,-0.660409,-0.0681852,0.0441019,-0.491324,0.0,0.0,1.0
0.037235,0.00620147,-0.660278,-0.0082037,0.0876852,-0.505204,0.0,0.0,1.0
0.0286831,0.0313274,-0.669423,-0.0377176,0.0741898,-0.489866,0.0,0.0,1.0
0.0259496,0.0328699,-0.673468,-0.0371852,0.0714259,-0.485167,0.0,0.0,1.0
0.029617,-0.0232634,-0.68288,0.0514907,0.0416759,-0.496333,0.0,0.0,1.0
0.0333001,-0.0209864,-0.686322,0.0410741,0.0529907,-0.49462,0.0,0.0,1.0
0.0360441,-0.0195278,-0.688269,0.0392083,0.0559213,-0.498134,0.0,0.0,1.0
0.0371563,-0.0170147,-0.692702,0.0331898,0.0593194,-0.501338,0.0,0.0,1.0
0.0408788,-0.0149449,-0.693959,0.0301713,0.0630602,-0.500819,0.0,0.0,1.0
0.0127571,0.0413195,-0.697862,-0.0639306,0.0256806,-0.500699,0.0,0.0,1.0
0.0440189,0.00167366,-0.706994,-0.00280093,0.0819213,-0.506319,0.0,0.0,1.0
0.0452728,-0.000377754,-0.703804,0.000666667,0.0798611,-0.509417,0.0,0.0,1.0
0.0467681,-0.00591815,-0.700336,0.0120509,0.0714769,-0.502116,0.0,0.0,1.0
0.0455955,-0.00271511,-0.701603,0.004875,0.079125,-0.511264,0.0,0.0,1.0
0.0454591,-0.000139035,-0.702201,0.000240741,0.0816204,-0.51825,0.0,0.0,1.0
0.0425026,0.000739769,-0.704585,-0.00114815,0.085213,-0.519454,0.0,0.0,1.0
0.0413694,0.00241868,-0.704502,-0.0034537,0.090213,-0.526222,0.0,0.0,1.0
0.0412959,0.00261805,-0.703725,-0.00366667,0.0918241,-0.531824,0.0,0.0,1.0
0.0381112,0.00417104,-0.705923,-0.00498148,0.0993611,-0.537083,0.0,0.0,1.0
0.0364271,0.00298006,-0.707581,-0.00331481,0.102102,-0.542028,0.0,0.0,1.0
0.0322613,0.00312697,-0.710645,-0.00283333,0.110917,-0.547213,0.0,0.0,1.0
0.0311254,0.00214848,-0.711802,-0.00176389,0.11806,-0.552745,0.0,0.0,1.0
0.0337775,0.00325813,-0.708295,-0.00296296,0.115546,-0.550102,0.0,0.0,1.0
0.0319255,0.00604407,-0.710383,-0.00494444,0.121537,-0.554296,0.0,0.0,1.0
0.0317602,0.00894281,-0.710884,-0.00702315,0.125986,-0.557468,0.0,0.0,1.0
0.0303541,0.0128095,-0.712552,-0.00943519,0.12838,-0.558148,0.0,0.0,1.0
0.0312854,0.0128489,-0.713232,-0.00959259,0.130472,-0.558324,0.0,0.0,1.0
0.030808,0.00743966,-0.713568,-0.00558333,0.12787,-0.56112,0.0,0.0,1.0
0.0309759,0.0129433,-0.714843,-0.00972222,0.128435,-0.557546,0.0,0.0,1.0
0.0313221,0.000115425,-0.715467,-8.7963e-05,0.12681,-0.560542,0.0,0.0,1.0
0.0324292,0.00990556,-0.717455,-0.00761574,0.131282,-0.558699,0.0,0.0,1.0
0.0320724,0.0186884,-0.719627,-0.0139306,0.133986,-0.554764,0.0,0.0,1.0
0.0326522,0.0208316,-0.719992,-0.0154676,0.136968,-0.553505,0.0,0.0,1.0
0.0322665,0.0242497,-0.721007,-0.0177037,0.137694,-0.554398,0.0,0.0,1.0
0.0362566,0.00117261,-0.723366,-0.0010463,0.126204,-0.576268,0.0,0.0,1.0
0.0325262,0.0228515,-0.724913,-0.0194491,0.119032,-0.581236,0.0,0.0,1.0
0.0324003,0.0207739,-0.723911,-0.0162546,0.128958,-0.586875,0.0,0.0,1.0
0.030362,0.02,-0.724433,-0.0140463,0.134611,-0.594694,0.0,0.0,1.0
0.0281847,0.0162644,-0.723725,-0.00991204,0.144051,-0.598125,0.0,0.0,1.0
0.0256453,0.0163431,-0.723919,-0.00842593,0.154981,-0.602074,0.0,0.0,1.0
0.0235021,0.0122796,-0.723597,-0.00544444,0.16513,-0.606426,0.0,0.0,1.0
0.0233972,0.00492917,-0.725973,-0.00216667,0.16563,-0.609278,0.0,0.0,1.0
0.022319,-0.00678909,-0.732508,0.00281481,0.167417,-0.616269,0.0,0.0,1.0
0.0255719,-0.0117104,-0.734019,0.00590741,0.157954,-0.61875,0.0,0.0,1.0
0.02851,-0.0167419,-0.730645,0.0116296,0.127843,-0.645769,0.0,0.0,1.0
0.0288326,-0.0118337,-0.735003,0.00793518,0.134009,-0.647037,0.0,0.0,1.0
0.0266422,-0.00194124,-0.736894,0.00118519,0.135852,-0.653778,0.0,0.0,1.0
0.0272062,-0.00286726,-0.737594,0.00177778,0.136778,-0.666593,0.0,0.0,1.0
0.0252282,-0.000186254,-0.735674,0.000115741,0.128644,-0.67606,0.0,0.0,1.0
0.0243153,-0.000327912,-0.735811,0.000194444,0.127806,-0.681537,0.0,0.0,1.0
0.0246485,-0.00580797,-0.735136,0.00341528,0.13048,-0.686915,0.0,0.0,1.0
0.0232975,-0.00830273,-0.733964,0.00417593,0.144222,-0.689806,0.0,0.0,1.0
0.0205404,-0.0066999,-0.732896,0.00299722,0.143228,-0.687839,0.0,0.0,1.0
0.0194071,-0.00455929,-0.732802,0.00182593,0.150847,-0.684245,0.0,0.0,1.0
0.0173374,-0.00144544,-0.729924,0.000525463,0.149295,-0.683545,0.0,0.0,1.0
0.0174029,-0.00236621,-0.731301,0.000831944,0.154616,-0.679653,0.0,0.0,1.0
0.0174003,-0.00545383,-0.731634,0.00187917,0.157233,-0.675964,0.0,0.0,1.0
0.0175551,-0.00678384,-0.730929,0.0023463,0.157822,-0.673906,0.0,0.0,1.0
0.0167078,-0.00943074,-0.731493,0.00301389,0.163065,-0.666935,0.0,0.0,1.0
0.0164428,-0.0116999,-0.731007,0.00367176,0.1634,-0.664316,0.0,0.0,1.0
0.0159418,-0.0124738,-0.73143,0.0036787,0.168167,-0.663972,0.0,0.0,1.0
0.0151364,-0.0108657,-0.731647,0.00312454,0.164069,-0.648458,0.0,0.0,1.0
0.0170121,-0.012841,-0.733161,0.0041037,0.165576,-0.645956,0.0,0.0,1.0
0.0190818,-0.0141081,-0.733169,0.00512963,0.163481,-0.641963,0.0,0.0,1.0
0.0173924,-0.0133526,-0.729402,0.00440278,0.164273,-0.638579,0.0,0.0,1.0
0.020404,-0.0166317,-0.727623,0.00671296,0.157435,-0.638389,0.0,0.0,1.0
0.0224056,-0.0180929,-0.726241,0.00843981,0.149653,-0.629486,0.0,0.0,1.0
0.0193232,-0.00841028,-0.729853,0.00341667,0.14813,-0.61538,0.0,0.0,1.0
0.0212487,-0.0107922,-0.730341,0.00494444,0.144343,-0.609194,0.0,0.0,1.0
0.0207686,-0.00954092,-0.729069,0.00462037,0.133407,-0.59638,0.0,0.0,1.0
0.0219491,-0.0144675,-0.726173,0.00798148,0.123926,-0.589241,0.0,0.0,1.0
0.0310913,0.0120934,-0.721579,-0.0122593,0.0955833,-0.579417,0.0,0.0,1.0
0.0313746,0.011873,-0.721695,-0.0119444,0.0971389,-0.55875,0.0,0.0,1.0
0.0301994,0.00839979,-0.722566,-0.00829167,0.0953009,-0.552616,0.0,0.0,1.0
0.0300656,0.00408972,-0.723376,-0.004375,0.0875046,-0.540227,0.0,0.0,1.0
0.0286254,0.000608604,-0.723148,-0.000611111,0.088537,-0.534944,0.0,0.0,1.0
0.0283998,0.00112802,-0.724197,-0.00118519,0.0846759,-0.534361,0.0,0.0,1.0
0.0287828,0.00344176,-0.724911,-0.0037037,0.0832222,-0.535574,0.0,0.0,1.0
0.0291632,0.00508657,-0.725433,-0.00535648,0.0863009,-0.539708,0.0,0.0,1.0
0.0302046,0.00688877,-0.728174,-0.00666667,0.0971667,-0.551389,0.0,0.0,1.0
0.0271039,0.000912907,-0.726873,-0.00075,0.103065,-0.556537,0.0,0.0,1.0
0.0285519,-0.0253358,-0.725273,0.024338,0.0925694,-0.568181,0.0,0.0,1.0
0.0269255,0.00759182,-0.730016,-0.00574537,0.110884,-0.577551,0.0,0.0,1.0
0.027639,0.00371983,-0.733269,-0.0027963,0.114583,-0.584583,0.0,0.0,1.0
0.025926,-0.00208552,-0.736771,0.00135185,0.124657,-0.596454,0.0,0.0,1.0
0.0227177,0.000330535,-0.736018,-0.000180556,0.128699,-0.602736,0.0,0.0,1.0
0.023468,0.00111228,-0.736501,-0.00062037,0.131407,-0.614324,0.0,0.0,1.0
0.0255299,-0.00963799,-0.735063,0.00568981,0.134718,-0.626162,0.0,0.0,1.0
0.0238877,-0.0079171,-0.73639,0.00412963,0.142759,-0.633241,0.0,0.0,1.0
0.0181296,0.00468258,-0.739856,-0.00176852,0.149481,-0.634954,0.0,0.0,1.0
0.020139,-0.00352309,-0.739404,0.00140278,0.157421,-0.639662,0.0,0.0,1.0
0.0169753,0.001351,-0.740774,-0.000449074,0.158634,-0.640921,0.0,0.0,1.0
0.0169806,0.00149265,-0.741556,-0.000476852,0.165792,-0.637782,0.0,0.0,1.0
0.016511,0.00024659,-0.74063,-7.87037e-05,0.165106,-0.639097,0.0,0.0,1.0
0.0170304,-0.000146905,-0.740483,4.62963e-05,0.168157,-0.639852,0.0,0.0,1.0
0.0179197,-0.001351,-0.739982,0.000449074,0.167069,-0.639588,0.0,0.0,1.0
0.0195488,-0.00193074,-0.739853,0.000712963,0.164583,-0.640519,0.0,0.0,1.0
0.0204984,-7.34523e-05,-0.738284,3.24074e-05,0.163634,-0.638523,0.0,0.0,1.0
0.0237592,0.000936516,-0.738324,-0.000416667,0.167139,-0.642093,0.0,0.0,1.0
0.0268311,0.000466946,-0.734601,-0.000240741,0.162167,-0.647037,0.0,0.0,1.0
0.0265504,0.00499738,-0.730218,-0.00237222,0.174026,-0.66047,0.0,0.0,1.0
0.0241317,0.00745278,-0.725554,-0.00337546,0.166112,-0.668084,0.0,0.0,1.0
0.0279591,0.0150262,-0.718589,-0.0075463,0.173408,-0.662306,0.0,0.0,1.0
0.0265477,0.0182057,-0.710535,-0.00870648,0.172799,-0.663429,0.0,0.0,1.0
0.0248426,0.0206034,-0.704984,-0.0094338,0.16902,-0.666881,0.0,0.0,1.0
0.0237408,0.0211647,-0.698295,-0.00921435,0.169823,-0.662332,0.0,0.0,1.0
0.0226758,0.0193652,-0.692608,-0.00809167,0.169069,-0.659661,0.0,0.0,1.0
0.0213116,0.0152938,-0.690908,-0.00571296,0.177703,-0.660194,0.0,0.0,1.0
0.019192,0.00631689,-0.689003,-0.0021463,0.176017,-0.655887,0.0,0.0,1.0
0.0180089,0.00939927,-0.684772,-0.00302454,0.174513,-0.652448,0.0,0.0,1.0
0.0206716,0.00831584,-0.685923,-0.00300787,0.178069,-0.653097,0.0,0.0,1.0
0.0198636,0.00977964,-0.683631,-0.00338657,0.178799,-0.652502,0.0,0.0,1.0
0.0218835,0.00623295,-0.683153,-0.00239815,0.177119,-0.650776,0.0,0.0,1.0
0.0236884,0.00593914,-0.683164,-0.00247222,0.17723,-0.64872,0.0,0.0,1.0
0.0262854,0.00142707,-0.680944,-0.000668981,0.174123,-0.642956,0.0,0.0,1.0
0.0232214,0.00066107,-0.678499,-0.000324074,0.145907,-0.657435,0.0,0.0,1.0
0.0233316,0.000540399,-0.677314,-0.000277778,0.139306,-0.652009,0.0,0.0,1.0
0.0260336,0.00388248,-0.678006,-0.00217593,0.14438,-0.645685,0.0,0.0,1.0
0.0246301,0.00799318,-0.677626,-0.00378241,0.162088,-0.624486,0.0,0.0,1.0
0.0240031,0.00776495,-0.675797,-0.00352778,0.164287,-0.626056,0.0,0.0,1.0
0.023447,0.00762329,-0.674701,-0.00341667,0.162926,-0.622454,0.0,0.0,1.0
0.023489,0.00802728,-0.676396,-0.00383333,0.153065,-0.630657,0.0,0.0,1.0
0.0226967,0.00935467,-0.677581,-0.00446759,0.148014,-0.634708,0.0,0.0,1.0
0.0236595,0.00920514,-0.678161,-0.00417593,0.162454,-0.619611,0.0,0.0,1.0
0.0221957,0.0104486,-0.681702,-0.00446296,0.161833,-0.619148,0.0,0.0,1.0
0.0239192,0.00899266,-0.681411,-0.00416667,0.160741,-0.620741,0.0,0.0,1.0
0.0204984,0.00976915,-0.686983,-0.00386574,0.161264,-0.619829,0.0,0.0,1.0
0.0206401,0.00849423,-0.689166,-0.00339815,0.160509,-0.621241,0.0,0.0,1.0
0.0199685,0.0116737,-0.692859,-0.00450463,0.16106,-0.617181,0.0,0.0,1.0
0.0196013,0.0115687,-0.695567,-0.00435185,0.162361,-0.617694,0.0,0.0,1.0
0.0196642,0.0135257,-0.697901,-0.00515741,0.160602,-0.6175,0.0,0.0,1.0
0.0191107,0.0129879,-0.699452,-0.00476389,0.162218,-0.615958,0.0,0.0,1.0
0.0199974,0.0127466,-0.698555,-0.00490741,0.161815,-0.614648,0.0,0.0,1.0
0.0196301,0.0138641,-0.69995,-0.00530556,0.159787,-0.612296,0.0,0.0,1.0
0.0188903,0.0148242,-0.699604,-0.00574074,0.151935,-0.610972,0.0,0.0,1.0
0.0193074,0.0139559,-0.699885,-0.00547685,0.153208,-0.608588,0.0,0.0,1.0
0.0204669,0.0121196,-0.699575,-0.00521759,0.148042,-0.61081,0.0,0.0,1.0
0.0208237,0.015724,-0.701616,-0.00665278,0.153319,-0.607107,0.0,0.0,1.0
0.0211359,0.011692,-0.70261,-0.00508333,0.151389,-0.60338,0.0,0.0,1.0
0.0207765,0.0122298,-0.702251,-0.00526852,0.150213,-0.602444,0.0,0.0,1.0
0.0195488,0.0120724,-0.701684,-0.00475,0.154861,-0.605722,0.0,0.0,1.0
0.0186228,0.010968,-0.702642,-0.00431019,0.147625,-0.615644,0.0,0.0,1.0
0.0198137,0.0101863,-0.702909,-0.00401852,0.156352,-0.605981,0.0,0.0,1.0
0.0196013,0.0117209,-0.706264,-0.00460648,0.155431,-0.60594,0.0,0.0,1.0
0.0195724,0.0124633,-0.709163,-0.00483333,0.15713,-0.607444,0.0,0.0,1.0
0.021957,0.0113431,-0.712398,-0.00488426,0.158727,-0.609097,0.0,0.0,1.0
0.0201889,0.013127,-0.712749,-0.00519444,0.158926,-0.609306,0.0,0.0,1.0
0.0213248,0.0101863,-0.711687,-0.00421296,0.160667,-0.611769,0.0,0.0,1.0
0.0198793,0.0122718,-0.711773,-0.00466204,0.162894,-0.612801,0.0,0.0,1.0
0.02032,0.0127072,-0.713006,-0.00496759,0.162023,-0.614579,0.0,0.0,1.0
0.0215268,0.0097744,-0.712267,-0.00402778,0.162694,-0.614407,0.0,0.0,1.0
0.0227807,0.0092235,-0.711878,-0.00399074,0.164046,-0.61463,0.0,0.0,1.0
0.0245462,0.00602571,-0.712227,-0.00278704,0.165398,-0.6175,0.0,0.0,1.0
0.0240268,0.0114769,-0.71634,-0.00517593,0.166065,-0.616111,0.0,0.0,1.0
0.0244858,0.016191,-0.720047,-0.00755556,0.163426,-0.611556,0.0,0.0,1.0
0.0271695,0.0129145,-0.721052,-0.00696759,0.156838,-0.621634,0.0,0.0,1.0
0.0253882,0.0175813,-0.719244,-0.00849537,0.163606,-0.612884,0.0,0.0,1.0
0.0269858,0.0150026,-0.722762,-0.0077963,0.161731,-0.614824,0.0,0.0,1.0
0.0246695,0.0188038,-0.724848,-0.00889815,0.162435,-0.619944,0.0,0.0,1.0
0.0218914,0.0171065,-0.727264,-0.0074213,0.157236,-0.626495,0.0,0.0,1.0
0.0201102,0.0177072,-0.728793,-0.00699074,0.158602,-0.626759,0.0,0.0,1.0
0.0196144,0.0140635,-0.72845,-0.00543981,0.157903,-0.627431,0.0,0.0,1.0
0.0172875,0.0107293,-0.730094,-0.00357407,0.161352,-0.62687,0.0,0.0,1.0
0.0179066,0.013531,-0.729475,-0.00474074,0.159259,-0.627037,0.0,0.0,1.0
0.0224974,0.00514166,-0.727461,-0.00222222,0.162343,-0.627491,0.0,0.0,1.0
0.0155089,0.003468,-0.735136,-0.0010463,0.160833,-0.625232,0.0,0.0,1.0
0.0169071,0.00146118,-0.736834,-0.000472222,0.162306,-0.624074,0.0,0.0,1.0
0.0195173,0.00157398,-0.742613,-0.000597222,0.159264,-0.624069,0.0,0.0,1.0
0.021915,-0.00320567,-0.743725,0.00148611,0.147329,-0.635625,0.0,0.0,1.0
0.0248426,-0.00848374,-0.743599,0.00440278,0.148968,-0.633403,0.0,0.0,1.0
0.0252151,-0.0102308,-0.744565,0.0054213,0.14819,-0.63169,0.0,0.0,1.0
0.0248741,-0.0102151,-0.745404,0.00531019,0.149069,-0.629792,0.0,0.0,1.0
0.0245147,-0.00824502,-0.747395,0.00424074,0.148361,-0.629398,0.0,0.0,1.0
0.0244465,-0.00829224,-0.746991,0.00419444,0.150463,-0.629972,0.0,0.0,1.0
0.0278568,-0.00561647,-0.746104,0.00330093,0.147532,-0.627662,0.0,0.0,1.0
0.0259575,-0.00362277,-0.747295,0.00194907,0.150338,-0.633032,0.0,0.0,1.0
0.0260336,-0.00350997,-0.746469,0.00191204,0.148681,-0.632292,0.0,0.0,1.0
0.0267392,-0.00283054,-0.746802,0.00161111,0.146204,-0.629778,0.0,0.0,1.0
0.0269963,-0.0025787,-0.74728,0.00144907,0.149394,-0.632773,0.0,0.0,1.0
