923.65,308.27,758.05,342.11,741.83,262.68,907.42,228.85
920.34,313.18,753.13,333.29,743.98,257.24,911.19,237.13
914.75,325.04,743.63,318.18,746.59,244.3,917.71,251.16
906.36,335.91,743.09,296.06,760.58,224.41,923.84,264.26
910.17,333.11,742.08,298.77,755.72,231.99,923.81,266.34
903.79,340.54,745.56,292.9,766.74,222.56,924.97,270.21
906.51,343.65,754.3,293.81,778.78,219.07,930.98,268.91
901.02,347.08,755.66,292.45,785.34,213.49,930.7,268.12
902.53,352.04,761.19,291.62,794.35,214.06,935.69,274.48
899.97,351.16,759.49,291.49,793.92,210.43,934.4,270.1
902.74,346.86,760.29,295.22,789.47,214.72,931.93,266.37
898.15,351.08,764.65,289.01,802.29,208.03,935.8,270.1
901.27,351.56,765.69,289.11,801.99,210.29,937.57,272.74
895.71,352.21,769.49,288.16,812.67,203.05,938.89,267.1
918.77,339.11,771.67,313.72,786.87,225.68,933.96,251.07
927.67,333.56,778.15,332.44,778.85,239.05,928.37,240.17
928.7,332.66,782.44,331.31,783.29,238.9,929.55,240.25
943.35,307.06,815.47,354.3,781.69,262.84,909.57,215.61
942.78,324.86,791.91,336.95,784.49,244.36,935.36,232.27
968.28,308.05,803.2,345.75,782.4,254.67,947.49,216.97
988.95,293.61,816.5,349.49,786.92,258.22,959.37,202.34
992.25,268.02,839.13,352.68,791.19,265.96,944.31,181.3
991.36,258.1,849.54,353.05,792.39,267.69,934.21,172.74
990.63,283.01,831.79,344.56,797.53,256.16,956.37,194.61
988.79,280.59,834.2,340.2,801.16,254.52,955.75,194.91
1003.2,276.5,832.07,338.4,801.36,253.5,972.48,191.6
988.06,280.71,834.7,335.45,804.68,251.33,958.04,196.59
1031.0,265.86,838.33,334.29,808.49,250.25,1001.2,181.81
988.23,278.63,842.36,333.39,811.28,250.61,957.16,195.85
1005.4,272.26,844.95,335.32,812.19,251.95,972.69,188.88
997.98,277.43,848.12,335.57,815.28,250.93,965.14,192.79
1000.6,284.59,855.58,345.58,817.32,254.62,962.34,193.62
997.87,285.71,864.79,344.66,824.74,254.24,957.83,195.29
994.71,291.24,860.65,340.14,827.28,248.65,961.34,199.75
996.83,296.26,858.09,336.32,831.25,243.35,969.99,203.3
984.38,294.73,861.3,335.55,831.51,245.7,954.59,204.88
985.68,295.2,851.38,325.08,831.64,236.36,965.94,206.48
979.17,293.69,862.61,328.09,836.72,240.37,953.28,205.97
976.97,298.72,858.9,325.22,838.67,235.07,956.74,208.58
966.74,305.11,854.82,314.13,847.45,222.67,959.37,213.65
985.29,296.57,863.01,319.92,846.16,231.66,968.44,208.31
977.66,301.47,866.5,317.32,853.75,227.86,964.91,212.02
993.95,297.24,870.5,318.21,855.33,228.89,978.78,207.92
992.23,287.34,888.52,326.5,856.33,241.26,960.05,202.1
998.65,284.45,889.63,327.32,855.97,241.7,964.99,198.83
1002.9,284.32,891.23,325.44,859.47,239.2,971.14,198.08
977.57,298.96,886.1,317.05,867.97,225.39,959.44,207.29
977.65,300.84,886.21,316.56,870.22,223.54,961.65,207.82
985.84,300.97,890.93,314.36,877.59,219.77,972.49,206.38
967.08,306.54,889.61,311.54,883.29,213.83,960.76,208.83
968.87,307.6,889.96,311.74,884.72,211.66,963.63,207.53
968.89,304.03,890.19,299.91,895.17,204.98,973.87,209.11
972.21,293.43,893.52,292.75,894.26,207.05,972.95,207.73
963.91,291.49,891.99,291.47,892.01,206.87,963.93,206.89
960.08,292.18,892.85,285.03,901.91,199.8,969.14,206.95
961.98,290.14,894.55,289.61,895.23,204.21,962.66,204.75
959.71,289.46,890.19,281.31,900.3,194.97,969.83,203.11
959.3,289.77,890.94,279.64,903.7,193.59,972.06,203.72
961.72,289.66,896.59,286.06,901.47,197.87,966.6,201.47
990.84,272.51,919.64,302.32,887.02,224.4,958.22,194.6
960.84,291.2,901.32,290.44,902.47,199.96,961.98,200.71
963.36,290.51,905.22,292.37,902.37,203.31,960.51,201.45
973.86,291.77,906.82,296.43,900.46,205.03,967.51,200.37
972.38,292.23,911.07,299.91,899.64,208.68,960.95,201.0
1012.1,246.0,944.24,306.24,889.38,244.46,957.23,184.21
971.11,294.99,911.11,301.66,900.8,208.93,960.8,202.25
1005.9,249.71,944.63,306.71,889.73,247.69,951.01,190.69
961.44,299.83,909.37,300.55,908.06,204.7,960.12,203.99
964.49,296.79,910.38,298.86,906.86,207.16,960.97,205.09
960.13,297.26,908.06,296.39,909.58,204.47,961.66,205.33
960.58,300.27,907.34,298.87,909.81,205.0,963.04,206.39
965.1,301.23,911.5,303.1,908.09,205.5,961.69,203.62
968.72,297.35,913.77,301.82,906.17,208.4,961.12,203.93
965.44,305.23,912.21,307.55,907.88,208.17,961.12,205.86
966.07,303.69,909.5,303.72,909.46,205.05,966.03,205.02
964.58,302.37,911.46,304.01,908.46,206.9,961.58,205.26
976.42,299.37,916.11,306.44,905.07,212.3,965.38,205.23
966.85,302.33,909.15,301.37,910.69,207.96,968.39,208.92
964.78,304.63,914.04,307.09,909.31,209.5,960.05,207.05
961.76,306.09,912.26,306.54,911.37,208.34,960.87,207.89
964.29,305.86,912.84,307.67,909.27,206.46,960.72,204.65
960.42,308.08,904.05,307.73,904.7,203.75,961.07,204.1
980.35,324.43,888.23,280.05,930.4,192.51,1022.5,236.88
960.12,304.58,897.02,303.24,899.15,203.07,962.24,204.41
992.23,322.51,888.85,278.92,925.34,192.37,1028.7,235.96
960.11,304.01,896.02,300.34,901.72,200.74,965.81,204.41
993.97,316.31,889.2,293.05,911.13,194.29,1015.9,217.55
965.36,321.12,882.91,297.1,913.54,191.96,995.99,215.98
960.13,307.28,890.65,305.83,892.82,201.21,962.3,202.65
959.6,311.77,890.22,294.97,914.71,193.85,984.09,210.65
960.33,305.85,893.31,297.45,905.72,198.41,972.74,206.8
960.01,308.71,891.66,298.03,907.44,197.04,975.78,207.72
956.98,317.04,886.07,300.13,911.31,194.26,982.23,211.17
965.3,310.44,891.51,300.47,905.42,197.52,979.2,207.48
960.29,310.6,891.62,301.95,904.09,202.89,972.76,211.54
974.23,309.71,894.24,302.35,903.28,204.06,983.27,211.41
972.07,309.9,892.71,301.66,902.92,203.34,982.28,211.58
959.91,306.18,895.18,302.93,900.06,205.59,964.8,208.84
964.91,306.93,898.4,307.94,896.89,208.86,963.4,207.84
961.09,308.17,897.22,307.45,898.34,207.24,962.22,207.96
959.92,304.42,895.39,302.75,897.85,207.3,962.38,208.97
961.08,312.56,890.66,300.51,907.98,199.3,978.4,211.35
966.49,313.16,867.81,314.16,866.76,210.43,965.44,209.43
966.36,309.39,860.38,314.04,855.89,211.8,961.87,207.15
960.28,308.21,858.97,308.08,859.09,211.04,960.4,211.16
1023.1,308.69,858.88,309.64,858.33,213.45,1022.5,212.5
960.24,313.02,859.44,312.8,859.66,210.2,960.46,210.42
963.69,306.69,859.9,306.49,860.08,213.03,963.87,213.23
968.39,301.44,859.51,308.81,853.38,218.26,962.25,210.88
968.87,306.03,859.13,308.22,857.26,214.55,967.0,212.36
962.16,307.48,859.17,309.17,857.65,216.35,960.63,214.66
961.12,307.14,860.21,307.42,859.95,214.21,960.86,213.92
962.89,307.64,858.91,307.22,859.29,214.3,963.27,214.72
960.47,308.2,859.79,308.48,859.53,214.65,960.22,214.37
960.6,307.53,859.95,308.04,859.48,215.66,960.13,215.15
960.03,307.75,860.2,307.72,860.23,215.35,960.06,215.38
965.1,305.7,849.64,305.92,849.47,215.17,964.93,214.95
973.1,300.88,850.69,319.53,837.63,233.8,960.04,215.15
982.98,293.22,861.42,328.34,838.07,247.53,959.63,212.41
973.76,299.22,849.03,320.07,834.88,235.39,959.61,214.54
961.05,301.08,837.95,300.73,838.19,218.97,961.28,219.32
1024.5,284.55,850.29,323.9,832.61,245.63,1006.8,206.28
958.87,314.15,833.38,273.94,858.67,195.02,984.16,235.24
961.12,303.15,836.55,303.23,836.49,214.07,961.07,213.98
996.31,330.71,831.88,275.03,862.78,183.76,1027.2,239.44
975.5,301.82,852.43,323.75,836.22,232.84,959.3,210.9
976.48,295.13,850.37,315.46,836.86,231.63,962.96,211.3
960.26,303.27,840.09,301.99,841.04,213.77,961.21,215.06
960.03,303.6,838.51,298.46,842.28,209.15,963.81,214.28
960.82,303.46,838.48,299.02,841.87,205.64,964.21,210.08
961.36,302.4,834.54,289.17,843.36,204.68,970.18,217.91
959.86,302.3,836.12,292.6,842.96,205.34,966.7,215.04
959.93,302.16,835.4,292.02,842.46,205.36,966.99,215.5
960.21,301.69,835.8,291.39,842.93,205.21,967.35,215.51
959.91,301.75,835.64,291.47,842.86,204.27,967.13,214.56
961.44,300.69,836.91,293.2,842.19,205.42,966.72,212.91
961.14,304.56,836.45,296.87,842.11,205.04,966.81,212.73
963.07,300.81,832.05,281.92,844.09,198.42,975.11,217.32
958.93,301.65,829.24,271.75,847.36,193.1,977.06,223.0
984.77,301.43,832.97,284.13,842.34,201.9,994.14,219.2
1000.9,305.47,832.1,280.31,844.31,198.35,1013.2,223.51
970.04,298.44,841.24,298.44,841.24,208.4,970.04,208.4
962.76,298.42,834.57,286.14,842.57,202.67,970.75,214.95
967.87,297.93,835.66,287.69,842.17,203.72,974.37,213.96
966.05,299.15,834.22,284.3,843.61,200.87,975.45,215.71
960.67,297.83,835.12,286.06,842.95,202.52,968.5,214.29
1003.5,324.1,826.85,252.56,857.16,177.74,1033.8,249.29
961.48,295.72,840.75,289.33,845.2,205.27,965.93,211.66
960.41,298.56,838.86,283.35,849.43,198.84,970.99,214.06
968.86,299.72,841.85,283.43,852.86,197.6,979.87,213.89
1006.1,315.64,835.46,271.91,856.6,189.44,1027.2,233.17
959.44,304.12,826.19,262.49,850.81,183.69,984.06,225.32
958.75,298.81,827.28,267.93,846.49,186.16,977.95,217.03
962.2,298.29,828.64,266.24,847.88,186.04,981.45,218.09
991.47,307.71,822.67,259.81,844.44,183.1,1013.2,231.0
982.7,309.98,825.61,266.58,848.64,183.21,1005.7,226.61
959.05,301.71,817.49,261.36,840.35,181.14,981.92,221.49
959.31,302.18,823.04,264.72,845.44,183.24,981.71,220.7
959.13,302.48,824.96,267.44,846.72,184.12,980.89,219.16
958.33,299.83,824.32,262.77,846.29,183.34,980.3,220.4
984.46,307.94,825.71,269.36,846.23,184.91,1005.0,223.49
959.67,300.2,823.98,266.19,844.54,184.18,980.22,218.19
968.99,305.0,819.3,257.82,843.86,179.9,993.55,227.08
958.08,297.19,825.86,265.61,845.25,184.44,977.47,216.03
957.88,296.43,824.18,263.21,843.9,183.85,977.6,217.07
959.82,296.77,827.11,267.76,845.16,185.18,977.87,214.19
959.63,301.11,824.58,264.55,846.73,182.72,981.78,219.27
959.85,301.06,826.53,272.68,844.76,187.02,978.09,215.4
967.61,297.78,831.62,280.43,842.49,195.23,978.48,212.58
960.2,298.43,835.72,296.03,837.44,206.44,961.92,208.84
961.27,303.53,837.99,304.0,837.63,208.97,960.9,208.5
990.42,304.07,833.51,303.9,833.62,209.81,990.53,209.99
961.47,299.21,829.43,298.08,830.15,213.7,962.18,214.82
971.71,293.23,838.07,312.22,826.01,227.39,959.66,208.39
960.67,304.62,825.12,273.44,844.25,190.26,979.8,221.44
965.9,297.37,832.48,305.67,827.03,218.07,960.45,209.77
960.95,299.09,830.15,299.59,829.82,211.42,960.62,210.92
959.71,306.57,825.65,273.91,846.81,187.07,980.87,219.74
960.4,302.55,830.17,302.56,830.17,211.01,960.39,211.0
960.99,304.14,829.03,303.29,829.63,211.23,961.59,212.08
960.64,303.14,830.01,302.61,830.38,211.13,961.01,211.65
965.65,308.5,823.91,279.66,841.76,191.9,983.5,220.74
990.63,311.87,810.12,277.86,826.34,191.75,1006.9,225.76
960.0,304.0,806.0,304.0,806.0,213.0,960.0,213.0
960.71,304.12,801.24,304.62,800.96,214.43,960.43,213.94
964.35,304.52,795.7,302.68,796.68,212.21,965.34,214.05
962.63,306.06,793.36,306.58,793.08,215.43,962.35,214.91
962.85,308.13,795.06,308.52,794.84,216.32,962.63,215.93
965.26,308.15,795.07,309.13,794.54,216.8,964.73,215.82
965.15,308.44,794.17,308.65,794.06,217.15,965.04,216.93
965.0,309.47,793.54,308.21,794.21,216.77,965.68,218.03
973.43,310.66,789.86,301.29,794.43,211.66,978.0,221.02
965.88,308.43,771.98,307.35,772.46,220.09,966.37,221.17
977.94,309.16,763.67,304.69,765.45,219.2,979.72,223.67
963.45,308.13,759.91,307.79,760.05,221.05,963.6,221.39
961.48,308.6,750.99,308.76,750.92,222.12,961.42,221.96
965.43,308.0,747.11,308.0,747.11,222.15,965.43,222.15
961.27,307.92,746.87,308.57,746.61,222.44,961.01,221.78
962.21,307.46,746.91,306.46,747.31,221.07,962.61,222.07
961.3,307.68,746.09,309.04,745.55,223.88,960.76,222.53
963.31,307.51,746.27,306.27,746.75,222.01,963.79,223.24
960.0,306.0,744.0,306.0,744.0,222.0,960.0,222.0
960.47,304.91,745.79,303.35,746.35,225.71,961.04,227.26
963.53,305.51,741.55,304.38,741.95,226.15,963.93,227.28
962.35,310.52,737.95,298.64,742.24,217.65,966.64,229.53
971.61,308.47,738.11,305.1,739.27,224.58,972.77,227.95
958.09,311.46,732.43,295.11,738.22,215.23,963.88,231.58
960.9,311.14,737.09,299.98,741.13,218.87,964.94,230.03
961.97,309.83,736.85,302.53,739.49,221.09,964.61,228.4
967.0,307.07,737.36,304.51,738.26,224.31,967.89,226.87
958.69,311.1,738.19,299.23,742.56,218.08,963.06,229.95
971.34,306.37,736.22,305.57,736.49,225.47,971.61,226.26
967.19,303.47,738.89,302.51,739.21,225.87,967.51,226.83
961.35,307.53,741.35,304.23,742.57,223.04,962.56,226.34
971.61,304.71,738.16,303.3,738.63,223.99,972.09,225.4
965.99,304.99,740.94,305.03,740.92,225.71,965.98,225.66
968.12,304.24,739.26,303.75,739.43,225.65,968.29,226.14
958.72,312.76,738.94,304.23,742.09,223.08,961.87,231.61
956.94,314.34,739.29,297.72,745.31,218.85,962.96,235.47
963.66,315.2,737.04,298.37,742.79,220.9,969.41,237.73
954.83,319.16,739.11,294.4,747.8,218.72,963.52,243.48
951.95,324.85,741.02,291.39,752.61,218.27,963.55,251.73
953.13,325.09,738.57,292.91,749.15,222.4,963.7,254.58
952.35,326.61,739.16,291.46,750.57,222.25,963.76,257.41
954.4,323.91,741.47,295.36,750.8,225.77,963.74,254.32
952.72,328.26,740.79,298.75,750.95,225.79,962.88,255.3
953.74,326.93,741.17,304.69,749.01,229.78,961.58,252.02
954.07,327.02,736.97,301.64,745.56,228.2,962.65,253.57
954.16,325.83,754.6,305.29,762.16,231.81,961.72,252.35
927.04,319.99,734.67,302.78,741.06,231.35,933.43,248.55
931.81,315.8,735.96,301.01,741.12,232.71,936.97,247.51
926.05,315.19,731.96,301.42,736.81,233.02,930.9,246.79
908.98,315.33,730.01,299.93,735.74,233.27,914.72,248.67
901.12,323.79,723.47,287.71,736.15,225.27,913.8,261.34
901.47,318.76,718.95,285.61,729.75,226.15,912.27,259.31
904.99,307.36,722.75,291.63,727.76,233.51,910.0,249.24
898.14,303.76,724.6,296.36,727.15,236.69,900.68,244.09
884.43,302.08,720.0,295.33,722.4,236.83,886.83,243.57
876.17,302.42,716.4,289.82,720.72,235.1,880.49,247.7
874.66,301.92,717.63,286.88,722.71,233.75,879.74,248.79
866.19,299.65,715.83,287.19,720.13,235.27,870.49,247.74
851.58,305.16,716.72,286.95,724.11,232.18,858.97,250.39
827.98,322.53,673.07,322.53,673.07,237.16,827.98,237.16
827.04,321.3,677.17,321.3,677.17,234.76,827.04,234.76
810.53,321.58,665.71,321.58,665.71,233.85,810.53,233.85
792.31,325.64,652.54,325.64,652.54,236.73,792.31,236.73
765.54,327.26,603.69,327.26,603.69,227.99,765.54,227.99
738.77,328.88,554.85,328.88,554.85,219.24,738.77,219.24
712.0,330.5,506.0,330.5,506.0,210.5,712.0,210.5
676.0,318.5,484.0,318.5,484.0,204.5,676.0,204.5
650.5,323.5,450.5,323.5,450.5,203.5,650.5,203.5
643.5,314.5,434.5,314.5,434.5,200.0,643.5,200.0
639.3,312.7,432.65,312.7,432.65,199.52,639.3,199.52
635.1,310.9,430.8,310.9,430.8,199.05,635.1,199.05
575.12,308.83,415.34,275.8,432.28,193.87,592.06,226.89
576.77,309.1,416.14,276.58,432.81,194.21,593.45,226.73
570.65,310.16,414.3,275.38,432.99,191.35,589.34,226.14
572.56,306.23,418.4,283.41,431.34,196.04,585.49,218.86
571.28,304.36,420.41,285.72,431.39,196.94,582.25,215.59
572.35,304.53,418.83,282.47,431.36,195.23,584.89,217.3
571.92,303.81,420.52,284.74,431.53,197.32,582.93,216.4
574.09,305.68,420.14,283.85,432.49,196.75,586.44,218.57
575.87,305.07,420.7,284.19,432.29,198.06,587.46,218.94
577.0,306.59,419.56,282.89,432.42,197.4,589.87,221.1
574.89,308.77,417.16,280.91,432.37,194.79,590.11,222.66
574.81,306.63,418.45,284.49,430.68,198.15,587.03,220.29
574.29,306.21,414.7,286.29,425.54,199.45,585.13,219.38
576.8,302.55,413.98,290.39,420.42,204.11,583.25,216.27
577.22,295.14,408.79,294.83,408.95,210.78,577.37,211.09
574.64,296.76,408.2,297.66,407.74,212.13,574.18,211.24
572.0,296.69,408.06,297.87,407.44,211.6,571.38,210.42
577.14,288.82,411.73,305.7,403.05,220.68,568.46,203.79
569.47,295.35,409.66,298.19,408.13,212.47,567.95,209.62
570.44,283.13,413.78,307.4,400.78,223.46,557.44,199.19
570.19,286.29,411.57,306.03,400.78,219.34,559.4,199.6
563.41,289.6,408.54,300.03,402.74,213.86,557.61,203.43
561.13,292.75,400.79,296.04,399.01,209.5,559.35,206.2
562.54,291.54,398.65,296.84,395.86,210.6,559.75,205.3
558.53,290.41,393.94,294.82,391.64,209.01,556.23,204.6
554.92,290.53,396.37,295.41,393.67,207.9,552.23,203.02
554.93,286.6,395.92,295.48,391.21,211.15,550.22,202.26
558.0,277.7,398.61,301.37,386.27,218.34,545.67,194.66
550.89,289.8,396.24,294.15,393.81,207.89,548.47,203.55
545.46,283.89,399.81,297.85,391.61,212.34,537.26,198.37
546.86,282.32,403.48,299.93,392.95,214.24,536.33,196.62
550.39,274.94,409.86,307.81,389.84,222.23,530.36,189.35
549.8,270.73,414.42,311.73,388.42,225.88,523.8,184.88
550.98,267.6,420.28,318.35,386.54,231.45,517.24,180.7
548.87,262.51,424.21,318.98,386.55,235.86,511.2,179.38
546.64,265.37,423.9,318.2,387.32,233.23,510.06,180.39
544.77,266.88,424.16,317.56,388.44,232.55,509.06,181.88
547.12,258.34,429.56,327.8,380.85,245.35,498.41,175.89
543.46,267.39,425.56,321.69,386.37,236.59,504.27,182.3
540.76,268.18,427.37,322.74,387.66,240.21,501.05,185.65
544.21,260.29,435.29,331.14,383.14,250.98,492.06,180.12
543.21,256.57,440.94,332.07,384.01,254.95,486.27,179.45
541.12,257.31,442.97,333.93,383.15,257.3,481.3,180.68
538.81,251.67,444.17,335.39,380.73,263.68,475.37,179.95
536.62,257.51,442.91,339.72,379.4,267.32,473.12,185.11
534.77,258.4,442.89,342.01,377.78,270.46,469.67,186.85
532.11,254.92,444.84,346.79,375.63,281.04,462.9,189.17
530.52,259.23,444.1,346.69,375.25,278.65,461.67,191.19
527.72,258.45,440.94,346.97,373.54,280.89,460.33,192.37
525.94,260.39,433.78,346.06,369.52,276.92,461.69,191.26
523.04,249.67,445.62,344.89,370.76,284.02,448.18,188.8
511.66,299.59,395.23,323.88,376.93,236.14,493.36,211.86
518.74,287.94,404.29,331.07,372.58,246.91,487.03,203.78
515.9,294.28,400.59,328.69,374.67,241.83,489.99,207.43
513.84,293.72,400.04,329.89,373.02,244.89,486.83,208.72
516.85,287.2,404.77,333.83,370.75,252.09,482.83,205.45
513.28,293.06,401.27,331.78,372.15,247.56,484.17,208.83
514.58,290.38,403.23,333.15,371.29,250.01,482.64,207.24
515.44,285.5,407.23,335.07,369.97,253.72,478.18,204.16
502.16,307.3,385.92,320.44,376.04,233.02,492.28,219.89
506.0,298.57,391.1,325.74,370.91,240.37,485.82,213.2
506.57,297.68,391.95,325.9,371.09,241.17,485.71,212.95
506.06,295.14,393.73,327.55,369.33,243.0,481.65,210.59
506.25,292.4,394.54,329.37,366.76,245.41,478.46,208.44
514.66,277.34,405.21,339.28,360.62,260.48,470.07,198.54
514.24,276.3,405.76,340.93,359.29,262.93,467.77,198.3
513.4,277.18,406.14,341.79,358.72,263.05,465.97,198.45
513.76,274.49,408.49,346.53,355.39,268.95,460.67,196.9
513.79,275.3,409.64,345.46,356.93,267.21,461.07,197.05
515.29,271.36,406.95,349.78,351.34,272.95,459.67,194.53
515.21,274.97,400.08,347.21,350.31,267.89,465.44,195.65
514.17,276.15,401.39,344.93,353.23,265.95,466.02,197.17
513.26,280.07,398.49,340.62,355.85,259.8,470.62,199.25
514.02,284.93,392.74,336.65,356.93,252.7,478.21,200.97
515.94,286.02,378.42,339.27,346.3,256.32,483.83,203.07
509.57,301.89,361.25,324.64,347.88,237.43,496.19,214.68
507.6,306.08,358.73,319.9,350.56,231.99,499.44,218.16
506.78,306.05,358.48,317.96,351.36,229.27,499.65,217.36
506.31,306.69,358.34,317.92,351.46,227.29,499.43,216.06
503.78,308.11,357.33,316.62,352.15,227.39,498.6,218.88
495.22,314.51,355.81,313.85,356.26,220.15,495.67,220.82
508.76,297.74,363.14,323.93,347.48,236.84,493.1,210.65
512.97,290.9,366.5,328.27,344.68,242.73,491.14,205.36
505.44,301.4,355.6,320.23,344.45,231.49,494.29,212.66
498.97,308.18,339.1,312.93,336.48,224.54,496.35,219.79
491.59,307.61,329.67,308.74,329.07,222.05,490.99,220.92
502.11,308.89,327.34,309.17,327.2,222.88,501.97,222.59
499.12,311.06,327.27,308.9,328.4,219.22,500.25,221.38
510.84,289.24,337.21,332.41,316.05,247.34,489.68,204.16
513.74,285.16,337.12,334.05,313.65,249.28,490.27,200.39
511.11,285.88,333.88,329.98,312.72,244.95,489.95,200.85
513.73,285.5,326.53,329.32,306.64,244.34,493.84,200.53
513.03,281.95,334.59,331.65,310.91,246.63,489.35,196.93
511.34,282.76,334.39,330.15,311.4,244.31,488.36,196.92
513.77,276.93,335.39,332.33,308.84,246.84,487.22,191.45
513.99,274.33,335.34,333.09,307.6,248.76,486.25,190.0
511.74,278.19,333.03,328.87,309.61,246.29,488.31,195.6
511.02,280.38,329.2,326.2,308.06,242.35,489.89,196.52
512.47,280.28,327.73,325.45,307.45,242.5,492.19,197.33
509.17,272.18,334.01,329.21,307.1,246.58,482.27,189.54
509.86,265.39,337.27,330.96,306.27,249.36,478.86,183.8
508.46,269.01,337.28,326.54,309.4,243.59,480.58,186.06
503.99,282.82,329.14,315.6,313.3,231.09,488.14,198.31
497.95,303.96,324.35,305.7,323.42,213.48,497.03,211.74
493.17,295.26,327.81,305.91,322.26,219.68,487.62,209.02
494.03,295.18,326.7,306.39,320.85,219.06,488.18,207.86
490.06,299.46,325.45,306.1,321.78,215.07,486.38,208.43
496.88,294.64,325.92,307.13,319.38,217.65,490.34,205.15
497.28,301.78,321.7,309.03,317.91,217.38,493.49,210.12
506.84,291.84,326.05,310.82,316.91,223.82,497.7,204.83
505.17,297.98,323.1,308.71,317.91,220.73,499.99,210.0
502.61,307.84,318.5,307.61,318.62,217.03,502.73,217.27
506.5,287.72,325.79,317.17,311.87,231.79,492.59,202.34
489.69,302.64,319.06,310.59,315.05,224.55,485.68,216.6
489.54,307.52,314.33,311.73,312.25,225.43,487.47,221.22
486.88,309.77,308.61,311.85,307.59,224.73,485.87,222.66
483.29,311.72,307.95,312.33,307.63,222.92,482.98,222.31
484.59,301.98,307.29,317.16,300.01,232.1,477.3,216.92
479.08,291.93,316.47,313.68,305.58,232.25,468.19,210.5
458.44,307.95,223.02,300.47,225.57,220.07,460.99,227.54
457.67,298.57,211.28,299.85,210.89,224.75,457.28,223.47
452.95,300.27,203.17,302.42,202.52,226.12,452.29,223.97
452.54,298.79,186.38,300.1,186.02,225.65,452.17,224.33
447.01,298.61,182.36,303.23,181.03,226.66,445.67,222.04
444.12,295.79,168.82,304.81,166.37,230.17,441.67,221.15
439.06,300.31,161.67,302.96,160.93,224.62,438.31,221.97
437.62,299.24,168.06,306.42,165.95,227.14,435.51,219.96
432.33,303.74,173.94,304.88,173.58,223.24,431.97,222.1
431.55,304.91,170.72,302.86,171.36,220.98,432.2,223.03
432.21,292.82,175.61,313.92,169.24,236.39,425.84,215.29
429.23,294.33,174.48,312.5,168.83,233.38,423.59,215.21
432.15,286.31,177.57,314.33,169.29,239.13,423.87,211.11
432.89,284.05,179.09,317.99,169.0,242.51,422.8,208.57
425.19,301.1,173.6,308.79,171.07,226.18,422.66,218.49
427.36,291.47,169.07,314.84,162.19,238.7,420.47,215.34
428.62,286.45,169.25,318.46,159.95,243.11,419.32,211.09
424.64,293.47,176.99,314.55,170.36,236.67,418.01,215.59
423.69,294.53,171.99,313.26,166.19,235.28,417.89,216.55
420.93,293.56,169.56,318.0,161.9,239.24,413.28,214.8
413.98,300.65,161.74,317.72,156.36,238.23,408.6,221.15
396.74,301.68,158.6,318.9,152.86,239.5,391.0,222.28
400.53,305.73,152.07,307.92,151.4,232.05,399.86,229.86
397.12,297.82,147.44,315.39,142.18,240.57,391.86,223.0
394.92,293.66,147.59,320.03,139.68,245.76,387.0,219.39
377.93,294.52,151.87,327.85,140.45,250.35,366.5,217.02
380.07,285.5,154.85,332.85,138.88,256.88,364.1,209.54
378.31,279.07,157.82,343.98,134.86,265.99,355.36,201.09
361.95,319.47,145.07,320.64,144.6,233.41,361.48,232.24
372.03,276.32,157.85,343.53,134.02,267.58,348.2,200.38
362.75,298.52,133.87,334.75,121.08,253.96,349.97,217.74
365.29,275.68,136.58,352.4,111.21,276.77,339.92,200.05
369.14,275.58,124.74,350.94,101.46,275.45,345.86,200.09
362.07,296.22,106.77,336.5,94.574,259.18,349.87,218.91
361.33,285.63,117.67,343.87,99.258,266.83,342.92,208.59
359.85,282.58,115.36,349.05,94.306,271.62,338.8,205.15
356.06,299.77,103.5,339.01,90.776,257.1,343.33,217.85
349.57,315.68,103.04,319.64,101.68,234.78,348.21,230.83
351.32,318.54,101.63,319.75,101.22,233.22,350.9,232.02
350.76,316.0,100.45,323.78,97.772,237.49,348.08,229.71
346.86,314.13,98.288,325.55,94.365,240.15,342.94,228.73
345.8,299.23,100.07,339.81,86.031,254.75,331.76,214.18
340.54,318.7,84.337,327.2,81.35,237.06,337.55,228.57
339.62,307.35,82.367,335.77,72.978,250.76,330.24,222.34
328.59,317.66,72.484,318.92,72.064,233.47,328.17,232.21
328.73,317.34,65.716,319.31,65.074,233.74,328.09,231.77
336.01,308.73,63.726,329.78,57.181,245.09,329.47,224.05
332.87,311.65,65.199,329.31,59.423,241.76,327.09,224.1
337.55,300.66,69.467,339.78,57.05,254.69,325.13,215.57
339.79,293.85,72.256,346.23,55.766,262.02,323.3,209.64
335.05,302.09,69.428,331.67,60.126,248.13,325.75,218.55
334.47,297.21,72.676,336.17,60.273,252.85,322.07,213.89
335.51,300.37,65.344,327.34,57.199,245.74,327.37,218.78
334.11,300.79,66.1,328.15,57.624,245.1,325.63,217.74
324.6,311.22,60.727,318.59,58.287,231.17,322.16,223.81
332.33,295.66,61.531,330.0,51.245,248.89,322.05,214.55
332.62,298.41,59.3,322.88,52.079,242.24,325.39,217.76
332.11,303.99,58.294,320.39,53.242,236.04,327.06,219.64
344.45,314.33,55.018,316.04,54.479,224.93,343.91,223.21
333.71,300.39,58.16,321.34,51.924,239.35,327.47,218.39
336.29,299.58,59.42,321.51,52.927,239.52,329.8,217.59
326.57,312.6,58.874,314.06,58.404,227.78,326.1,226.32
330.73,311.7,57.719,312.8,57.377,227.38,330.39,226.29
328.95,312.93,59.953,312.06,60.226,227.12,329.23,227.99
328.72,312.3,56.734,313.03,56.513,230.18,328.5,229.46
330.43,309.21,56.643,315.3,54.83,233.7,328.61,227.61
331.73,315.23,54.821,312.65,55.589,229.92,332.49,232.49
329.43,309.31,48.689,316.15,46.721,235.35,327.47,228.51
325.0,314.64,48.029,315.73,47.707,233.42,324.68,232.33
276.67,319.53,41.845,305.74,46.823,221.01,281.65,234.81
274.83,322.64,30.401,301.92,37.612,216.83,282.04,237.55
277.75,315.69,34.901,317.57,34.255,234.18,277.11,232.3
279.02,318.98,30.178,316.79,30.92,232.31,279.77,234.5
272.41,318.37,38.452,318.8,38.299,235.26,272.26,234.83
263.95,325.89,31.237,307.11,38.164,221.29,270.87,240.07
263.29,323.51,32.344,311.49,36.723,227.32,267.66,239.34
269.02,317.15,44.284,329.13,39.667,242.52,264.4,230.54
265.55,321.07,42.326,320.94,42.374,236.24,265.6,236.37
266.64,320.99,50.227,322.93,49.459,237.1,265.87,235.16
265.54,321.71,61.919,323.2,61.283,236.65,264.91,235.16
278.85,315.49,67.098,328.52,61.799,242.39,273.55,229.36
274.89,306.55,77.786,335.87,65.094,250.53,262.2,221.22
274.6,304.76,79.944,337.54,65.548,252.04,260.2,219.26
273.04,304.26,81.993,337.81,66.837,251.51,257.89,217.96
278.76,301.72,82.089,339.73,65.561,254.22,262.23,216.21
274.87,301.59,85.45,339.24,68.486,253.89,257.91,216.24
258.6,308.06,88.809,336.04,74.616,249.91,244.41,221.93
259.95,309.25,91.047,334.18,78.305,247.84,247.21,222.91
253.36,309.92,90.764,334.23,77.911,248.27,240.51,223.96
251.19,308.14,91.525,336.01,76.576,250.36,236.24,222.49
252.82,305.51,86.806,341.15,68.429,255.57,234.45,219.92
251.58,308.15,84.902,340.2,68.368,254.21,235.04,222.16
250.25,310.59,80.269,338.78,65.892,252.11,235.88,223.91
250.58,311.39,79.884,338.25,66.146,250.96,236.85,224.1
249.07,310.51,79.396,338.2,65.359,252.2,235.03,224.51
250.52,310.38,76.7,338.75,62.533,251.97,236.36,223.59
247.14,310.05,78.248,338.09,63.813,251.14,232.71,223.1
244.37,310.94,77.024,337.0,63.481,250.04,230.82,223.98
245.57,308.31,77.743,338.16,62.407,251.92,230.23,222.08
240.59,315.25,75.774,333.79,65.872,245.76,230.69,227.22
241.07,309.12,57.436,339.18,43.537,254.26,227.17,224.2
235.54,313.47,28.319,334.87,19.512,249.57,226.73,228.18
233.73,316.72,23.397,330.3,17.852,244.41,228.18,230.83
232.53,322.55,19.229,323.46,18.857,236.25,232.15,235.34
235.0,318.73,18.681,324.19,16.497,237.66,232.82,232.2
234.68,318.73,18.891,324.26,16.676,237.84,232.47,232.31
235.49,311.9,21.315,327.01,15.316,241.96,229.49,226.85
237.76,308.2,20.489,330.49,11.855,246.31,229.12,224.02
235.25,310.12,21.96,326.25,15.631,242.57,228.92,226.44
235.02,304.47,26.076,330.05,15.933,247.22,224.87,221.63
238.43,294.4,31.457,338.52,14.017,256.69,220.99,212.58
232.86,304.61,19.605,328.24,10.311,244.37,223.56,220.74
232.09,303.18,24.816,330.12,13.855,245.77,221.13,218.84
226.54,308.6,20.021,323.11,14.103,238.91,220.63,224.4
227.02,306.7,26.396,326.09,18.22,241.47,218.85,222.08
225.6,307.46,18.391,326.41,10.611,241.36,217.82,222.41
215.48,318.31,14.399,315.97,15.42,228.17,216.5,230.51
221.64,320.95,6.9148,307.6,12.287,221.18,227.01,234.53
219.9,326.42,4.7666,305.25,13.519,216.3,228.65,237.47
214.14,326.84,5.7795,304.24,15.347,216.02,223.7,238.62
209.4,327.51,3.0189,302.56,13.701,214.21,220.08,239.17
208.57,327.64,1.883,302.5,12.573,214.59,219.26,239.73
207.2,327.82,4.9036,302.43,15.859,215.16,218.15,240.55
206.53,329.44,-1.0243,303.29,10.214,214.09,217.77,240.25
203.59,330.54,1.0316,301.55,13.848,211.98,216.41,240.97
206.69,330.66,-2.8165,300.78,9.9154,211.5,219.43,241.38
209.92,329.31,1.7075,303.67,12.821,213.43,221.03,239.07
209.1,329.8,1.6217,302.04,13.429,213.8,220.9,241.56
207.44,329.64,1.6154,301.4,13.618,213.91,219.44,242.15
205.84,331.55,-2.672,297.09,11.728,209.96,220.24,244.42
203.09,334.21,-12.409,290.53,5.2581,203.36,220.76,247.04
202.33,335.69,-17.995,284.41,1.7553,199.56,222.08,250.84
207.4,334.47,-14.378,287.6,3.6598,202.25,225.44,249.12
210.57,332.31,-17.128,289.33,-1.2338,205.12,226.47,248.1
214.39,331.1,-27.186,290.77,-13.142,206.64,228.43,246.97
211.74,329.57,-36.857,291.13,-23.869,207.13,224.73,245.58
214.34,328.54,-26.022,292.97,-13.743,209.99,226.62,245.56
215.03,327.6,-32.825,291.14,-20.651,208.38,227.2,244.84
213.25,326.77,-12.175,294.96,-0.42925,211.73,225.0,243.55
216.07,326.25,-33.614,292.03,-22.237,209.01,227.45,243.23
218.98,328.3,-20.852,294.72,-9.0401,210.36,230.79,243.95
208.85,327.44,-13.926,291.76,-0.54483,208.21,222.23,243.89
210.0,331.91,-12.673,289.15,3.6864,203.97,226.36,246.73
201.5,335.08,-17.7,281.34,3.2035,196.08,222.4,249.82
197.17,337.82,-19.545,275.78,5.1148,189.64,221.83,251.68
189.53,338.32,-22.833,272.45,4.1496,185.47,216.51,251.34
196.31,341.11,-24.382,270.98,3.0804,184.56,223.77,254.7
200.71,340.43,-58.184,261.35,-31.684,174.6,227.21,253.68
195.19,340.88,-25.691,269.44,2.0911,183.54,222.97,254.97
194.94,339.91,-23.414,271.01,3.8416,184.64,222.19,253.54
194.27,340.51,-45.409,263.39,-17.48,176.59,222.2,253.72
193.84,339.79,-22.469,271.05,5.0989,184.3,221.41,253.04
198.28,342.05,-29.618,270.76,-1.9967,182.45,225.9,253.74
199.14,341.89,-31.649,268.79,-3.8765,181.11,226.91,254.2
197.98,340.87,-39.275,265.47,-11.671,178.62,225.58,254.02
199.49,341.4,-33.366,268.18,-5.7836,180.47,227.07,253.69
196.13,340.22,-30.88,269.49,-3.7287,182.34,223.29,253.07
196.62,341.75,-21.441,273.18,6.2899,185.0,224.35,253.57
196.38,339.68,-21.061,271.56,6.0722,184.95,223.51,253.07
192.88,339.73,-35.944,267.09,-8.2979,180.0,220.53,252.65
197.68,340.85,-46.223,263.29,-18.633,176.53,225.26,254.1
191.83,339.76,-45.14,266.29,-17.808,178.13,219.17,251.6
191.33,338.78,-29.388,269.59,-2.1567,182.72,218.57,251.91
190.21,340.35,-23.039,273.04,4.9341,184.42,218.18,251.73
194.87,340.99,-24.971,270.48,2.9132,183.55,222.75,254.06
194.47,342.35,-76.611,252.65,-47.876,165.81,223.21,255.5
186.55,344.23,-12.062,268.78,21.203,181.22,219.81,256.68
186.94,344.84,-13.198,269.8,19.967,181.34,220.11,256.39
186.17,344.85,-11.657,269.38,21.989,181.18,219.82,256.64
184.29,342.82,-15.155,268.12,17.604,180.66,217.04,255.36
186.95,345.52,-11.531,267.81,22.577,180.7,221.06,258.42
180.13,340.68,-12.751,268.1,20.003,181.05,212.89,253.63
182.54,343.16,-12.43,266.45,21.741,179.6,216.71,256.31
180.13,341.54,-11.899,265.82,22.191,179.37,214.22,255.09
184.79,343.03,-11.848,266.29,21.876,179.87,218.52,256.61
181.7,343.26,-14.234,264.14,20.689,177.66,216.62,256.78
183.55,342.74,-12.78,263.69,21.576,178.37,217.91,257.42
179.15,343.2,-12.532,263.26,23.567,176.7,215.25,256.64
179.37,343.46,-13.683,262.9,22.335,176.58,215.39,257.14
186.0,344.4,-9.8192,265.27,24.778,179.66,220.6,258.79
179.52,344.68,-12.508,264.76,23.838,177.42,215.87,257.34
180.36,343.89,-11.272,261.41,25.366,176.29,217.0,258.77
180.25,343.13,-12.965,264.17,22.42,177.58,215.63,256.54
178.38,343.42,-10.828,264.77,25.25,177.98,214.45,256.63
175.52,342.77,-10.784,265.28,25.271,178.59,211.58,256.08
176.71,342.03,-5.2416,270.5,29.233,182.81,211.18,254.33
186.31,338.63,17.914,288.27,44.694,198.72,213.09,249.08
195.91,331.88,36.079,305.83,51.169,213.27,211.0,239.32
199.02,323.68,51.172,315.91,56.081,222.52,203.93,230.3
192.28,331.91,49.871,305.71,66.495,215.37,208.91,241.57
184.12,334.28,54.203,301.46,76.919,211.53,206.83,244.35
187.25,330.35,59.886,308.59,75.555,216.9,202.92,238.67
185.05,332.62,58.083,307.17,76.436,215.64,203.4,241.09
190.03,329.99,58.549,309.12,73.041,217.84,204.52,238.71
187.57,330.82,58.394,307.48,74.772,216.83,203.95,240.17
186.67,332.13,62.455,306.96,80.789,216.47,205.0,241.63
129.83,352.19,52.718,278.87,131.96,195.52,209.08,268.85
180.85,332.09,57.575,306.41,76.527,215.45,199.8,241.13
170.38,334.33,56.993,302.49,82.255,212.51,195.65,244.35
171.43,331.26,60.647,306.14,81.01,216.33,191.8,241.45
144.12,345.85,54.31,287.88,109.53,202.32,199.34,260.29
163.87,333.58,61.587,301.63,88.978,213.94,191.26,245.88
167.67,330.4,64.478,304.82,86.39,216.44,189.58,242.03
168.38,328.57,66.161,304.84,86.409,217.62,188.63,241.35
167.63,328.96,66.75,303.91,88.447,216.53,189.32,241.58
166.41,329.9,61.997,299.41,87.052,213.6,191.47,244.09
136.41,344.87,61.863,275.65,126.55,205.98,201.11,275.19
135.34,345.75,62.338,276.11,128.0,207.28,201.0,276.92
136.55,345.47,61.991,274.64,127.95,205.21,202.51,276.04
140.61,343.43,61.46,274.77,123.24,203.56,202.38,272.22
161.52,336.6,62.081,286.51,102.39,206.48,201.83,256.56
181.57,333.86,62.295,295.42,90.009,209.44,209.28,247.89
194.33,333.55,62.048,300.95,83.93,212.15,216.22,244.75
199.47,330.69,65.337,304.7,82.813,214.49,216.95,240.47
196.65,331.65,64.404,300.22,85.255,212.49,217.5,243.92
185.8,337.72,58.448,305.85,82.346,210.37,209.7,242.25
200.84,327.77,67.126,313.25,77.496,217.74,211.21,232.26
210.69,315.15,72.193,317.01,70.95,224.67,209.45,222.8
205.55,316.84,66.336,314.95,67.574,223.61,206.79,225.49
211.8,318.7,69.267,320.7,67.93,225.7,210.46,223.7
219.28,273.91,110.79,346.08,54.034,260.76,162.52,188.59
219.01,273.93,110.3,346.01,54.481,261.81,163.19,189.74
218.73,268.46,118.38,348.23,54.256,267.55,154.61,187.78
221.15,274.44,111.14,346.97,57.261,265.24,167.26,192.71
202.9,322.06,63.3,312.55,69.351,223.72,208.95,233.23
219.1,275.98,115.54,348.59,57.138,265.28,160.7,192.68
221.86,270.81,122.23,349.35,58.039,267.91,157.67,189.38
236.77,283.32,105.51,344.0,64.688,255.7,195.95,195.02
220.22,336.99,62.202,305.62,79.366,219.16,237.38,250.53
236.06,324.06,69.176,315.91,73.381,229.86,240.27,238.01
227.74,330.7,66.205,310.8,76.834,224.55,238.37,244.46
225.38,333.37,62.906,308.3,76.178,222.28,238.65,247.35
233.55,332.45,63.634,311.4,74.428,224.24,244.34,245.28
242.63,321.9,71.587,320.55,72.279,233.18,243.32,234.53
246.76,308.51,83.108,331.01,70.959,242.62,234.61,220.13
244.33,324.21,70.932,316.73,74.628,231.05,248.03,238.53
244.71,320.79,76.472,321.31,76.205,234.12,244.45,233.6
236.35,329.64,73.277,312.56,82.283,226.57,245.35,243.65
235.96,330.59,72.485,309.62,83.377,224.73,246.85,245.71
235.44,326.08,75.35,315.89,80.914,228.44,241.01,238.63
237.84,321.82,79.219,320.59,79.889,234.0,238.51,235.23
236.79,320.09,83.528,321.82,82.541,234.46,235.8,232.72
235.62,321.93,78.525,320.68,79.21,234.18,236.31,235.43
239.46,321.22,79.86,322.64,79.075,234.3,238.67,232.88
221.86,335.11,70.075,305.3,87.048,218.89,238.83,248.7
231.51,330.3,73.931,311.66,84.221,224.69,241.8,243.34
228.09,331.38,72.431,311.64,83.476,224.54,239.14,244.27
240.44,325.64,72.451,319.84,75.527,230.79,243.52,236.6
230.79,335.15,70.586,308.82,85.15,220.21,245.35,246.54
229.17,339.94,67.265,300.35,88.046,215.37,249.96,254.97
235.62,330.37,71.245,312.87,80.547,225.48,244.92,242.97
239.67,321.67,84.786,323.91,83.48,233.53,238.37,231.29
242.27,323.53,75.422,322.42,76.021,232.18,242.87,233.28
238.4,332.56,71.85,311.73,82.858,223.69,249.41,244.52
236.71,333.77,72.451,309.99,85.152,222.26,249.41,246.04
237.9,333.11,71.848,313.9,82.286,223.7,248.34,242.91
237.16,334.8,72.753,312.18,85.063,222.73,249.47,245.36
236.17,335.81,70.413,309.88,84.198,221.77,249.96,247.7
235.99,340.48,67.709,306.68,85.467,218.27,253.74,252.08
247.74,335.26,71.441,315.31,81.675,224.87,257.98,244.82
255.74,336.55,74.737,314.11,85.811,224.78,266.82,247.23
259.85,340.8,65.949,309.4,80.607,218.9,274.5,250.3
261.0,336.73,72.923,314.15,83.582,225.36,271.66,247.94
261.18,337.75,68.022,312.89,79.476,223.89,272.63,248.75
262.28,336.01,68.279,314.33,78.304,224.62,272.31,246.3
258.69,335.93,66.789,310.66,78.44,222.19,270.34,247.46
260.02,334.87,68.729,313.3,78.872,223.34,270.17,244.91
260.37,334.09,68.054,312.32,78.185,222.81,270.5,244.58
258.58,337.77,59.649,304.95,74.136,217.14,273.07,249.96
258.18,338.32,53.43,302.75,68.624,215.29,273.38,250.86
256.83,339.63,52.768,299.98,69.593,213.39,273.65,253.04
256.98,341.63,51.099,297.38,69.534,211.6,275.41,255.85
253.18,345.08,50.386,294.32,71.639,209.42,274.44,260.18
257.04,347.46,49.273,296.48,70.417,210.31,278.18,261.28
262.16,339.81,50.216,305.99,64.193,218.41,276.14,252.24
262.89,335.98,49.435,311.39,59.596,223.19,273.05,247.78
260.84,338.79,45.433,305.9,58.14,222.67,273.55,255.55
261.83,335.29,47.117,315.06,55.124,230.07,269.84,250.3
264.71,326.54,53.621,327.65,53.164,240.49,264.25,239.38
266.82,322.01,56.102,330.88,52.559,246.67,263.27,237.81
270.92,317.05,54.816,334.01,48.345,251.57,264.45,234.61
271.45,311.78,58.18,340.62,47.058,258.36,260.33,229.52
274.4,305.19,59.791,351.21,42.357,269.92,256.96,223.9
272.4,306.05,58.135,351.28,41.221,271.17,255.49,225.93
274.35,306.21,63.871,352.52,45.935,271.02,256.42,224.7
273.88,308.14,67.508,351.26,50.431,269.53,256.8,226.41
271.89,309.27,62.558,354.35,44.617,271.02,253.95,225.95
269.36,315.27,61.185,349.65,47.275,265.43,255.45,231.05
270.67,316.76,58.694,348.42,46.007,263.47,257.98,231.81
270.24,317.91,59.008,348.57,46.599,263.1,257.83,232.43
269.2,317.37,57.92,342.4,48.124,259.73,259.4,234.69
269.09,316.17,65.667,350.4,50.895,262.6,254.32,228.38
266.91,322.84,66.319,329.09,63.728,245.93,264.31,239.68
267.6,322.57,63.386,329.76,60.48,247.23,264.69,240.04
266.89,323.81,62.972,324.48,62.701,242.18,266.62,241.51
267.58,322.21,59.073,324.81,58.033,241.49,266.54,238.89
268.08,322.96,60.882,323.37,60.719,239.5,267.92,239.09
271.02,321.33,68.875,325.04,67.299,239.24,269.44,235.53
286.4,321.96,59.489,320.28,60.112,236.03,287.02,237.71
316.37,319.68,66.092,320.39,65.856,236.74,316.13,236.03
316.77,318.96,69.658,317.87,70.024,235.44,317.13,236.53
323.71,313.85,69.445,321.43,66.965,238.2,321.23,230.62
324.94,315.23,68.737,314.91,68.839,234.2,325.04,234.52
320.43,314.88,70.137,316.94,69.452,233.8,319.75,231.74
323.07,314.38,69.763,315.68,69.333,231.58,322.64,230.28
299.75,318.92,68.143,309.73,71.486,225.45,303.1,234.64
316.6,312.53,70.333,313.6,69.971,230.26,316.24,229.19
316.08,314.75,69.279,308.92,71.254,225.23,318.05,231.06
319.39,310.65,70.487,311.63,70.158,227.31,319.07,226.34
329.23,305.76,67.328,318.51,63.121,232.06,325.02,219.31
308.75,323.27,66.705,293.54,76.798,211.37,318.84,241.1
306.22,326.62,69.105,300.73,78.772,212.18,315.89,238.07
337.29,312.43,75.639,313.51,75.277,226.39,336.92,225.31
350.46,301.48,79.574,320.52,73.364,232.15,344.25,213.11
356.29,311.36,74.786,312.7,74.375,226.12,355.88,224.79
359.3,312.14,79.806,317.99,77.927,228.26,357.42,222.41
359.2,307.08,80.59,323.9,75.046,232.07,353.66,215.25
358.38,309.1,92.686,324.21,87.582,234.47,353.28,219.36
359.46,310.69,99.177,324.26,94.459,233.74,354.75,220.18
365.65,317.67,108.04,316.68,108.38,228.5,365.99,229.48
370.42,319.95,115.69,311.41,118.6,224.6,373.33,233.13
378.08,323.2,121.37,312.72,124.97,224.58,381.68,235.05
392.8,333.3,120.77,302.25,130.55,216.56,402.58,247.61
396.07,335.5,123.56,299.66,134.74,214.6,407.25,250.44
397.21,336.03,131.76,299.23,143.47,214.8,408.91,251.59
395.9,333.76,133.96,300.08,144.86,215.29,406.8,248.97
395.53,335.85,132.93,297.18,145.27,213.42,407.87,252.09
395.28,334.76,139.98,295.44,152.73,212.7,408.02,252.02
397.17,331.6,140.01,295.44,151.6,213.08,408.75,249.25
397.62,329.29,144.95,294.22,156.33,212.28,408.99,247.35
405.71,328.59,143.11,293.24,154.0,212.3,416.61,247.66
414.35,317.95,149.9,297.89,155.93,218.41,420.38,238.46
424.7,304.37,153.97,305.47,153.64,224.37,424.37,223.27
426.65,303.03,157.27,301.79,157.63,224.35,427.0,225.6
426.51,306.35,155.74,298.74,157.9,221.87,428.67,229.47
431.04,305.29,155.59,297.72,157.71,220.74,433.15,228.31
427.2,302.7,158.32,305.0,157.64,225.58,426.52,223.28
425.14,302.92,162.61,301.91,162.92,221.22,425.45,222.23
427.98,303.75,162.18,301.33,162.93,218.68,428.74,221.1
427.07,301.74,163.48,299.34,164.23,217.79,427.82,220.19
425.6,305.82,165.72,296.75,168.54,216.06,428.42,225.13
425.8,308.42,165.63,294.8,169.89,213.49,430.06,227.11
424.94,308.32,167.83,297.59,171.29,214.64,428.41,225.38
425.16,306.2,171.36,297.8,174.09,215.13,427.89,223.52
424.98,303.63,173.18,301.35,173.93,217.92,425.74,220.2
426.13,303.83,175.77,301.34,176.6,217.77,426.96,220.26
429.01,304.7,181.74,299.71,183.38,218.14,430.66,223.14
427.22,307.66,189.13,296.89,192.87,214.18,430.96,224.94
429.14,309.0,194.2,293.46,199.64,211.29,434.57,226.83
433.41,301.95,201.18,298.46,202.42,216.08,434.65,219.58
437.08,301.02,203.13,298.4,204.05,216.43,438.0,219.06
443.56,296.3,206.95,301.5,205.14,219.29,441.75,214.08
441.02,299.61,211.18,301.36,210.55,217.73,440.38,215.98
446.48,296.7,211.83,303.02,209.58,219.38,444.23,213.05
444.26,296.51,214.28,306.73,210.54,222.52,440.52,212.31
442.39,296.64,212.81,301.1,211.22,219.12,440.8,214.66
439.3,299.42,214.23,301.65,213.4,217.9,438.47,215.67
444.71,296.65,216.02,305.8,212.65,221.59,441.34,212.44
438.12,299.95,216.75,300.23,216.64,216.41,438.02,216.13
443.13,297.98,220.21,304.65,217.67,219.81,440.6,213.14
441.89,298.59,217.3,300.52,216.59,217.74,441.18,215.81
444.87,300.16,221.1,305.15,219.18,219.2,442.95,214.2
458.59,296.85,224.32,309.41,219.68,222.74,453.94,210.18
459.58,294.54,228.04,306.48,223.7,222.34,455.24,210.4
461.08,296.07,225.75,309.16,220.93,222.54,456.26,209.44
460.08,295.03,224.98,301.77,222.61,218.96,457.71,212.23
461.88,295.78,224.49,305.44,221.04,220.57,458.42,210.91
461.58,295.85,227.88,307.63,223.57,222.16,457.27,210.38
459.04,298.03,227.62,306.04,224.62,219.43,456.04,211.41
461.0,295.95,227.65,305.48,224.16,219.95,457.51,210.43
461.45,297.87,229.79,302.6,228.04,217.1,459.7,212.37
462.15,296.53,229.08,305.4,225.8,219.3,458.88,210.43
459.01,297.89,229.38,306.39,226.15,219.08,455.78,210.59
460.07,299.03,229.12,305.0,226.86,217.71,457.82,211.75
463.9,297.5,231.06,307.12,227.44,219.63,460.29,210.02
459.84,297.34,230.79,305.95,227.53,219.14,456.57,210.53
459.9,297.86,233.44,306.94,229.92,218.98,456.37,209.9
454.26,299.57,230.42,301.41,229.71,214.61,453.55,212.77
465.42,296.38,232.6,311.58,226.8,222.78,459.62,207.57
461.77,297.29,234.27,309.61,229.43,220.22,456.94,207.91
466.58,298.68,227.89,304.24,225.85,216.76,464.55,211.2
468.38,297.64,231.86,308.12,227.92,219.13,464.44,208.65
465.64,296.49,236.66,310.27,231.34,221.96,460.33,208.18
466.35,297.06,236.94,312.12,231.05,222.38,460.46,207.32
461.32,296.99,232.62,310.3,227.44,221.36,456.14,208.05
468.94,295.57,232.94,313.53,226.03,222.71,462.04,204.76
466.9,294.25,234.74,315.48,226.45,224.83,458.61,203.6
471.22,294.12,236.34,317.33,227.23,225.17,462.11,201.96
475.52,291.13,238.6,316.5,228.94,226.21,465.85,200.85
472.4,292.5,234.63,314.66,226.18,223.93,463.95,201.77
471.05,292.92,234.85,314.36,226.59,223.28,462.78,201.84
472.79,293.17,235.76,316.22,226.84,224.5,463.87,201.45
470.42,293.44,234.7,312.28,227.37,220.62,463.1,201.78
471.04,291.98,236.74,314.21,228.21,224.32,462.51,202.09
473.36,290.88,238.0,317.06,228.0,227.12,463.35,200.94
472.14,293.38,238.02,315.55,229.33,223.82,463.46,201.65
470.02,295.12,236.37,314.85,228.5,221.66,462.15,201.93
470.81,295.07,237.27,313.99,229.68,220.32,463.23,201.41
472.41,293.88,236.47,314.81,228.27,222.4,464.21,201.47
471.24,294.41,237.25,313.74,229.54,220.45,463.53,201.12
470.94,296.72,237.49,313.79,230.52,218.51,463.97,201.45
469.89,300.48,236.83,315.28,230.55,216.51,463.61,201.7
469.51,298.16,237.26,315.22,230.19,219.01,462.45,201.96
470.38,296.38,238.65,319.25,229.14,222.91,460.86,200.04
474.08,295.26,239.99,322.28,228.78,225.23,462.88,198.21
475.46,294.58,240.54,323.65,228.43,225.77,463.35,196.7
474.88,297.23,239.3,323.51,228.11,223.23,463.69,196.95
476.03,294.41,240.21,322.63,228.45,224.38,464.26,196.15
473.33,299.25,237.48,320.49,228.32,218.8,464.17,197.56
474.77,293.69,236.67,319.51,226.17,222.72,464.27,196.9
470.55,300.47,235.72,319.55,227.38,216.93,462.21,197.85
474.75,294.68,239.29,321.14,228.3,223.34,463.76,196.88
475.32,296.1,238.17,322.49,227.18,223.68,464.32,197.29
473.21,296.54,240.29,329.95,225.88,229.49,458.8,196.09
476.4,295.12,239.15,324.7,226.79,225.55,464.04,195.97
471.37,300.2,243.42,325.76,231.9,223.0,459.85,197.44
478.08,294.83,240.98,329.04,226.48,228.5,463.58,194.29
476.33,294.67,241.22,324.28,228.76,225.36,463.87,195.75
475.28,298.54,241.41,328.35,228.31,225.57,462.18,195.76
479.92,297.43,239.84,326.49,227.43,224.01,467.52,194.96
477.0,299.31,240.44,322.1,230.49,218.86,467.06,196.07
476.27,303.04,243.19,325.01,233.14,218.32,466.21,196.35
475.74,304.52,237.44,320.22,230.37,212.94,468.67,197.24
475.66,301.32,233.21,319.7,225.39,216.48,467.83,198.1
469.33,307.03,227.62,306.98,227.64,200.07,469.36,200.12
469.62,309.45,236.17,311.0,235.45,202.26,468.9,200.71
468.94,306.43,228.89,300.13,231.69,193.53,471.74,199.83
476.72,307.39,231.13,306.67,231.45,197.89,477.04,198.61
464.24,310.85,241.18,303.82,244.63,194.27,467.69,201.29
482.6,303.58,234.49,312.8,230.54,206.47,478.65,197.25
477.02,301.77,237.27,313.71,232.01,208.09,471.76,196.15
485.55,300.6,238.02,317.05,231.06,212.25,478.59,195.8
476.61,308.56,231.72,307.6,232.14,199.4,477.03,200.35
445.72,324.22,224.2,283.39,244.14,175.23,465.66,216.07
476.38,325.77,232.63,285.9,250.5,176.6,494.26,216.47
491.16,312.22,226.54,289.65,235.49,184.75,500.11,207.32
487.54,318.76,222.0,287.46,234.78,179.0,500.32,210.29
486.08,302.98,230.01,296.06,232.82,192.14,488.89,199.06
494.73,275.58,249.24,335.32,223.6,229.96,469.09,170.22
493.98,272.68,256.38,341.9,225.13,234.63,462.73,165.41
490.62,274.02,254.78,341.68,223.7,233.32,459.53,165.67
491.55,275.12,252.93,340.21,223.05,230.64,461.67,165.55
492.91,273.93,256.72,341.33,225.6,232.3,461.79,164.9
492.78,275.79,259.82,341.33,228.77,230.99,461.73,165.45
493.2,275.88,260.68,340.59,230.08,230.63,462.6,165.93
493.43,273.82,259.75,342.03,228.21,233.98,461.89,165.77
492.46,276.0,259.96,336.79,231.2,226.83,463.71,166.03
494.18,273.85,263.58,340.4,232.01,230.98,462.6,164.44
487.19,277.6,266.2,340.59,234.63,229.82,455.61,166.83
484.03,274.98,267.28,341.73,233.88,233.28,450.64,166.53
486.33,269.77,267.12,343.23,232.0,238.45,451.22,164.99
486.8,269.77,268.13,343.88,232.47,238.68,451.14,164.56
487.59,270.34,267.88,343.26,232.76,237.45,452.48,164.53
484.86,270.06,271.35,343.63,235.29,238.99,448.81,165.42
489.0,266.9,272.9,344.71,235.21,240.04,451.31,162.22
487.59,267.16,271.28,343.19,234.97,239.89,451.28,163.86
488.27,265.79,270.68,345.04,233.0,241.57,450.59,162.33
487.83,265.44,270.76,344.94,233.05,242.0,450.12,162.5
488.47,264.64,269.65,343.84,232.82,242.08,451.63,162.88
489.7,264.17,270.0,343.75,233.12,241.93,452.83,162.35
489.79,264.32,271.25,343.87,234.0,241.53,452.54,161.98
489.79,264.01,269.21,343.24,232.93,242.22,453.5,162.99
489.79,264.26,269.53,343.92,232.78,242.3,453.04,162.64
491.79,263.82,268.8,343.57,232.53,242.15,455.52,162.39
490.57,264.1,266.83,344.01,230.97,243.61,454.71,163.7
490.69,262.25,269.37,344.09,232.45,244.25,453.77,162.4
491.13,263.47,268.41,343.51,232.36,243.18,455.08,163.15
490.5,263.15,270.15,343.35,233.79,243.46,454.14,163.26
489.87,263.29,270.42,342.77,234.47,243.51,453.91,164.03
490.18,263.46,272.52,343.76,235.55,243.55,453.21,163.26
489.19,261.53,270.5,342.18,234.49,244.55,453.19,163.9
494.31,261.19,263.56,346.83,226.76,247.68,457.52,162.04
491.19,262.21,270.89,344.44,233.81,245.1,454.11,162.87
491.47,262.04,270.79,344.04,234.09,245.25,454.76,163.26
490.01,262.35,271.65,344.33,234.5,245.37,452.86,163.39
485.68,263.63,271.07,345.07,233.52,246.15,448.14,164.7
489.57,262.57,270.31,345.73,232.68,246.51,451.94,163.35
485.88,263.85,271.55,345.0,234.05,245.94,448.38,164.79
491.33,260.27,273.46,345.51,234.91,246.98,452.78,161.74
492.23,258.88,273.91,345.49,235.04,247.53,453.36,160.92
492.68,259.24,271.41,345.66,233.26,247.96,454.53,161.55
491.58,260.1,272.05,345.6,233.9,247.63,453.43,162.13
490.41,261.59,272.44,345.47,234.57,247.08,452.54,163.2
491.2,260.12,273.24,345.13,235.17,247.54,453.14,162.53
491.51,260.9,272.68,346.6,234.01,247.86,452.84,162.16
491.22,259.85,273.69,344.77,235.85,247.84,453.38,162.92
491.73,260.59,273.68,345.44,235.57,247.51,453.63,162.66
492.08,261.0,272.56,346.71,234.16,248.37,453.68,162.66
491.56,261.13,273.82,344.69,236.36,247.08,454.09,163.51
492.0,258.53,275.05,346.38,235.66,249.12,452.61,161.27
490.82,259.86,273.46,346.47,234.81,249.46,452.17,162.86
492.03,258.95,274.9,345.53,236.3,248.74,453.43,162.16
493.91,257.75,276.25,347.08,236.17,249.4,453.82,160.08
494.91,258.68,274.59,346.43,235.81,249.06,456.13,161.31
491.68,260.07,276.64,345.47,237.92,247.98,452.96,162.58
494.27,259.57,272.62,347.61,233.54,249.21,455.18,161.17
492.33,259.08,273.84,345.76,235.36,248.76,453.84,162.08
491.79,259.55,276.29,346.16,237.06,248.55,452.56,161.93
491.81,259.7,275.25,345.43,236.78,248.26,453.35,162.53
492.14,258.93,276.16,345.38,237.44,248.67,453.43,162.21
492.24,260.55,272.04,347.0,233.63,249.16,453.83,162.7
492.82,258.97,275.34,345.32,237.06,248.93,454.55,162.57
489.55,261.54,276.52,346.48,237.33,248.19,450.36,163.24
492.64,259.51,275.96,345.62,237.38,248.54,454.06,162.43
492.33,260.1,277.41,347.15,237.59,248.83,452.51,161.78
491.75,259.73,275.94,345.63,237.34,248.66,453.15,162.76
492.84,259.99,275.96,347.26,236.52,249.25,453.4,161.98
493.12,261.21,276.93,348.05,237.08,248.87,453.28,162.03
492.98,259.61,276.54,347.39,236.87,249.57,453.3,161.79
493.02,259.5,279.64,347.65,239.07,249.45,452.45,161.3
492.21,260.88,276.63,347.2,237.4,249.19,452.97,162.88
493.18,259.76,277.76,346.78,238.39,249.32,453.81,162.3
494.22,260.62,278.32,348.35,238.1,249.36,454.0,161.64
494.88,261.02,282.96,347.62,242.38,248.3,454.3,161.7
493.98,260.47,278.3,347.82,238.49,249.51,454.16,162.16
492.75,260.69,276.94,345.95,238.47,248.59,454.29,163.33
496.07,258.38,278.41,348.47,237.88,250.56,455.54,160.46
495.01,259.37,276.45,346.12,238.01,249.29,456.57,162.54
488.44,271.74,266.11,338.76,236.85,241.7,459.19,174.68
490.83,278.74,260.04,334.27,236.43,236.16,467.22,180.62
492.77,279.79,256.6,331.91,235.09,234.42,471.25,182.3
491.58,282.48,259.06,328.38,239.85,231.07,472.37,185.18
492.82,282.75,257.85,329.55,238.37,231.78,473.35,184.98
491.52,284.66,259.88,328.68,241.16,230.14,472.8,186.12
492.57,283.2,262.12,329.55,242.33,231.18,472.78,184.83
491.87,284.84,262.36,329.24,243.25,230.43,472.75,186.02
493.24,283.78,263.59,328.74,244.35,230.47,474.01,185.52
493.17,284.32,261.82,328.16,243.28,230.3,474.62,186.46
492.84,283.97,268.98,328.5,249.48,230.49,473.34,185.96
494.06,284.91,270.18,327.89,251.4,230.08,475.28,187.09
494.11,285.05,270.03,326.57,252.08,229.65,476.15,188.13
493.62,287.8,272.6,322.87,257.19,225.73,478.2,190.66
494.18,291.84,267.07,315.46,257.24,221.02,484.36,197.39
496.86,300.89,261.39,304.19,260.07,210.34,495.54,207.04
505.72,302.22,260.12,300.87,260.63,207.86,506.24,209.21
508.75,299.93,270.15,300.1,270.08,208.06,508.68,207.89
503.02,311.98,260.92,287.91,270.02,196.36,512.12,220.43
513.75,313.87,260.38,284.45,270.9,193.8,524.27,223.22
510.15,315.65,259.35,283.07,271.22,191.69,522.02,224.26
516.13,297.87,268.28,298.26,268.14,209.12,515.99,208.72
507.73,316.86,268.36,280.57,282.08,190.03,521.46,226.32
508.82,313.75,268.92,285.51,279.72,193.71,519.63,221.95
502.92,315.12,270.02,285.92,281.65,193.14,514.55,222.34
498.9,326.06,286.24,281.9,306.26,185.5,518.91,229.67
503.09,320.14,293.31,288.79,307.61,193.11,517.39,224.46
519.05,301.88,299.21,300.52,299.77,209.16,519.61,210.53
522.7,285.84,312.26,315.77,299.06,223.0,509.51,193.07
522.34,286.45,315.51,315.89,302.37,223.58,509.2,194.14
523.0,286.37,315.82,316.94,302.21,224.65,509.39,194.09
520.84,301.72,315.08,307.81,312.34,215.27,518.1,209.17
523.45,303.58,317.1,304.64,316.63,214.27,522.98,213.21
535.43,305.97,317.3,302.92,318.57,212.32,536.69,215.37
556.62,303.83,321.42,306.0,320.58,214.76,555.78,212.59
559.43,285.87,331.57,313.97,320.18,221.64,548.04,193.54
559.1,287.68,336.13,307.87,327.89,216.88,550.86,196.69
554.02,299.23,334.02,298.84,334.19,207.0,554.18,207.39
552.94,301.3,336.76,295.99,338.98,205.71,555.15,211.02
556.96,298.67,343.22,298.46,343.31,207.5,557.05,207.71
559.03,293.94,351.57,303.73,347.28,212.68,554.74,202.9
555.73,295.35,350.54,297.87,349.42,207.01,554.61,204.48
558.3,294.44,357.3,299.43,355.04,208.48,556.04,203.48
556.95,296.3,358.34,295.82,358.56,205.55,557.17,206.04
558.44,294.53,362.28,299.33,360.04,207.66,556.2,202.87
559.31,293.56,364.57,300.18,361.47,209.0,556.21,202.37
564.5,289.74,370.01,304.13,363.21,212.25,557.7,197.86
564.93,287.13,375.75,308.36,365.28,215.1,554.46,193.87
567.17,286.62,375.55,309.71,364.33,216.63,555.95,193.54
565.37,285.63,379.59,310.04,367.64,219.05,553.42,194.65
566.15,285.77,385.5,314.2,371.23,223.56,551.88,195.13
562.28,303.98,380.07,304.67,379.73,217.16,561.95,216.46
564.36,306.76,388.02,307.76,387.51,217.97,563.86,216.97
570.33,301.7,404.33,322.89,392.6,231.04,558.6,209.85
568.66,316.47,400.62,317.45,400.05,220.16,568.09,219.18
570.77,320.12,416.98,320.56,416.71,222.16,570.49,221.72
580.59,327.23,433.35,328.99,432.21,233.2,579.44,231.44
584.6,335.33,433.83,317.47,444.56,226.91,595.33,244.77
592.39,338.22,444.48,313.71,458.31,230.27,606.22,254.78
599.18,333.05,458.27,314.08,468.97,234.55,609.89,253.52
597.5,328.5,479.0,328.5,479.0,237.5,597.5,237.5
602.5,328.5,490.5,328.5,490.5,239.5,602.5,239.5
675.0,334.0,491.0,334.0,491.0,240.5,675.0,240.5
689.3,333.3,502.8,333.3,502.8,242.1,689.3,242.1
703.6,332.6,514.6,332.6,514.6,243.7,703.6,243.7
717.9,331.9,526.4,331.9,526.4,245.3,717.9,245.3
732.2,331.2,538.2,331.2,538.2,246.9,732.2,246.9
746.5,330.5,550.0,330.5,550.0,248.5,746.5,248.5
752.08,327.25,568.08,327.25,568.08,247.0,752.08,247.0
746.07,328.2,574.57,328.2,574.57,249.7,746.07,249.7
768.8,321.65,609.8,321.65,609.8,244.9,768.8,244.9
791.53,315.1,645.03,315.1,645.03,240.1,791.53,240.1
814.27,308.55,680.27,308.55,680.27,235.3,814.27,235.3
837.0,302.0,715.5,302.0,715.5,230.5,837.0,230.5
843.5,303.0,714.5,303.0,714.5,229.5,843.5,229.5
850.0,304.5,713.5,304.5,713.5,229.0,850.0,229.0
864.45,299.76,716.77,291.53,720.21,229.74,867.9,237.98
865.03,300.29,712.77,291.1,716.6,227.79,868.85,236.98
871.64,301.6,713.27,289.6,718.01,227.03,876.38,239.03
866.19,301.44,710.9,291.01,715.27,225.9,870.57,236.33
867.33,301.54,709.61,289.36,714.57,225.16,872.29,237.34
874.81,309.63,705.85,283.01,716.08,218.03,885.04,244.65
878.46,316.2,705.05,279.38,718.73,214.96,892.14,251.78
878.98,316.81,706.21,281.88,719.74,214.95,892.51,249.88
878.47,317.21,702.69,279.62,716.72,214.01,892.5,251.61
885.03,319.49,703.05,281.6,716.97,214.73,898.95,252.62
891.51,335.65,702.84,273.3,724.23,208.57,912.9,270.92
893.88,329.29,705.97,278.23,723.93,212.12,911.84,263.19
895.76,333.26,701.66,272.9,721.94,207.7,916.04,268.06
904.64,327.45,710.34,281.96,726.68,212.15,920.98,257.63
908.01,322.23,715.74,286.09,729.07,215.21,921.33,251.35
906.64,322.72,714.85,283.84,729.76,210.24,921.56,249.12
907.51,325.08,715.61,285.93,731.19,209.58,923.08,248.72
906.3,325.66,718.05,285.78,734.39,208.63,922.65,248.51
905.3,325.24,712.45,281.7,729.82,204.77,922.67,248.31
908.62,326.64,714.82,283.47,732.24,205.26,926.04,248.43
914.4,324.99,717.83,288.23,732.9,207.64,929.47,244.4
919.25,326.0,718.84,286.11,734.71,206.36,935.13,246.25
932.85,326.7,716.0,283.16,731.54,205.75,948.39,249.29
940.48,325.66,722.06,294.23,734.36,208.77,952.78,240.21
942.18,324.6,723.07,295.73,734.33,210.21,953.45,239.07
941.57,323.83,728.79,297.03,739.7,210.34,952.49,237.14
943.99,322.71,729.53,297.71,739.66,210.77,954.13,235.77
944.57,322.2,730.0,300.1,739.26,210.24,953.83,232.35
960.3,322.76,731.4,299.19,740.57,210.13,969.47,233.71
958.93,324.81,735.75,298.0,746.5,208.52,969.68,235.32
951.51,348.56,739.87,276.28,769.72,188.88,981.36,261.16
958.86,352.45,734.69,288.61,762.51,190.94,986.68,254.79
