-0.0862474,-0.00845052,-0.132565,0.0313287,-0.0735417,-0.471338,0.0,0.0,1.0
0.0870885,0.00476563,-0.133167,-0.0186204,0.0704167,-0.471833,0.0,0.0,1.0
0.089125,-0.00154167,-0.134719,0.00635185,0.0684074,-0.472833,0.0,0.0,1.0
0.0850339,-0.00910677,-0.131805,0.0368981,0.0663426,-0.481185,0.0,0.0,1.0
0.0875469,-0.00710417,-0.132349,0.0318009,0.0618287,-0.476755,0.0,0.0,1.0
0.0824115,-0.0110312,-0.129932,0.0441157,0.065125,-0.478606,0.0,0.0,1.0
0.0792734,-0.0127474,-0.122247,0.0461481,0.0692037,-0.478963,0.0,0.0,1.0
0.0757083,-0.0154583,-0.121688,0.0505833,0.0731111,-0.480954,0.0,0.0,1.0
0.0736146,-0.0172708,-0.116208,0.0559444,0.0718148,-0.475833,0.0,0.0,1.0
0.0731667,-0.0179323,-0.117766,0.05525,0.0750556,-0.480009,0.0,0.0,1.0
0.0741953,-0.0152005,-0.118638,0.0478194,0.0745324,-0.480014,0.0,0.0,1.0
0.0695339,-0.0196068,-0.114352,0.0574722,0.0749815,-0.482306,0.0,0.0,1.0
0.0706146,-0.0189063,-0.112885,0.0578241,0.0729815,-0.479769,0.0,0.0,1.0
0.0657396,-0.0224896,-0.110219,0.0593056,0.0788056,-0.48587,0.0,0.0,1.0
0.076612,-0.00791406,-0.111648,0.0235093,0.0815185,-0.477046,0.0,0.0,1.0
0.077875,-0.000364583,-0.111188,0.00103704,0.0864722,-0.469806,0.0,0.0,1.0
0.0761771,-0.000442708,-0.108339,0.00125,0.0855648,-0.470778,0.0,0.0,1.0
0.0666042,0.0175938,-0.101542,-0.0437361,0.0846806,-0.47231,0.0,0.0,1.0
0.0785781,0.00386458,-0.10038,-0.0111944,0.0857315,-0.472944,0.0,0.0,1.0
0.0859818,0.0108307,-0.0881849,-0.0349074,0.0843333,-0.478963,0.0,0.0,1.0
0.0898177,0.0154063,-0.0750677,-0.0517407,0.0845093,-0.489046,0.0,0.0,1.0
0.0249688,-0.07975,-0.071125,0.0802963,0.0783889,-0.505574,0.0,0.0,1.0
0.0297656,-0.0738646,-0.0709635,0.079037,0.0879167,-0.513157,0.0,0.0,1.0
0.0827292,0.0178437,-0.0686667,-0.0569907,0.0818519,-0.500769,0.0,0.0,1.0
0.0172083,-0.0805156,-0.0677344,0.0793333,0.0551944,-0.504528,0.0,0.0,1.0
0.0891276,0.0159974,-0.0601276,-0.0573148,0.0786111,-0.509259,0.0,0.0,1.0
0.079875,0.0156354,-0.0662813,-0.0506852,0.0778889,-0.50737,0.0,0.0,1.0
0.100359,0.0155313,-0.0419219,-0.0633657,0.0778194,-0.522125,0.0,0.0,1.0
0.0759766,0.0161849,-0.0627526,-0.0507037,0.0766481,-0.509963,0.0,0.0,1.0
0.0835807,0.0170495,-0.0533255,-0.0583935,0.0771991,-0.514625,0.0,0.0,1.0
0.0780521,0.0171042,-0.0555938,-0.0538333,0.0783704,-0.510778,0.0,0.0,1.0
0.0755313,0.0199271,-0.0531667,-0.0564769,0.0842269,-0.500736,0.0,0.0,1.0
0.0693151,0.0208568,-0.0507214,-0.0545833,0.0837222,-0.500046,0.0,0.0,1.0
0.0698229,0.0173802,-0.0510469,-0.0452778,0.084713,-0.500102,0.0,0.0,1.0
0.0722604,0.0139792,-0.047875,-0.037088,0.0860787,-0.500356,0.0,0.0,1.0
0.0641042,0.0155156,-0.054224,-0.0377963,0.0831944,-0.499602,0.0,0.0,1.0
0.0699479,0.0102812,-0.0534792,-0.0276667,0.0821481,-0.507815,0.0,0.0,1.0
0.0607083,0.0134844,-0.054224,-0.0318519,0.0812222,-0.5055,0.0,0.0,1.0
0.0614948,0.0105365,-0.0543542,-0.0245324,0.0834676,-0.505745,0.0,0.0,1.0
0.0582917,0.00383854,-0.0551094,-0.00835185,0.0846852,-0.511315,0.0,0.0,1.0
0.0636875,0.00877604,-0.0461198,-0.0216204,0.0817222,-0.510898,0.0,0.0,1.0
0.0578958,0.00664063,-0.0461406,-0.0146713,0.0828287,-0.509875,0.0,0.0,1.0
0.0642969,0.00790104,-0.0368333,-0.0194167,0.0827037,-0.512843,0.0,0.0,1.0
0.0540182,0.016763,-0.0372057,-0.0362593,0.0789259,-0.510556,0.0,0.0,1.0
0.0567813,0.0175312,-0.0340521,-0.0396944,0.0792778,-0.512824,0.0,0.0,1.0
0.0581615,0.0165417,-0.0300156,-0.0380741,0.0798519,-0.515259,0.0,0.0,1.0
0.0476406,0.00944271,-0.0387813,-0.0167546,0.084875,-0.514495,0.0,0.0,1.0
0.0476224,0.00833073,-0.0375703,-0.0145556,0.0861296,-0.514463,0.0,0.0,1.0
0.0494297,0.00695052,-0.0294661,-0.0123981,0.0875833,-0.517833,0.0,0.0,1.0
0.040349,0.00329167,-0.0362656,-0.00462963,0.0904722,-0.518176,0.0,0.0,1.0
0.041099,0.00272917,-0.0345885,-0.0038287,0.092662,-0.519199,0.0,0.0,1.0
0.0409896,-0.00259375,-0.0291354,0.00381944,0.0878935,-0.52869,0.0,0.0,1.0
0.0409844,-0.000385417,-0.0278802,0.00062963,0.0793518,-0.536593,0.0,0.0,1.0
0.0374583,-1.04167e-05,-0.033375,1.85185e-05,0.0783333,-0.538556,0.0,0.0,1.0
0.0350156,-0.00471875,-0.0302135,0.00662037,0.0789167,-0.544463,0.0,0.0,1.0
0.0351198,-0.000354167,-0.0327031,0.00049537,0.0790694,-0.542264,0.0,0.0,1.0
0.0362109,-0.00526823,-0.0312422,0.00754167,0.0799491,-0.551458,0.0,0.0,1.0
0.0356042,-0.00664583,-0.0296875,0.00937963,0.0796759,-0.552444,0.0,0.0,1.0
0.0339219,-0.00254167,-0.0295885,0.00333333,0.0816574,-0.548583,0.0,0.0,1.0
0.0370833,0.0169896,-0.0219479,-0.0275972,0.0721435,-0.539894,0.0,0.0,1.0
0.0309974,-0.000596354,-0.0295286,0.000699074,0.0837824,-0.545227,0.0,0.0,1.0
0.0302812,0.00148437,-0.0282656,-0.00172222,0.082463,-0.542759,0.0,0.0,1.0
0.0349193,0.0033099,-0.0237891,-0.00431481,0.0846296,-0.54,0.0,0.0,1.0
0.0319323,0.00595313,-0.0249896,-0.00711111,0.0844722,-0.536194,0.0,0.0,1.0
0.0353411,0.0285755,-0.00964844,-0.0557824,0.0572083,-0.545875,0.0,0.0,1.0
0.03125,0.00536979,-0.0250469,-0.00618056,0.0858657,-0.533412,0.0,0.0,1.0
0.0319141,0.0285911,-0.0126901,-0.0527778,0.0546481,-0.539444,0.0,0.0,1.0
0.0271172,0.000684896,-0.0263047,-0.000662037,0.0887454,-0.532838,0.0,0.0,1.0
0.0281823,0.00183333,-0.0253385,-0.00191667,0.0849074,-0.53338,0.0,0.0,1.0
0.0271224,-0.000794271,-0.0261901,0.000800926,0.0851157,-0.53544,0.0,0.0,1.0
0.0277266,-0.00128385,-0.0258411,0.00129167,0.0869213,-0.532162,0.0,0.0,1.0
0.0279167,0.00177604,-0.0243802,-0.00173611,0.090375,-0.53081,0.0,0.0,1.0
0.0286198,0.00395833,-0.0234948,-0.00413889,0.0865,-0.531713,0.0,0.0,1.0
0.0277266,0.0022526,-0.0243099,-0.00214352,0.0920139,-0.524625,0.0,0.0,1.0
0.0294635,2.08333e-05,-0.0231615,-2.77778e-05,0.0913611,-0.528944,0.0,0.0,1.0
0.0276667,0.0015625,-0.0244583,-0.00151852,0.0899167,-0.528454,0.0,0.0,1.0
0.0314115,0.00575,-0.0200573,-0.0065463,0.0871667,-0.526231,0.0,0.0,1.0
0.0300521,-0.000802083,-0.0221146,0.000888889,0.0864907,-0.527509,0.0,0.0,1.0
0.0264271,0.00246354,-0.0239115,-0.00227315,0.0903565,-0.523949,0.0,0.0,1.0
0.0257812,0.000463542,-0.0244115,-0.000416667,0.0909259,-0.523676,0.0,0.0,1.0
0.0267969,0.00185938,-0.0241875,-0.00167593,0.093713,-0.52563,0.0,0.0,1.0
0.0293594,-0.000338542,-0.0285833,0.000324074,0.0962778,-0.526083,0.0,0.0,1.0
0.047974,-0.0219583,-0.00482292,0.041088,0.0810602,-0.521356,0.0,0.0,1.0
0.032862,-0.00110677,-0.0316328,0.00124074,0.09275,-0.529954,0.0,0.0,1.0
0.0538385,-0.019,-0.00127083,0.0403611,0.0801389,-0.523259,0.0,0.0,1.0
0.0333802,-0.00296875,-0.0302969,0.00339815,0.0922222,-0.532639,0.0,0.0,1.0
0.0545677,-0.0114219,-0.00776042,0.021537,0.0914444,-0.527222,0.0,0.0,1.0
0.0429427,-0.0159531,-0.0214063,0.0222407,0.0973518,-0.524926,0.0,0.0,1.0
0.0361875,-0.00113021,-0.0349219,0.00133796,0.096875,-0.529181,0.0,0.0,1.0
0.0361354,-0.0127552,-0.0237969,0.0155556,0.0936296,-0.531833,0.0,0.0,1.0
0.0349062,-0.00646354,-0.028099,0.00777315,0.0917083,-0.533097,0.0,0.0,1.0
0.0355964,-0.00821615,-0.0273724,0.00988889,0.0935093,-0.531713,0.0,0.0,1.0
0.0369349,-0.0131484,-0.0269297,0.0156574,0.0980278,-0.526574,0.0,0.0,1.0
0.0384297,-0.00724219,-0.0256693,0.00922685,0.0953287,-0.529671,0.0,0.0,1.0
0.0357656,-0.00649479,-0.0289687,0.00800926,0.0917222,-0.524546,0.0,0.0,1.0
0.0416615,-0.00470833,-0.0221302,0.00681019,0.0910139,-0.524292,0.0,0.0,1.0
0.0413333,-0.00531771,-0.0234427,0.00762963,0.091037,-0.524778,0.0,0.0,1.0
0.0337161,-0.00254427,-0.031263,0.00300926,0.0901296,-0.526139,0.0,0.0,1.0
0.0346406,0.000786458,-0.0303125,-0.000939815,0.0917454,-0.522421,0.0,0.0,1.0
0.0332682,-0.000585938,-0.0315443,0.000666667,0.092787,-0.522768,0.0,0.0,1.0
0.0336094,-0.00128125,-0.0324115,0.0015463,0.0883796,-0.526185,0.0,0.0,1.0
0.0366771,-0.00902083,-0.0265312,0.0111574,0.093713,-0.526056,0.0,0.0,1.0
0.0513958,0.000546875,-0.0451823,-0.000925926,0.0960463,-0.515194,0.0,0.0,1.0
0.0551979,0.00233854,-0.0509115,-0.00430556,0.0946667,-0.517417,0.0,0.0,1.0
0.0527656,-6.25e-05,-0.0524115,0.000115741,0.0898565,-0.519218,0.0,0.0,1.0
0.0855182,0.000299479,-0.0201016,-0.00087963,0.0890648,-0.516537,0.0,0.0,1.0
0.0525,-0.000114583,-0.0521354,0.000203704,0.095,-0.515537,0.0,0.0,1.0
0.0540573,-9.375e-05,-0.0501198,0.000185185,0.086537,-0.518778,0.0,0.0,1.0
0.0567057,0.00319531,-0.0511641,-0.0068287,0.0838472,-0.518801,0.0,0.0,1.0
0.0571562,0.000973958,-0.0488906,-0.00202778,0.0867315,-0.517981,0.0,0.0,1.0
0.053638,0.000794271,-0.0521849,-0.00156481,0.0859444,-0.514972,0.0,0.0,1.0
0.0525573,0.000135417,-0.051526,-0.000263889,0.0863102,-0.517273,0.0,0.0,1.0
0.0541563,-0.000197917,-0.0509479,0.000388889,0.086037,-0.516722,0.0,0.0,1.0
0.0524401,0.000132813,-0.0520807,-0.000259259,0.0868796,-0.51588,0.0,0.0,1.0
0.0524219,0.000244792,-0.0520417,-0.000472222,0.085537,-0.515565,0.0,0.0,1.0
0.0519948,-1.5625e-05,-0.0519479,2.77778e-05,0.0855278,-0.515648,0.0,0.0,1.0
0.0601354,8.85417e-05,-0.0549115,-0.000203704,0.0840278,-0.517713,0.0,0.0,1.0
0.0637552,0.00680208,-0.0569115,-0.0172685,0.0793796,-0.504926,0.0,0.0,1.0
0.0633125,0.0121615,-0.0515365,-0.0325185,0.0748241,-0.499306,0.0,0.0,1.0
0.0649635,0.00736979,-0.058,-0.0193056,0.0784074,-0.504991,0.0,0.0,1.0
0.064112,-0.000122396,-0.0628984,0.000324074,0.0757037,-0.518472,0.0,0.0,1.0
0.0907292,0.00921354,-0.0327604,-0.0364352,0.0724722,-0.509093,0.0,0.0,1.0
0.0653594,-0.0131719,-0.0533646,0.0372361,0.0730694,-0.528542,0.0,0.0,1.0
0.0648828,2.86458e-05,-0.0637422,-7.87037e-05,0.0825602,-0.521097,0.0,0.0,1.0
0.085638,-0.0160911,-0.0317266,0.0515556,0.0845093,-0.523639,0.0,0.0,1.0
0.0641016,0.0084401,-0.0563932,-0.0203102,0.0841806,-0.504949,0.0,0.0,1.0
0.0656797,0.00703906,-0.0555547,-0.0188241,0.0776204,-0.512259,0.0,0.0,1.0
0.0625885,-0.000494792,-0.0618229,0.00118981,0.0816806,-0.521255,0.0,0.0,1.0
0.0632943,-0.00196615,-0.0612943,0.00475463,0.0826991,-0.525236,0.0,0.0,1.0
0.0637188,-0.00176562,-0.061099,0.00411111,0.086463,-0.528611,0.0,0.0,1.0
0.0660521,-0.00459375,-0.0600417,0.01225,0.0782315,-0.530481,0.0,0.0,1.0
0.0644479,-0.0035625,-0.0610312,0.00898148,0.0807963,-0.529963,0.0,0.0,1.0
0.0648594,-0.00367708,-0.0612552,0.00938889,0.0802407,-0.530074,0.0,0.0,1.0
0.0647995,-0.00371615,-0.060862,0.00953704,0.0797963,-0.530648,0.0,0.0,1.0
0.064724,-0.00376042,-0.0610573,0.00952315,0.0807361,-0.531458,0.0,0.0,1.0
0.0648594,-0.00275,-0.0606094,0.00693519,0.0812778,-0.53138,0.0,0.0,1.0
0.0649453,-0.00295052,-0.0608047,0.00712037,0.0850278,-0.528148,0.0,0.0,1.0
0.0682396,-0.00627083,-0.0587708,0.0174954,0.0773102,-0.537745,0.0,0.0,1.0
0.0675495,-0.0094401,-0.0592214,0.0276852,0.0728241,-0.541898,0.0,0.0,1.0
0.0790625,-0.00488021,-0.0483802,0.0160185,0.0761389,-0.533954,0.0,0.0,1.0
0.0879401,-0.00638281,-0.0389297,0.0232963,0.0758889,-0.5335,0.0,0.0,1.0
0.0670833,-1.38778e-17,-0.056625,1.38778e-17,0.0833704,-0.530704,0.0,0.0,1.0
0.066763,-0.00416406,-0.0597266,0.0113704,0.077287,-0.536028,0.0,0.0,1.0
0.0688568,-0.00338802,-0.0572734,0.00948148,0.07775,-0.535509,0.0,0.0,1.0
0.0686641,-0.00489323,-0.0574661,0.0137454,0.0772546,-0.537023,0.0,0.0,1.0
0.0653906,-0.00407813,-0.0606146,0.0108981,0.0773519,-0.536713,0.0,0.0,1.0
0.0920026,-0.0157839,-0.0309089,0.0662454,0.0692732,-0.535329,0.0,0.0,1.0
0.0628802,-0.00231771,-0.0590208,0.00591667,0.0778333,-0.53612,0.0,0.0,1.0
0.0633099,-0.00550781,-0.0573724,0.014088,0.0782454,-0.53944,0.0,0.0,1.0
0.066151,-0.00573438,-0.0511875,0.0150833,0.0794722,-0.539519,0.0,0.0,1.0
0.0888646,-0.011,-0.0298542,0.0404907,0.0763611,-0.532333,0.0,0.0,1.0
0.069401,-0.0128229,-0.0571615,0.0385463,0.072963,-0.548324,0.0,0.0,1.0
0.0684714,-0.0100026,-0.0597734,0.028588,0.0757176,-0.550958,0.0,0.0,1.0
0.0695651,-0.0100234,-0.0572474,0.0296759,0.0742593,-0.551546,0.0,0.0,1.0
0.0879062,-0.0113281,-0.0438073,0.0443519,0.0710278,-0.545546,0.0,0.0,1.0
0.0818099,-0.011987,-0.0461849,0.0401852,0.0771944,-0.543343,0.0,0.0,1.0
0.0737318,-0.0119089,-0.0628099,0.0373611,0.0742778,-0.552917,0.0,0.0,1.0
0.070974,-0.0116667,-0.060026,0.0346852,0.0754444,-0.550537,0.0,0.0,1.0
0.0698802,-0.0113333,-0.0594531,0.0324444,0.0771481,-0.549444,0.0,0.0,1.0
0.0697969,-0.0114427,-0.0600937,0.0343148,0.0735463,-0.55262,0.0,0.0,1.0
0.0826875,-0.0106927,-0.0465104,0.0357222,0.0781944,-0.543657,0.0,0.0,1.0
0.0706693,-0.0107057,-0.0603099,0.0314907,0.0759352,-0.5515,0.0,0.0,1.0
0.0779635,-0.0127917,-0.0558073,0.0436852,0.0721482,-0.551019,0.0,0.0,1.0
0.0688646,-0.010099,-0.0607656,0.0292454,0.0751528,-0.554042,0.0,0.0,1.0
0.0696354,-0.0102708,-0.0615729,0.0307593,0.0734815,-0.555296,0.0,0.0,1.0
0.0691198,-0.00940104,-0.0599063,0.0268611,0.076463,-0.55375,0.0,0.0,1.0
0.0703385,-0.0115365,-0.0591875,0.0338472,0.0757731,-0.552014,0.0,0.0,1.0
0.0694401,-0.0094974,-0.0600964,0.0262778,0.0793148,-0.548074,0.0,0.0,1.0
0.0708281,-0.00566146,-0.0572396,0.0160648,0.0788889,-0.543509,0.0,0.0,1.0
0.0648333,-0.000895833,-0.0637292,0.00222222,0.0829537,-0.532528,0.0,0.0,1.0
0.0642057,0.000190104,-0.0630755,-0.000435185,0.0879907,-0.525463,0.0,0.0,1.0
0.081724,-5.72917e-05,-0.0499792,0.000162037,0.0871157,-0.524181,0.0,0.0,1.0
0.0687682,-0.000372396,-0.0668672,0.00104167,0.0781343,-0.525088,0.0,0.0,1.0
0.0696068,0.00627865,-0.0636849,-0.017588,0.0785509,-0.517949,0.0,0.0,1.0
0.070599,-0.00996354,-0.0599375,0.0288704,0.0770185,-0.541778,0.0,0.0,1.0
0.0694896,0.00283854,-0.0661823,-0.00768519,0.0811111,-0.522741,0.0,0.0,1.0
0.068125,0.000171875,-0.0673073,-0.000462963,0.0816389,-0.527306,0.0,0.0,1.0
0.0698229,-0.0110208,-0.0591042,0.0302454,0.0804028,-0.542921,0.0,0.0,1.0
0.0678255,2.60417e-06,-0.0674141,-9.25926e-06,0.0847685,-0.524481,0.0,0.0,1.0
0.0687292,-0.0003125,-0.0673854,0.000787037,0.0852407,-0.522806,0.0,0.0,1.0
0.0680365,-0.000192708,-0.0671771,0.000486111,0.0847083,-0.523829,0.0,0.0,1.0
0.0738229,-0.00929688,-0.0586406,0.0267037,0.0812593,-0.536667,0.0,0.0,1.0
0.0940286,-0.00846094,-0.0536484,0.0314907,0.0797315,-0.533685,0.0,0.0,1.0
0.0802083,-6.93889e-18,-0.0802083,-6.93889e-18,0.0842593,-0.521296,0.0,0.0,1.0
0.0830573,0.000145833,-0.0824635,-0.000458333,0.0835046,-0.519856,0.0,0.0,1.0
0.0878411,-0.000513021,-0.0827943,0.0017037,0.0837685,-0.521546,0.0,0.0,1.0
0.0881615,0.000145833,-0.0855677,-0.000481481,0.0843982,-0.517139,0.0,0.0,1.0
0.0873906,0.000114583,-0.0845365,-0.000361111,0.0853704,-0.514398,0.0,0.0,1.0
0.0886406,0.000276042,-0.0834375,-0.000907407,0.0854907,-0.513935,0.0,0.0,1.0
0.0890521,5.72917e-05,-0.0837448,-0.000199074,0.0847269,-0.513347,0.0,0.0,1.0
0.0893047,-0.000351563,-0.0837422,0.00116667,0.0846667,-0.512741,0.0,0.0,1.0
0.0956094,-0.00238021,-0.0792396,0.0086713,0.0829954,-0.516375,0.0,0.0,1.0
0.100992,-0.000252604,-0.094612,0.001,0.0807963,-0.51063,0.0,0.0,1.0
0.111599,-0.000927083,-0.0919844,0.00413889,0.0791574,-0.510778,0.0,0.0,1.0
0.106013,-7.55208e-05,-0.102341,0.000314815,0.0803148,-0.510019,0.0,0.0,1.0
0.109633,3.38542e-05,-0.108122,-0.000148148,0.0802222,-0.508593,0.0,0.0,1.0
0.113708,-1.38778e-17,-0.108052,0.0,0.0794907,-0.50912,0.0,0.0,1.0
0.111667,0.000135417,-0.110479,-0.000606482,0.0797546,-0.508931,0.0,0.0,1.0
0.112135,-0.000208333,-0.109625,0.000925926,0.0790648,-0.51062,0.0,0.0,1.0
0.112089,0.00028125,-0.111016,-0.00125463,0.0788472,-0.50781,0.0,0.0,1.0
0.113042,-0.00025,-0.109344,0.00114352,0.0780232,-0.509708,0.0,0.0,1.0
0.1125,-1.38778e-17,-0.1125,-1.38778e-17,0.0777778,-0.511111,0.0,0.0,1.0
0.111815,-0.000294271,-0.111029,0.00143981,0.0718935,-0.50869,0.0,0.0,1.0
0.115615,-0.000208333,-0.111729,0.0010463,0.0724352,-0.507722,0.0,0.0,1.0
0.116875,-0.00223438,-0.112193,0.011,0.0749907,-0.510954,0.0,0.0,1.0
0.121615,-0.000604167,-0.108917,0.00312037,0.0745556,-0.506435,0.0,0.0,1.0
0.117531,-0.00301563,-0.116505,0.0151389,0.073963,-0.512324,0.0,0.0,1.0
0.116568,-0.00210417,-0.113526,0.0103333,0.0751019,-0.50925,0.0,0.0,1.0
0.11725,-0.001375,-0.113823,0.00676389,0.0754028,-0.508403,0.0,0.0,1.0
0.119602,-0.000466146,-0.111846,0.00237037,0.0742593,-0.507981,0.0,0.0,1.0
0.114844,-0.00227604,-0.113932,0.0109907,0.0751389,-0.510019,0.0,0.0,1.0
0.122458,-0.000140625,-0.110505,0.000736111,0.0741713,-0.50756,0.0,0.0,1.0
0.118906,-0.000166667,-0.11125,0.000888889,0.070963,-0.50987,0.0,0.0,1.0
0.114581,-0.000632813,-0.112544,0.00305556,0.0751759,-0.508731,0.0,0.0,1.0
0.121591,-0.000247396,-0.109247,0.00130556,0.0734352,-0.510463,0.0,0.0,1.0
0.117216,7.8125e-06,-0.110982,-4.16667e-05,0.0734491,-0.508616,0.0,0.0,1.0
0.119198,-8.85417e-05,-0.110651,0.000453704,0.0723148,-0.509361,0.0,0.0,1.0
0.114469,-0.00164062,-0.114161,0.00789815,0.0751389,-0.503852,0.0,0.0,1.0
0.113359,-0.00313542,-0.113411,0.0153889,0.0730278,-0.506306,0.0,0.0,1.0
0.118031,-0.00299479,-0.111224,0.0155833,0.0717315,-0.503611,0.0,0.0,1.0
0.112354,-0.00452604,-0.113214,0.0229259,0.0700741,-0.501963,0.0,0.0,1.0
0.109862,-0.00603906,-0.112206,0.0309815,0.0677037,-0.497111,0.0,0.0,1.0
0.111747,-0.00550781,-0.113398,0.0297963,0.065287,-0.493065,0.0,0.0,1.0
0.111036,-0.00594271,-0.113063,0.0325509,0.0640787,-0.491792,0.0,0.0,1.0
0.110904,-0.00486198,-0.111872,0.0264352,0.0644352,-0.491037,0.0,0.0,1.0
0.11038,-0.00529167,-0.112672,0.0273241,0.0675556,-0.486991,0.0,0.0,1.0
0.110714,-0.00408333,-0.113151,0.0205926,0.0693611,-0.484528,0.0,0.0,1.0
0.11307,-0.00447135,-0.114779,0.0234954,0.0680046,-0.485912,0.0,0.0,1.0
0.103937,-0.0039375,-0.106083,0.0190185,0.068037,-0.483667,0.0,0.0,1.0
0.100193,-0.00332812,-0.131198,0.0159306,0.0661435,-0.489505,0.0,0.0,1.0
0.102005,-0.0026875,-0.128682,0.0136991,0.0632361,-0.492116,0.0,0.0,1.0
0.101089,-0.00252604,-0.133927,0.01275,0.0633333,-0.492398,0.0,0.0,1.0
0.0932161,-0.00298698,-0.143372,0.0142593,0.0617222,-0.492037,0.0,0.0,1.0
0.092526,-0.00660417,-0.147255,0.0334028,0.0578194,-0.491616,0.0,0.0,1.0
0.0950625,-0.005625,-0.150406,0.0306991,0.0550509,-0.495449,0.0,0.0,1.0
0.0949167,-0.00260937,-0.149609,0.0145648,0.0538148,-0.499194,0.0,0.0,1.0
0.0903828,-0.00132552,-0.153497,0.00685185,0.05525,-0.499583,0.0,0.0,1.0
0.0856406,-0.00125,-0.163109,0.00624537,0.0541713,-0.501014,0.0,0.0,1.0
0.0832135,-0.00225,-0.168286,0.0116667,0.0506667,-0.502296,0.0,0.0,1.0
0.0817865,-0.00264583,-0.168036,0.0139259,0.0491944,-0.504009,0.0,0.0,1.0
0.0783125,-0.00223958,-0.173792,0.0115417,0.0480694,-0.504699,0.0,0.0,1.0
0.0702396,-0.00384896,-0.179328,0.0168611,0.050713,-0.502463,0.0,0.0,1.0
0.0806823,-5.55112e-17,-0.218203,0.0,0.0790463,-0.481769,0.0,0.0,1.0
0.0780573,-2.77556e-17,-0.216557,0.0,0.0801296,-0.48513,0.0,0.0,1.0
0.0754271,0.0,-0.231125,0.0,0.0812315,-0.485713,0.0,0.0,1.0
0.0727969,-2.77556e-17,-0.247474,0.0,0.0823241,-0.479287,0.0,0.0,1.0
0.0842969,-5.55112e-17,-0.286859,0.0,0.0919167,-0.48588,0.0,0.0,1.0
0.0957917,-2.77556e-17,-0.32624,0.0,0.101519,-0.492481,0.0,0.0,1.0
0.107292,-8.32667e-17,-0.365625,0.0,0.111111,-0.499074,0.0,0.0,1.0
0.1,-5.55112e-17,-0.395833,0.0,0.105556,-0.515741,0.0,0.0,1.0
0.104167,0.0,-0.426562,0.0,0.111111,-0.512037,0.0,0.0,1.0
0.108854,-5.55112e-17,-0.438542,0.0,0.106019,-0.523611,0.0,0.0,1.0
0.10763,-5.55112e-17,-0.441693,0.0,0.104796,-0.525722,0.0,0.0,1.0
0.106406,0.0,-0.444844,0.0,0.103565,-0.527824,0.0,0.0,1.0
0.0832188,-0.00882292,-0.475313,0.0305787,0.0758657,-0.534542,0.0,0.0,1.0
0.0836641,-0.0086849,-0.474174,0.0301111,0.0762685,-0.533972,0.0,0.0,1.0
0.0814323,-0.00973438,-0.477271,0.0322083,0.0778009,-0.535634,0.0,0.0,1.0
0.0802891,-0.00673698,-0.477138,0.0211296,0.0808982,-0.534935,0.0,0.0,1.0
0.0785755,-0.00571615,-0.477779,0.0172639,0.0821991,-0.535829,0.0,0.0,1.0
0.0799609,-0.00652865,-0.477232,0.0204306,0.0807731,-0.537255,0.0,0.0,1.0
0.0788542,-0.00573438,-0.47737,0.017662,0.0809398,-0.535986,0.0,0.0,1.0
0.0801823,-0.00643229,-0.47574,0.0202083,0.0806528,-0.534792,0.0,0.0,1.0
0.0808177,-0.00603646,-0.474917,0.0193333,0.07975,-0.534139,0.0,0.0,1.0
0.0820026,-0.00670052,-0.474258,0.0219444,0.0791574,-0.533343,0.0,0.0,1.0
0.0821536,-0.00792448,-0.475383,0.0258009,0.0797361,-0.533736,0.0,0.0,1.0
0.0814349,-0.00636719,-0.47631,0.0205,0.0799444,-0.532611,0.0,0.0,1.0
0.0831198,-0.00564583,-0.479255,0.0184491,0.0804028,-0.531792,0.0,0.0,1.0
0.0848047,-0.00335677,-0.480612,0.0112593,0.0798889,-0.53087,0.0,0.0,1.0
0.0877214,-8.07292e-05,-0.486372,0.000287037,0.0778241,-0.531556,0.0,0.0,1.0
0.0866875,0.000239583,-0.488344,-0.000828704,0.0791898,-0.528801,0.0,0.0,1.0
0.0853854,0.000322917,-0.489875,-0.00109259,0.0798796,-0.529361,0.0,0.0,1.0
0.086151,0.00452083,-0.489484,-0.0156343,0.0787269,-0.528245,0.0,0.0,1.0
0.083237,0.000794271,-0.490831,-0.00263426,0.079375,-0.529801,0.0,0.0,1.0
0.0815938,0.00677083,-0.494156,-0.0224722,0.0777222,-0.530935,0.0,0.0,1.0
0.0826146,0.00561979,-0.494286,-0.0182778,0.0802685,-0.531824,0.0,0.0,1.0
0.0806615,0.00302083,-0.496797,-0.00965741,0.079787,-0.533833,0.0,0.0,1.0
0.0835104,0.000927083,-0.499927,-0.00305093,0.0801343,-0.534958,0.0,0.0,1.0
0.0853594,0.00145313,-0.500833,-0.00490741,0.0798519,-0.535056,0.0,0.0,1.0
0.085724,0.00119792,-0.50512,-0.00408333,0.0794537,-0.537574,0.0,0.0,1.0
0.0825807,0.00140365,-0.50594,-0.00451852,0.0810278,-0.538491,0.0,0.0,1.0
0.0828177,0.00245313,-0.507219,-0.00822685,0.078088,-0.539125,0.0,0.0,1.0
0.0830182,0.00642448,-0.50819,-0.0219213,0.0768843,-0.540708,0.0,0.0,1.0
0.0805495,0.00126302,-0.507966,-0.00402315,0.0798657,-0.539171,0.0,0.0,1.0
0.0758594,0.00427083,-0.511943,-0.0129306,0.0791806,-0.540532,0.0,0.0,1.0
0.0746771,0.00548438,-0.510516,-0.0163102,0.0793472,-0.540227,0.0,0.0,1.0
0.0731901,0.0104297,-0.5103,-0.0304398,0.0792454,-0.539662,0.0,0.0,1.0
0.0705104,0.0135417,-0.511344,-0.037963,0.0794907,-0.540176,0.0,0.0,1.0
0.0175729,-0.0680729,-0.511708,0.080463,0.0469907,-0.537917,0.0,0.0,1.0
0.0649245,0.0196172,-0.512805,-0.0522917,0.0769676,-0.538551,0.0,0.0,1.0
0.0639271,0.0190521,-0.513563,-0.0489213,0.0786806,-0.538338,0.0,0.0,1.0
0.0628203,0.0186016,-0.513951,-0.0469213,0.0787083,-0.53756,0.0,0.0,1.0
0.0253698,-0.0612292,-0.516682,0.0763426,0.0643148,-0.53362,0.0,0.0,1.0
0.0204115,-0.0614063,-0.515714,0.0787917,0.0502731,-0.533347,0.0,0.0,1.0
0.0590573,0.0206823,-0.516448,-0.0505185,0.0764167,-0.529269,0.0,0.0,1.0
0.0271615,-0.0567292,-0.517005,0.0742268,0.0656065,-0.526607,0.0,0.0,1.0
0.053263,0.0296536,-0.517076,-0.0699074,0.0714074,-0.52637,0.0,0.0,1.0
0.0511198,0.0311562,-0.518609,-0.0709444,0.0709537,-0.523509,0.0,0.0,1.0
0.0330417,-0.0492917,-0.521073,0.0664028,0.0775231,-0.522829,0.0,0.0,1.0
0.0330755,-0.0488099,-0.522904,0.067037,0.0761204,-0.514046,0.0,0.0,1.0
0.0478568,0.0339089,-0.524711,-0.0774167,0.06625,-0.510315,0.0,0.0,1.0
0.0454531,0.0360469,-0.527219,-0.0850648,0.0608796,-0.503741,0.0,0.0,1.0
0.0358594,-0.0450104,-0.528245,0.063,0.0809815,-0.501963,0.0,0.0,1.0
0.0351016,-0.0452005,-0.530591,0.0611852,0.081963,-0.500611,0.0,0.0,1.0
0.0334661,-0.0480026,-0.533612,0.0640139,0.0793194,-0.502486,0.0,0.0,1.0
0.0389896,-0.0403229,-0.534479,0.0563611,0.0881667,-0.505843,0.0,0.0,1.0
0.0606406,0.00953125,-0.537193,-0.0224861,0.0812361,-0.503949,0.0,0.0,1.0
0.0596094,0.0165156,-0.535771,-0.0399352,0.0779259,-0.504768,0.0,0.0,1.0
0.0600599,0.0134974,-0.536159,-0.0318565,0.0804213,-0.503597,0.0,0.0,1.0
0.0592734,0.0140703,-0.538091,-0.0334907,0.0787037,-0.501287,0.0,0.0,1.0
0.058375,0.0177187,-0.537708,-0.0431806,0.0756898,-0.500662,0.0,0.0,1.0
0.0583411,0.0151641,-0.538836,-0.0358565,0.0779861,-0.499431,0.0,0.0,1.0
0.0579948,0.0166354,-0.538609,-0.0396019,0.0769815,-0.499639,0.0,0.0,1.0
0.0563594,0.0194062,-0.538849,-0.0458935,0.0753194,-0.500718,0.0,0.0,1.0
0.0605417,0.00514583,-0.542604,-0.012162,0.0809398,-0.499699,0.0,0.0,1.0
0.0598464,0.010513,-0.543273,-0.0251574,0.0790463,-0.500982,0.0,0.0,1.0
0.0596979,0.0108646,-0.542885,-0.0261296,0.0784537,-0.501065,0.0,0.0,1.0
0.0585026,0.0127109,-0.54407,-0.0300093,0.078287,-0.501722,0.0,0.0,1.0
0.0581797,0.0144714,-0.54531,-0.0342315,0.0777407,-0.502028,0.0,0.0,1.0
0.0570052,0.023224,-0.544125,-0.0573519,0.072963,-0.502019,0.0,0.0,1.0
0.0565,0.0242031,-0.545036,-0.0598426,0.0722222,-0.500713,0.0,0.0,1.0
0.055862,0.0247005,-0.545773,-0.0598194,0.0729028,-0.499782,0.0,0.0,1.0
0.0276536,-0.0548307,-0.547315,0.071838,0.0667083,-0.496819,0.0,0.0,1.0
0.0274557,-0.0542422,-0.546503,0.0724537,0.064963,-0.497676,0.0,0.0,1.0
0.0564245,0.0289661,-0.548633,-0.0726111,0.0711389,-0.496009,0.0,0.0,1.0
0.0259219,-0.0599635,-0.549208,0.0734444,0.0668889,-0.497352,0.0,0.0,1.0
0.0250807,-0.0587422,-0.548227,0.0731296,0.0636852,-0.498056,0.0,0.0,1.0
0.059776,0.0222083,-0.547339,-0.0560648,0.0748333,-0.50012,0.0,0.0,1.0
0.0631667,0.018651,-0.54638,-0.0478935,0.0777361,-0.502199,0.0,0.0,1.0
0.0716276,0.0167266,-0.550914,-0.0493056,0.0768056,-0.497833,0.0,0.0,1.0
0.0772474,0.00696615,-0.553414,-0.0210648,0.08075,-0.50063,0.0,0.0,1.0
0.0775391,0.0042526,-0.553039,-0.0128009,0.0814028,-0.501792,0.0,0.0,1.0
0.077237,0.00371094,-0.553055,-0.0110278,0.0821204,-0.504333,0.0,0.0,1.0
0.0770677,0.00358333,-0.553245,-0.0103981,0.0839167,-0.505574,0.0,0.0,1.0
0.076276,0.00269792,-0.554203,-0.00787963,0.0826204,-0.504167,0.0,0.0,1.0
0.0726094,-0.000234375,-0.556521,0.000615741,0.0867546,-0.50494,0.0,0.0,1.0
0.0758438,0.00815625,-0.554042,-0.02425,0.0806389,-0.505019,0.0,0.0,1.0
0.0762839,0.0113672,-0.55331,-0.0346019,0.0792037,-0.505898,0.0,0.0,1.0
0.0780417,0.00580729,-0.557349,-0.0174352,0.0821667,-0.506583,0.0,0.0,1.0
0.0832656,0.00136458,-0.56487,-0.00439815,0.0818426,-0.506741,0.0,0.0,1.0
0.0843333,0.0003125,-0.572573,-0.0010463,0.0802685,-0.509574,0.0,0.0,1.0
0.091026,7.29167e-05,-0.568068,-0.000263889,0.0799028,-0.507625,0.0,0.0,1.0
0.0895052,-0.000588542,-0.569,0.002,0.083037,-0.509,0.0,0.0,1.0
0.0904323,0.0110208,-0.569328,-0.0399769,0.0787731,-0.503171,0.0,0.0,1.0
0.0919896,0.012224,-0.569068,-0.0452685,0.0784907,-0.505148,0.0,0.0,1.0
0.0923073,0.0110208,-0.570922,-0.0408333,0.0787315,-0.508491,0.0,0.0,1.0
0.0975,0.0103594,-0.572724,-0.0405694,0.0786806,-0.509403,0.0,0.0,1.0
0.0929375,0.0123333,-0.570865,-0.0460185,0.0787222,-0.510574,0.0,0.0,1.0
0.0921641,0.0119714,-0.571487,-0.0438796,0.0794815,-0.511972,0.0,0.0,1.0
0.0929063,0.0138281,-0.571557,-0.0512917,0.0791528,-0.515023,0.0,0.0,1.0
0.0930469,0.0144479,-0.572089,-0.0544074,0.0780833,-0.515657,0.0,0.0,1.0
0.0930755,0.0122005,-0.572216,-0.0469306,0.0764676,-0.514375,0.0,0.0,1.0
0.0947005,0.0110078,-0.573393,-0.0424306,0.0776435,-0.515995,0.0,0.0,1.0
0.0962187,0.0105625,-0.572958,-0.0418241,0.0768056,-0.515944,0.0,0.0,1.0
0.0912318,0.014013,-0.574857,-0.0528102,0.0765139,-0.519671,0.0,0.0,1.0
0.0898906,0.0161458,-0.574932,-0.0607083,0.0755509,-0.523375,0.0,0.0,1.0
0.0891562,0.0145208,-0.574031,-0.0532685,0.0768056,-0.52537,0.0,0.0,1.0
0.0910651,0.0082526,-0.574331,-0.0303519,0.07825,-0.524157,0.0,0.0,1.0
0.0904193,0.000481771,-0.572201,-0.00161111,0.0853889,-0.520889,0.0,0.0,1.0
0.086125,0.00289063,-0.575297,-0.00986574,0.0798472,-0.523208,0.0,0.0,1.0
0.087151,0.00304687,-0.575583,-0.010375,0.0808565,-0.523847,0.0,0.0,1.0
0.0857318,0.00191406,-0.577169,-0.00614815,0.084287,-0.523583,0.0,0.0,1.0
0.0890417,0.00340625,-0.574865,-0.0115694,0.0828565,-0.525662,0.0,0.0,1.0
0.0914479,0.00197396,-0.575422,-0.00671759,0.0848657,-0.519301,0.0,0.0,1.0
0.0941615,0.00476042,-0.570964,-0.0175787,0.0805602,-0.522542,0.0,0.0,1.0
0.0948307,0.00270052,-0.57131,-0.00993519,0.081463,-0.519713,0.0,0.0,1.0
0.0958906,-6.25e-05,-0.572276,0.000217593,0.0838657,-0.514005,0.0,0.0,1.0
0.0941224,0.0072474,-0.573763,-0.0272685,0.0790556,-0.518972,0.0,0.0,1.0
0.0888698,0.00208854,-0.580865,-0.00736111,0.0796667,-0.511861,0.0,0.0,1.0
0.0912578,0.00108073,-0.582398,-0.00389815,0.0799074,-0.506528,0.0,0.0,1.0
0.0928516,0.000528646,-0.586211,-0.0019213,0.080662,-0.505088,0.0,0.0,1.0
0.0913255,0.000164062,-0.58806,-0.000564815,0.082787,-0.504963,0.0,0.0,1.0
0.0923411,0.00379427,-0.591357,-0.0140556,0.0787593,-0.505481,0.0,0.0,1.0
0.0846927,0.00567188,-0.591323,-0.0201389,0.0753981,-0.514648,0.0,0.0,1.0
0.122615,-0.00132813,-0.643745,0.0069213,0.0744491,-0.511097,0.0,0.0,1.0
0.128328,0.000203125,-0.651792,-0.00118519,0.069537,-0.515444,0.0,0.0,1.0
0.130091,0.000341146,-0.658612,-0.00199074,0.0706481,-0.512602,0.0,0.0,1.0
0.138622,0.000190104,-0.667419,-0.00121759,0.0689398,-0.514412,0.0,0.0,1.0
0.137836,0.000695313,-0.672898,-0.00427778,0.0708981,-0.513639,0.0,0.0,1.0
0.143385,0.00127604,-0.682036,-0.00835185,0.0691111,-0.513,0.0,0.0,1.0
0.144471,0.000388021,-0.687508,-0.0024537,0.072537,-0.513954,0.0,0.0,1.0
0.140396,0.00109896,-0.685641,-0.00664815,0.0734074,-0.512611,0.0,0.0,1.0
0.134578,0.0001875,-0.684422,-0.00105556,0.0755926,-0.512056,0.0,0.0,1.0
0.135852,-0.000335938,-0.685982,0.00189815,0.0758148,-0.513065,0.0,0.0,1.0
0.133646,0.00331771,-0.686745,-0.019537,0.071787,-0.509991,0.0,0.0,1.0
0.132685,0.0029401,-0.688508,-0.0168241,0.0732593,-0.51138,0.0,0.0,1.0
0.132594,0.0043125,-0.68675,-0.0259444,0.0696296,-0.513481,0.0,0.0,1.0
0.132188,0.00525521,-0.686516,-0.0314259,0.0698889,-0.512444,0.0,0.0,1.0
0.131036,0.00131771,-0.689448,-0.00712037,0.0764907,-0.511778,0.0,0.0,1.0
0.134523,0.00358594,-0.692945,-0.0216343,0.0704954,-0.509097,0.0,0.0,1.0
0.135089,0.00484375,-0.693453,-0.0296435,0.0697731,-0.509671,0.0,0.0,1.0
0.128984,0.00345313,-0.690104,-0.0195185,0.0721111,-0.50913,0.0,0.0,1.0
0.131094,0.00302083,-0.692771,-0.0173426,0.0722037,-0.509435,0.0,0.0,1.0
0.130924,0.00398698,-0.69644,-0.0226296,0.0729259,-0.506667,0.0,0.0,1.0
0.131375,0.00280208,-0.702948,-0.0158102,0.0736065,-0.501042,0.0,0.0,1.0
0.124031,0.00298958,-0.71375,-0.0159444,0.0735185,-0.498907,0.0,0.0,1.0
0.129406,0.000348958,-0.712536,-0.00202778,0.07025,-0.502056,0.0,0.0,1.0
0.130042,0.00273958,-0.719115,-0.0162685,0.0692778,-0.501491,0.0,0.0,1.0
0.128815,0.0041224,-0.721565,-0.0244167,0.0687685,-0.500537,0.0,0.0,1.0
0.117737,0.00595052,-0.730013,-0.0308611,0.0717593,-0.495491,0.0,0.0,1.0
0.117302,0.00831771,-0.729714,-0.043838,0.070338,-0.497792,0.0,0.0,1.0
0.114841,0.0119557,-0.732721,-0.0600972,0.0722083,-0.49531,0.0,0.0,1.0
0.112958,0.000244792,-0.736172,-0.00108333,0.0807685,-0.488074,0.0,0.0,1.0
0.111552,0.0124115,-0.736432,-0.0622269,0.0703194,-0.496384,0.0,0.0,1.0
0.119211,0.00665885,-0.748003,-0.0335417,0.0748009,-0.48844,0.0,0.0,1.0
0.11912,0.0132135,-0.751823,-0.071037,0.0700278,-0.488472,0.0,0.0,1.0
0.127292,0.012125,-0.754896,-0.0697778,0.0698982,-0.489787,0.0,0.0,1.0
0.132968,0.00635312,-0.762166,-0.0372917,0.071588,-0.485736,0.0,0.0,1.0
0.126907,0.00958906,-0.76011,-0.0539259,0.0713333,-0.488463,0.0,0.0,1.0
0.12734,0.0109646,-0.763459,-0.0615463,0.0716944,-0.486852,0.0,0.0,1.0
0.13154,0.00662865,-0.767274,-0.036338,0.0758472,-0.484384,0.0,0.0,1.0
0.128401,0.000708333,-0.764974,-0.00366204,0.0785694,-0.49031,0.0,0.0,1.0
0.130044,0.000216146,-0.764305,-0.00111574,0.0801157,-0.489106,0.0,0.0,1.0
0.130369,0.00139531,-0.76639,-0.0072037,0.0798981,-0.487509,0.0,0.0,1.0
0.129465,0.00204245,-0.770195,-0.0105741,0.0790741,-0.486778,0.0,0.0,1.0
0.127984,0.00731224,-0.775088,-0.0375694,0.0787546,-0.487051,0.0,0.0,1.0
0.133438,0.00155651,-0.780266,-0.00786574,0.0834583,-0.485403,0.0,0.0,1.0
0.133988,0.00488776,-0.785103,-0.0263148,0.078713,-0.483231,0.0,0.0,1.0
0.133389,0.00021875,-0.791326,-0.00116667,0.0791204,-0.489694,0.0,0.0,1.0
0.136987,0.000333854,-0.794893,-0.00182407,0.0792315,-0.489741,0.0,0.0,1.0
0.141816,0.00340755,-0.795212,-0.0194861,0.078412,-0.487199,0.0,0.0,1.0
0.139411,0.00300937,-0.795682,-0.0163519,0.0810648,-0.487583,0.0,0.0,1.0
0.139626,0.00646797,-0.79448,-0.0362222,0.078787,-0.485787,0.0,0.0,1.0
0.139341,0.00858854,-0.793981,-0.0485,0.0779722,-0.485306,0.0,0.0,1.0
0.138345,0.00484427,-0.794179,-0.0273889,0.0773519,-0.490537,0.0,0.0,1.0
0.136352,0.00645911,-0.794404,-0.0360741,0.0771481,-0.490685,0.0,0.0,1.0
0.140713,0.00424089,-0.795463,-0.0249676,0.0755509,-0.494338,0.0,0.0,1.0
0.139588,0.00441562,-0.795973,-0.0253333,0.0768982,-0.494546,0.0,0.0,1.0
0.137434,0.00127083,-0.80058,-0.00681944,0.0809398,-0.497782,0.0,0.0,1.0
0.141043,0.00535573,-0.80022,-0.0317963,0.0751019,-0.495787,0.0,0.0,1.0
0.142352,0.00376328,-0.799638,-0.022662,0.0746713,-0.499403,0.0,0.0,1.0
0.142613,0.00263073,-0.799295,-0.0151852,0.0781019,-0.499972,0.0,0.0,1.0
0.150746,0.00028099,-0.792225,-0.00158796,0.0843657,-0.50069,0.0,0.0,1.0
0.143515,0.00324896,-0.79915,-0.0194028,0.0759213,-0.500245,0.0,0.0,1.0
0.144204,0.00338099,-0.797282,-0.0203056,0.0759167,-0.500833,0.0,0.0,1.0
0.139425,0.000244792,-0.799493,-0.00135185,0.0798889,-0.499648,0.0,0.0,1.0
0.142194,0.000177604,-0.79786,-0.00101389,0.079088,-0.500847,0.0,0.0,1.0
0.140104,-0.00014401,-0.797302,0.000805556,0.0786481,-0.499954,0.0,0.0,1.0
0.14166,0.000114844,-0.799358,-0.000671296,0.0767083,-0.497699,0.0,0.0,1.0
0.142596,0.000946094,-0.799346,-0.00563889,0.0755556,-0.497306,0.0,0.0,1.0
0.144221,-0.000397917,-0.798273,0.00238426,0.0766065,-0.495236,0.0,0.0,1.0
0.146221,0.00102292,-0.804086,-0.00633333,0.0748148,-0.495685,0.0,0.0,1.0
0.144256,0.000167188,-0.805881,-0.00100926,0.076213,-0.492537,0.0,0.0,1.0
0.122305,-0.00259323,-0.831514,0.0127731,0.0784491,-0.499495,0.0,0.0,1.0
0.127307,-0.00375547,-0.83727,0.0191852,0.078787,-0.500491,0.0,0.0,1.0
0.126485,0.000334896,-0.837496,-0.00174074,0.077213,-0.490861,0.0,0.0,1.0
0.129607,-0.000388542,-0.838571,0.00202778,0.0782222,-0.489546,0.0,0.0,1.0
0.121854,7.89062e-05,-0.838172,-0.000398148,0.0773519,-0.48738,0.0,0.0,1.0
0.121203,-0.00360599,-0.842651,0.0173889,0.079463,-0.493352,0.0,0.0,1.0
0.120282,-0.00227839,-0.843746,0.0111296,0.0779352,-0.489972,0.0,0.0,1.0
0.117049,0.00240547,-0.839226,-0.0110926,0.0801944,-0.481787,0.0,0.0,1.0
0.116263,-2.55208e-05,-0.839622,0.00012037,0.0784259,-0.483972,0.0,0.0,1.0
0.112715,0.000400521,-0.835366,-0.0017963,0.0794722,-0.48325,0.0,0.0,1.0
0.106054,0.000329687,-0.829778,-0.00137963,0.0801389,-0.483,0.0,0.0,1.0
0.110287,0.00276016,-0.822579,-0.0120648,0.07975,-0.483444,0.0,0.0,1.0
0.102659,0.0066099,-0.822924,-0.0271435,0.0790139,-0.484181,0.0,0.0,1.0
0.101382,0.00749896,-0.822841,-0.0303519,0.0791667,-0.484444,0.0,0.0,1.0
0.0995052,0.00789219,-0.822979,-0.0310648,0.0799074,-0.485398,0.0,0.0,1.0
0.102432,0.00860885,-0.820667,-0.0351944,0.0791759,-0.485241,0.0,0.0,1.0
0.0986573,0.00883438,-0.821168,-0.0348611,0.0790278,-0.485667,0.0,0.0,1.0
0.0884336,0.00739141,-0.826449,-0.0259074,0.07975,-0.483361,0.0,0.0,1.0
0.0879708,0.00663594,-0.823825,-0.0230833,0.0799444,-0.484176,0.0,0.0,1.0
0.0846862,0.00669349,-0.827462,-0.0225093,0.0795926,-0.483157,0.0,0.0,1.0
0.0831586,0.0077862,-0.829289,-0.0258056,0.0793056,-0.48287,0.0,0.0,1.0
0.0864674,0.00956953,-0.832681,-0.0330046,0.0792454,-0.480486,0.0,0.0,1.0
0.0868099,0.00861302,-0.833362,-0.0296759,0.0796204,-0.479296,0.0,0.0,1.0
0.0885336,0.0074862,-0.835341,-0.0261065,0.0802546,-0.478986,0.0,0.0,1.0
0.0889063,0.00715313,-0.835036,-0.0248704,0.0808241,-0.479306,0.0,0.0,1.0
0.0883711,0.00731172,-0.836236,-0.0256389,0.0796296,-0.478972,0.0,0.0,1.0
0.0905331,0.00737682,-0.83695,-0.0262731,0.0803565,-0.47931,0.0,0.0,1.0
0.0879659,0.00751693,-0.838044,-0.025963,0.0805093,-0.48038,0.0,0.0,1.0
0.0871576,0.00705547,-0.839663,-0.0241296,0.0805185,-0.480574,0.0,0.0,1.0
0.0874089,0.00798854,-0.839596,-0.0276343,0.0798472,-0.481264,0.0,0.0,1.0
0.0858422,0.00515677,-0.840384,-0.0171667,0.0815093,-0.480546,0.0,0.0,1.0
0.0956424,0.00723932,-0.851767,-0.0278333,0.0786296,-0.478352,0.0,0.0,1.0
0.107927,0.00458776,-0.867161,-0.0198102,0.0789769,-0.478662,0.0,0.0,1.0
0.109547,0.00288932,-0.868969,-0.0125741,0.0795278,-0.480435,0.0,0.0,1.0
0.111092,0.000195833,-0.869071,-0.000842593,0.08075,-0.482593,0.0,0.0,1.0
0.112667,0.00113646,-0.869011,-0.00505556,0.0801204,-0.484824,0.0,0.0,1.0
0.112391,0.00115234,-0.869084,-0.00512037,0.0800185,-0.484657,0.0,0.0,1.0
0.111549,0.00312474,-0.869372,-0.0139907,0.07875,-0.487167,0.0,0.0,1.0
0.11316,0.00449844,-0.869994,-0.0206389,0.0779444,-0.486565,0.0,0.0,1.0
0.111088,0.00329661,-0.869333,-0.0149352,0.0774815,-0.48825,0.0,0.0,1.0
0.108823,0.00528464,-0.869297,-0.0236898,0.0766991,-0.489181,0.0,0.0,1.0
0.107798,0.00908333,-0.868517,-0.0408472,0.0757639,-0.489727,0.0,0.0,1.0
0.111069,0.00484219,-0.87335,-0.0218796,0.0776574,-0.491685,0.0,0.0,1.0
0.107955,0.00570859,-0.871903,-0.0249398,0.0780972,-0.491708,0.0,0.0,1.0
0.107564,0.00308021,-0.874663,-0.0134352,0.077963,-0.493046,0.0,0.0,1.0
0.104493,0.00425677,-0.872269,-0.0179537,0.0783519,-0.492435,0.0,0.0,1.0
0.107921,0.00405208,-0.876973,-0.0175463,0.07875,-0.491833,0.0,0.0,1.0
0.104729,-0.00053151,-0.87974,0.00216667,0.0812963,-0.494,0.0,0.0,1.0
0.111835,-0.00279745,-0.878164,0.0123611,0.0800185,-0.498028,0.0,0.0,1.0
0.112048,-0.00455792,-0.878428,0.0196019,0.0823611,-0.497481,0.0,0.0,1.0
0.108519,-0.00498112,-0.880477,0.0209259,0.0816852,-0.497352,0.0,0.0,1.0
0.10749,-0.00556305,-0.883802,0.0231065,0.0818009,-0.498403,0.0,0.0,1.0
0.107649,-0.00556771,-0.884821,0.0232778,0.0813982,-0.497935,0.0,0.0,1.0
0.105361,-0.00570453,-0.883825,0.0235093,0.0808056,-0.497241,0.0,0.0,1.0
0.108102,-0.00585372,-0.887112,0.0242176,0.082588,-0.496727,0.0,0.0,1.0
0.1055,-0.00667615,-0.88675,0.0268426,0.0829352,-0.497667,0.0,0.0,1.0
0.10912,-0.00663331,-0.887183,0.0276667,0.0826667,-0.498,0.0,0.0,1.0
0.108443,-0.00578737,-0.88399,0.0237407,0.0835556,-0.497463,0.0,0.0,1.0
0.10806,-0.00614773,-0.884101,0.0257037,0.0817037,-0.496667,0.0,0.0,1.0
0.1072,-0.00625068,-0.884866,0.0261481,0.0810093,-0.496713,0.0,0.0,1.0
0.1086,-0.0075,-0.886683,0.0319074,0.0806759,-0.498602,0.0,0.0,1.0
0.11224,-0.00920237,-0.891485,0.0404444,0.080713,-0.50225,0.0,0.0,1.0
0.114753,-0.0102865,-0.893706,0.0474815,0.0785648,-0.504398,0.0,0.0,1.0
0.11551,-0.00939526,-0.890072,0.0433981,0.0790278,-0.503037,0.0,0.0,1.0
0.118594,-0.00827974,-0.890969,0.0397963,0.0779722,-0.50238,0.0,0.0,1.0
0.12582,-0.00731354,-0.895184,0.0373426,0.0778981,-0.502093,0.0,0.0,1.0
0.129478,-0.0067651,-0.90215,0.0355972,0.0777731,-0.503051,0.0,0.0,1.0
0.125189,-0.00639557,-0.895522,0.0329352,0.0768333,-0.501361,0.0,0.0,1.0
0.12909,-0.00633958,-0.898762,0.0337593,0.0766296,-0.503722,0.0,0.0,1.0
0.11741,-0.00611869,-0.889155,0.0294583,0.0770602,-0.501384,0.0,0.0,1.0
0.130045,-0.0059263,-0.899045,0.0316852,0.0768704,-0.504389,0.0,0.0,1.0
0.124912,-0.00615154,-0.890657,0.0310972,0.0781065,-0.501236,0.0,0.0,1.0
0.116029,-0.00696905,-0.891508,0.033037,0.0773611,-0.504028,0.0,0.0,1.0
0.115976,-0.00852068,-0.888705,0.0395926,0.0788704,-0.503815,0.0,0.0,1.0
0.114166,-0.0108863,-0.893385,0.0497593,0.0789444,-0.508185,0.0,0.0,1.0
0.112872,-0.0128437,-0.894643,0.0574444,0.0797593,-0.511611,0.0,0.0,1.0
0.110605,-0.0140528,-0.899126,0.0609907,0.080537,-0.515009,0.0,0.0,1.0
0.114943,-0.0143027,-0.896151,0.0649398,0.0800139,-0.513264,0.0,0.0,1.0
0.134841,-0.0138021,-0.911966,0.0732222,0.0803241,-0.52312,0.0,0.0,1.0
0.115042,-0.0144693,-0.89725,0.0661435,0.0795417,-0.514431,0.0,0.0,1.0
0.113725,-0.0141942,-0.896469,0.0637963,0.0799722,-0.514306,0.0,0.0,1.0
0.124833,-0.0145466,-0.907922,0.071412,0.0803657,-0.521199,0.0,0.0,1.0
0.112661,-0.0143588,-0.896385,0.0636481,0.0803241,-0.514731,0.0,0.0,1.0
0.118697,-0.0143858,-0.897769,0.0660093,0.0817685,-0.514352,0.0,0.0,1.0
0.120202,-0.0144642,-0.898301,0.0676806,0.0811898,-0.515745,0.0,0.0,1.0
0.123569,-0.014376,-0.902965,0.0698148,0.0804167,-0.518991,0.0,0.0,1.0
0.121279,-0.0143652,-0.899112,0.0677963,0.081213,-0.516787,0.0,0.0,1.0
0.118237,-0.0141436,-0.899789,0.0654907,0.0806944,-0.516148,0.0,0.0,1.0
0.113573,-0.0144429,-0.894318,0.0634907,0.0816481,-0.512269,0.0,0.0,1.0
0.11325,-0.014131,-0.894557,0.0630741,0.0801944,-0.514232,0.0,0.0,1.0
0.11918,-0.0144,-0.903862,0.0672639,0.0806343,-0.518764,0.0,0.0,1.0
0.12703,-0.0143672,-0.906749,0.0718194,0.0803287,-0.52094,0.0,0.0,1.0
0.123424,-0.0142375,-0.909361,0.0680278,0.0816296,-0.520472,0.0,0.0,1.0
0.11496,-0.0141852,-0.90147,0.0640648,0.0804352,-0.51713,0.0,0.0,1.0
0.111066,-0.0145685,-0.898363,0.0623241,0.0820556,-0.514102,0.0,0.0,1.0
0.114499,-0.0145219,-0.896989,0.065287,0.0804907,-0.514315,0.0,0.0,1.0
0.141189,-0.0149674,-0.923648,0.0830509,0.080412,-0.529486,0.0,0.0,1.0
0.103442,-0.0173242,-0.891797,0.0698657,0.0810694,-0.513468,0.0,0.0,1.0
0.10424,-0.0172747,-0.892235,0.0694861,0.0819028,-0.512792,0.0,0.0,1.0
0.103036,-0.017525,-0.891583,0.069875,0.0816713,-0.51294,0.0,0.0,1.0
0.103875,-0.0170596,-0.894849,0.0691667,0.0809815,-0.515296,0.0,0.0,1.0
0.103376,-0.0177651,-0.890871,0.0719583,0.0806528,-0.512755,0.0,0.0,1.0
0.10046,-0.0170609,-0.895763,0.0672037,0.0806018,-0.516917,0.0,0.0,1.0
0.101547,-0.0177971,-0.893604,0.0710278,0.0804167,-0.515963,0.0,0.0,1.0
0.100015,-0.0177552,-0.894624,0.0701111,0.0800463,-0.517676,0.0,0.0,1.0
0.102417,-0.0175661,-0.89236,0.0710556,0.0800185,-0.515833,0.0,0.0,1.0
0.102048,-0.0181883,-0.89459,0.0732593,0.0800741,-0.517667,0.0,0.0,1.0
0.102256,-0.0178948,-0.893162,0.0731944,0.079,-0.517491,0.0,0.0,1.0
0.0998346,-0.0188018,-0.894418,0.0740185,0.0801481,-0.518611,0.0,0.0,1.0
0.100549,-0.0187599,-0.894945,0.0745926,0.0799259,-0.518481,0.0,0.0,1.0
0.10199,-0.0180201,-0.890219,0.0732685,0.0792685,-0.514759,0.0,0.0,1.0
0.100016,-0.0189312,-0.894083,0.074,0.0808704,-0.516574,0.0,0.0,1.0
0.0998089,-0.0190828,-0.892851,0.0763704,0.0788148,-0.518352,0.0,0.0,1.0
0.100632,-0.0184284,-0.894444,0.0731111,0.0801759,-0.517861,0.0,0.0,1.0
0.0985437,-0.0187885,-0.893945,0.0728241,0.0803611,-0.517222,0.0,0.0,1.0
0.0970346,-0.0187799,-0.89542,0.07175,0.0802685,-0.517259,0.0,0.0,1.0
0.0947653,-0.0179543,-0.892739,0.0662269,0.0811991,-0.514042,0.0,0.0,1.0
0.0877063,-0.0139479,-0.879685,0.0466296,0.0829167,-0.502454,0.0,0.0,1.0
0.0832453,-0.00785938,-0.871313,0.0241204,0.0857037,-0.495231,0.0,0.0,1.0
0.0770044,-0.00255703,-0.867135,0.00719907,0.0864676,-0.494255,0.0,0.0,1.0
0.0741729,-0.0086599,-0.86522,0.0242593,0.0836481,-0.493259,0.0,0.0,1.0
0.0676635,-0.0118297,-0.864044,0.0303889,0.0832685,-0.49462,0.0,0.0,1.0
0.0663357,-0.0081612,-0.863122,0.0201528,0.0848935,-0.493282,0.0,0.0,1.0
0.0661279,-0.00955807,-0.86381,0.0235648,0.08475,-0.492352,0.0,0.0,1.0
0.0684792,-0.0075474,-0.862984,0.0193241,0.0845185,-0.49275,0.0,0.0,1.0
0.0672797,-0.00853073,-0.863363,0.0216111,0.0839352,-0.492917,0.0,0.0,1.0
0.0646943,-0.00954792,-0.860699,0.0233009,0.0837917,-0.492042,0.0,0.0,1.0
0.0401646,-0.041274,-0.863649,0.0678935,0.0771713,-0.492856,0.0,0.0,1.0
0.0642052,-0.00987031,-0.86595,0.0237778,0.0842222,-0.493019,0.0,0.0,1.0
0.0590578,-0.0131594,-0.868417,0.0294815,0.0833148,-0.493667,0.0,0.0,1.0
0.0577013,-0.0106076,-0.868519,0.0232593,0.0831574,-0.492972,0.0,0.0,1.0
0.046776,-0.0287604,-0.867891,0.0536759,0.0792222,-0.492435,0.0,0.0,1.0
0.0532721,-0.0142659,-0.868309,0.0295787,0.0811991,-0.493042,0.0,0.0,1.0
0.0537453,-0.011412,-0.867678,0.0236898,0.0818287,-0.493662,0.0,0.0,1.0
0.0532396,-0.0105464,-0.867297,0.0219722,0.0807593,-0.494269,0.0,0.0,1.0
0.0525398,-0.0112987,-0.866628,0.0231944,0.0809074,-0.494917,0.0,0.0,1.0
0.0543831,-0.0130508,-0.867987,0.0282315,0.0794537,-0.496759,0.0,0.0,1.0
0.0336945,0.0388299,-0.863038,-0.0645139,0.064088,-0.489958,0.0,0.0,1.0
0.0341984,0.0380214,-0.862844,-0.0637315,0.0644815,-0.487935,0.0,0.0,1.0
0.0343539,0.0388331,-0.862239,-0.064287,0.0655833,-0.490111,0.0,0.0,1.0
0.0412214,-0.0321745,-0.862581,0.0635741,0.0659352,-0.493528,0.0,0.0,1.0
0.0517914,-0.0209945,-0.862547,0.046375,0.0741065,-0.497153,0.0,0.0,1.0
0.0621214,-0.0144333,-0.858554,0.0355972,0.0796065,-0.49694,0.0,0.0,1.0
0.068899,-0.011399,-0.855071,0.0301852,0.0822222,-0.494722,0.0,0.0,1.0
0.069862,-0.00910312,-0.852977,0.0240602,0.0835324,-0.495208,0.0,0.0,1.0
0.0688779,-0.0108596,-0.853175,0.0291019,0.0812315,-0.496167,0.0,0.0,1.0
0.0663297,-0.0124474,-0.86034,0.0295139,0.0884028,-0.492505,0.0,0.0,1.0
0.0696427,-0.00540104,-0.855033,0.0134444,0.0884352,-0.494898,0.0,0.0,1.0
0.0721346,0.000646615,-0.853312,-0.00172685,0.0855046,-0.500171,0.0,0.0,1.0
0.0725078,-0.000645312,-0.857747,0.00174537,0.0845787,-0.499588,0.0,0.0,1.0
0.0742352,0.000697135,-0.854308,-0.00185185,0.087963,-0.495926,0.0,0.0,1.0
0.0565042,0.0295615,-0.85765,-0.0668241,0.079,-0.504935,0.0,0.0,1.0
0.0566195,0.0290727,-0.857557,-0.0667361,0.0779583,-0.50394,0.0,0.0,1.0
0.0522667,0.0333969,-0.857819,-0.0738611,0.0747037,-0.503694,0.0,0.0,1.0
0.057294,0.0280648,-0.854997,-0.0671574,0.0756759,-0.500296,0.0,0.0,1.0
0.0727081,-0.0031513,-0.858203,0.00880556,0.08225,-0.494648,0.0,0.0,1.0
0.053938,0.0304172,-0.856126,-0.0672268,0.0771343,-0.498829,0.0,0.0,1.0
0.0518909,0.0334326,-0.854219,-0.0727176,0.0754028,-0.501181,0.0,0.0,1.0
0.0683651,0.0212609,-0.84299,-0.0561852,0.0817593,-0.500907,0.0,0.0,1.0
0.0823,-0.00893854,-0.843967,0.0290463,0.0800556,-0.485046,0.0,0.0,1.0
0.0869201,-0.00219141,-0.838831,0.0075463,0.0796759,-0.487111,0.0,0.0,1.0
0.0841331,-0.0055362,-0.841367,0.0184306,0.0798565,-0.485875,0.0,0.0,1.0
0.0846214,-0.00691198,-0.842939,0.023213,0.0796481,-0.485509,0.0,0.0,1.0
0.0884969,-0.00562083,-0.839596,0.0194861,0.0807083,-0.484551,0.0,0.0,1.0
0.0890844,-0.000359896,-0.835985,0.00125,0.0808982,-0.486037,0.0,0.0,1.0
0.0852352,0.00632786,-0.834522,-0.0208287,0.081838,-0.48969,0.0,0.0,1.0
0.0903125,-0.00192604,-0.833875,0.00692593,0.0793333,-0.48587,0.0,0.0,1.0
0.0876258,0.00013724,-0.832855,-0.000481481,0.0807315,-0.486194,0.0,0.0,1.0
0.0849323,-0.00468906,-0.834047,0.0158148,0.0796204,-0.484991,0.0,0.0,1.0
0.0851427,-0.0056724,-0.833679,0.0194213,0.0785972,-0.48581,0.0,0.0,1.0
0.0833818,-0.00289948,-0.835231,0.00943519,0.0809722,-0.486556,0.0,0.0,1.0
0.0826151,-0.000348958,-0.834516,0.00113889,0.0801759,-0.485352,0.0,0.0,1.0
0.0798232,0.000514844,-0.833683,-0.00160648,0.0808935,-0.486532,0.0,0.0,1.0
0.0818216,-0.000358073,-0.836025,0.00115741,0.0800926,-0.485083,0.0,0.0,1.0
0.0831237,0.000410156,-0.834098,-0.00131481,0.0817963,-0.48563,0.0,0.0,1.0
0.0790539,-0.00883932,-0.839111,0.0276019,0.0800093,-0.487037,0.0,0.0,1.0
0.0820724,-0.00535937,-0.835557,0.0172639,0.0805231,-0.486116,0.0,0.0,1.0
0.0810737,-0.00575391,-0.837725,0.0182731,0.0806528,-0.485264,0.0,0.0,1.0
0.0874953,-0.00160313,-0.835433,0.005375,0.0824491,-0.484782,0.0,0.0,1.0
0.0834385,-0.00758437,-0.835449,0.0243796,0.0820463,-0.485778,0.0,0.0,1.0
0.0843279,-0.0108258,-0.834781,0.036662,0.0786806,-0.485819,0.0,0.0,1.0
0.0856115,-0.00484427,-0.83533,0.0161991,0.0809213,-0.485329,0.0,0.0,1.0
0.0806703,0.000678646,-0.831691,-0.00207407,0.0836852,-0.485926,0.0,0.0,1.0
0.0869003,-0.00031224,-0.834223,0.00102315,0.0835602,-0.485458,0.0,0.0,1.0
0.0867453,-0.00573385,-0.832678,0.019287,0.0815185,-0.484954,0.0,0.0,1.0
0.0855513,-0.00661484,-0.832364,0.0220185,0.0812315,-0.485157,0.0,0.0,1.0
0.0864859,-0.00543698,-0.833236,0.017787,0.0835185,-0.484435,0.0,0.0,1.0
0.0856286,-0.00641146,-0.832175,0.0209491,0.0828194,-0.483764,0.0,0.0,1.0
0.0863331,-0.00718099,-0.83314,0.0240093,0.0815833,-0.483722,0.0,0.0,1.0
0.0876443,-0.00924687,-0.832577,0.0313009,0.0818565,-0.482634,0.0,0.0,1.0
0.091824,-0.00533177,-0.828428,0.0184722,0.0837407,-0.481361,0.0,0.0,1.0
0.094274,-0.00576927,-0.822107,0.0207824,0.0827083,-0.480245,0.0,0.0,1.0
0.100988,-0.00763229,-0.822681,0.0290741,0.0837963,-0.481759,0.0,0.0,1.0
0.097957,-0.00555182,-0.82053,0.0209074,0.082213,-0.479546,0.0,0.0,1.0
0.100602,-0.00596458,-0.822576,0.0230185,0.0824074,-0.479963,0.0,0.0,1.0
0.101043,-0.00522266,-0.822611,0.0200741,0.0830648,-0.480898,0.0,0.0,1.0
0.0999482,-0.00606797,-0.824412,0.0233981,0.0819167,-0.483222,0.0,0.0,1.0
0.0996326,-0.00528464,-0.823492,0.0199722,0.0832963,-0.483139,0.0,0.0,1.0
0.100164,-0.0052763,-0.82367,0.0201574,0.0828796,-0.484352,0.0,0.0,1.0
0.103611,-0.00754609,-0.82671,0.0303889,0.0813056,-0.486194,0.0,0.0,1.0
0.106642,-0.0079151,-0.829788,0.0329352,0.0809815,-0.487398,0.0,0.0,1.0
0.106281,-0.00876172,-0.829989,0.036713,0.0801759,-0.487944,0.0,0.0,1.0
0.107228,-0.00960026,-0.829942,0.0409722,0.0794259,-0.48775,0.0,0.0,1.0
0.105624,-0.0110711,-0.830822,0.047,0.0786111,-0.486574,0.0,0.0,1.0
0.108211,-0.0110115,-0.829451,0.0471991,0.0797917,-0.483551,0.0,0.0,1.0
0.110388,-0.00728047,-0.830024,0.0313194,0.081088,-0.483125,0.0,0.0,1.0
0.111174,-0.00529193,-0.832039,0.0227685,0.0816667,-0.48225,0.0,0.0,1.0
0.112192,-0.00661901,-0.833864,0.0304491,0.0770694,-0.480134,0.0,0.0,1.0
0.11183,-0.00417109,-0.834919,0.0187315,0.0786944,-0.476519,0.0,0.0,1.0
0.109941,0.000238802,-0.834441,-0.00102778,0.0807037,-0.474972,0.0,0.0,1.0
0.109747,0.00184714,-0.833659,-0.00820833,0.0779676,-0.47344,0.0,0.0,1.0
0.112554,0.00337005,-0.833716,-0.0157037,0.0763333,-0.4735,0.0,0.0,1.0
0.111079,0.00579219,-0.83411,-0.0267037,0.0761667,-0.472093,0.0,0.0,1.0
0.111774,0.00908177,-0.835024,-0.0426111,0.0752685,-0.467491,0.0,0.0,1.0
0.111597,0.00880833,-0.836655,-0.0418843,0.0741806,-0.465542,0.0,0.0,1.0
0.109626,0.0093401,-0.833183,-0.0428843,0.0754676,-0.465532,0.0,0.0,1.0
0.107485,0.00889505,-0.831089,-0.0399259,0.0756759,-0.46512,0.0,0.0,1.0
0.109027,0.00934401,-0.835152,-0.0417361,0.0771528,-0.46269,0.0,0.0,1.0
0.108424,0.00724479,-0.835086,-0.0318333,0.0779815,-0.462315,0.0,0.0,1.0
0.110403,0.00660859,-0.835065,-0.0293148,0.0786574,-0.46275,0.0,0.0,1.0
0.110016,0.00646328,-0.83498,-0.0283935,0.0791435,-0.462032,0.0,0.0,1.0
0.110041,0.00510312,-0.834728,-0.0231806,0.0765509,-0.465653,0.0,0.0,1.0
0.10595,0.00769323,-0.833341,-0.0316898,0.0812917,-0.464097,0.0,0.0,1.0
0.104472,0.00135182,-0.827795,-0.00578704,0.077,-0.473361,0.0,0.0,1.0
0.10636,0.00151458,-0.829126,-0.00665741,0.0764167,-0.472407,0.0,0.0,1.0
0.106208,0.000140885,-0.828338,-0.00062037,0.0762037,-0.475935,0.0,0.0,1.0
0.108597,0.000541667,-0.83041,-0.00240741,0.0771481,-0.478056,0.0,0.0,1.0
0.107916,8.41146e-05,-0.82875,-0.00037963,0.0776574,-0.479204,0.0,0.0,1.0
0.105283,0.000821875,-0.823793,-0.00343519,0.0794444,-0.480954,0.0,0.0,1.0
0.118182,-0.000323698,-0.819526,0.00155556,0.0780093,-0.483343,0.0,0.0,1.0
0.130352,0.000123958,-0.800925,-0.000657407,0.0774537,-0.484796,0.0,0.0,1.0
0.128703,-0.000189062,-0.798546,0.00100926,0.0763241,-0.486667,0.0,0.0,1.0
0.13243,0.00129167,-0.796523,-0.00701852,0.0770648,-0.488843,0.0,0.0,1.0
0.133439,-5.26042e-05,-0.794907,0.000296296,0.0747315,-0.491269,0.0,0.0,1.0
0.130362,0.000355469,-0.796935,-0.00190741,0.0769815,-0.491963,0.0,0.0,1.0
0.131931,0.000223958,-0.795623,-0.0012037,0.0778704,-0.494481,0.0,0.0,1.0
0.12063,-0.00174297,-0.806646,0.00850926,0.078037,-0.495954,0.0,0.0,1.0
0.128265,0.000188021,-0.79866,-0.000990741,0.0771667,-0.497417,0.0,0.0,1.0
0.128541,-0.00102734,-0.798265,0.00539815,0.0774907,-0.500019,0.0,0.0,1.0
0.129639,0.00016901,-0.797108,-0.000902778,0.0780694,-0.501884,0.0,0.0,1.0
0.136407,0.00219193,-0.795651,-0.0118056,0.0800463,-0.502019,0.0,0.0,1.0
0.126064,-0.00525599,-0.799195,0.0275278,0.0760833,-0.504963,0.0,0.0,1.0
0.123498,-0.00503568,-0.799483,0.0239722,0.0819907,-0.501111,0.0,0.0,1.0
0.136274,0.000190625,-0.785123,-0.001,0.0806667,-0.501093,0.0,0.0,1.0
0.141086,0.00323438,-0.779258,-0.0176296,0.0818241,-0.505898,0.0,0.0,1.0
0.146617,0.000213802,-0.775695,-0.00123611,0.080162,-0.502329,0.0,0.0,1.0
0.14557,0.000978906,-0.772278,-0.00541667,0.0830833,-0.49963,0.0,0.0,1.0
0.14511,0.00288646,-0.773829,-0.0155741,0.0850278,-0.500787,0.0,0.0,1.0
0.138383,0.00265729,-0.767727,-0.0139907,0.0830926,-0.496694,0.0,0.0,1.0
0.135566,0.00245521,-0.763582,-0.0125602,0.0838102,-0.495894,0.0,0.0,1.0
0.134172,-0.000177083,-0.753109,0.000912037,0.0816528,-0.494292,0.0,0.0,1.0
0.132672,-0.00151563,-0.745302,0.00790278,0.0803843,-0.495792,0.0,0.0,1.0
0.133703,-0.001875,-0.737995,0.00969907,0.0816157,-0.492801,0.0,0.0,1.0
0.141682,-0.00509375,-0.727422,0.02875,0.0793426,-0.49087,0.0,0.0,1.0
0.141932,-0.00582292,-0.723536,0.0331852,0.0787593,-0.490648,0.0,0.0,1.0
0.138253,-0.00609635,-0.718398,0.0340694,0.0781806,-0.489977,0.0,0.0,1.0
0.136427,-0.00567708,-0.718354,0.0311852,0.0785093,-0.49162,0.0,0.0,1.0
0.136771,-0.00642708,-0.718333,0.0358056,0.0775556,-0.491417,0.0,0.0,1.0
0.132966,-0.00663802,-0.714581,0.0364074,0.0766111,-0.493093,0.0,0.0,1.0
0.133935,-0.00603385,-0.714185,0.0334861,0.0762546,-0.495662,0.0,0.0,1.0
0.131596,-0.00592448,-0.711487,0.0324722,0.0758704,-0.498546,0.0,0.0,1.0
0.136773,-0.00567448,-0.708482,0.0327361,0.0749398,-0.499171,0.0,0.0,1.0
0.137734,-0.00314063,-0.702979,0.0185694,0.0735972,-0.503375,0.0,0.0,1.0
0.141005,0.000171875,-0.698781,-0.00101852,0.0750926,-0.510426,0.0,0.0,1.0
0.140299,-0.000184896,-0.69569,0.00115278,0.0716991,-0.511681,0.0,0.0,1.0
0.141026,-0.001125,-0.69562,0.00704167,0.0711806,-0.510912,0.0,0.0,1.0
0.143461,-0.00110156,-0.693362,0.00700926,0.0712778,-0.512935,0.0,0.0,1.0
0.140042,0.000354167,-0.695396,-0.00212963,0.073537,-0.510852,0.0,0.0,1.0
0.136734,-0.000161458,-0.693719,0.000935185,0.074713,-0.514685,0.0,0.0,1.0
0.13844,-0.000393229,-0.692232,0.00224074,0.0765278,-0.516268,0.0,0.0,1.0
0.137286,-0.000390625,-0.692031,0.00222222,0.0755093,-0.518954,0.0,0.0,1.0
0.135354,-0.00146875,-0.690552,0.00839815,0.074713,-0.516778,0.0,0.0,1.0
0.135505,-0.00221875,-0.689745,0.0126111,0.075287,-0.51675,0.0,0.0,1.0
0.133914,-0.00180469,-0.689461,0.00993981,0.0768009,-0.515773,0.0,0.0,1.0
0.132188,-0.00142187,-0.687891,0.00777315,0.0765509,-0.517292,0.0,0.0,1.0
0.131148,-0.000393229,-0.688065,0.00211111,0.07725,-0.517083,0.0,0.0,1.0
0.130396,-0.000432292,-0.686078,0.00230556,0.0773796,-0.517037,0.0,0.0,1.0
0.128789,-0.000856771,-0.681044,0.004625,0.0755231,-0.515884,0.0,0.0,1.0
0.124005,-0.00194792,-0.677036,0.00996759,0.076588,-0.516819,0.0,0.0,1.0
0.122362,-0.00283073,-0.672513,0.0143889,0.0760833,-0.51825,0.0,0.0,1.0
0.120953,-0.000645833,-0.668839,0.00323611,0.0762732,-0.520338,0.0,0.0,1.0
0.121849,-0.000479167,-0.666078,0.00243056,0.0758935,-0.520875,0.0,0.0,1.0
0.123234,0.000942708,-0.662135,-0.00481944,0.076125,-0.522606,0.0,0.0,1.0
0.119706,0.000330729,-0.660643,-0.00162037,0.0774352,-0.520981,0.0,0.0,1.0
0.122214,0.00117188,-0.658302,-0.00585648,0.0774491,-0.522153,0.0,0.0,1.0
0.119781,0.00194792,-0.658958,-0.00945833,0.0779676,-0.519412,0.0,0.0,1.0
0.119573,0.000828125,-0.659578,-0.00412963,0.0759074,-0.522444,0.0,0.0,1.0
0.117224,0.000432292,-0.660052,-0.00206481,0.0775463,-0.521,0.0,0.0,1.0
0.119109,0.00175521,-0.657625,-0.00847222,0.0779722,-0.520148,0.0,0.0,1.0
0.115299,5.46875e-05,-0.658977,-0.000259259,0.0776111,-0.521889,0.0,0.0,1.0
0.116107,0.00132031,-0.655831,-0.00617593,0.0785556,-0.520565,0.0,0.0,1.0
0.116974,0.000369792,-0.657042,-0.00178704,0.0766481,-0.521917,0.0,0.0,1.0
0.116547,0.001,-0.654141,-0.004625,0.079588,-0.519116,0.0,0.0,1.0
0.122013,0.00241927,-0.646737,-0.0116296,0.08025,-0.518898,0.0,0.0,1.0
0.120594,0.00226042,-0.644125,-0.0110556,0.0779074,-0.521407,0.0,0.0,1.0
0.122568,0.00251042,-0.644786,-0.012125,0.0802083,-0.51981,0.0,0.0,1.0
0.122448,0.00123438,-0.644432,-0.00623611,0.0766713,-0.524079,0.0,0.0,1.0
0.123638,0.00179948,-0.644315,-0.00894444,0.0785833,-0.521898,0.0,0.0,1.0
0.121719,0.00224479,-0.643151,-0.0109074,0.0791389,-0.520361,0.0,0.0,1.0
0.120531,0.0015625,-0.643927,-0.0074213,0.0801991,-0.520875,0.0,0.0,1.0
0.121536,0.00181771,-0.643146,-0.00881944,0.0791898,-0.52231,0.0,0.0,1.0
0.120656,0.000911458,-0.640891,-0.00437963,0.0791667,-0.523176,0.0,0.0,1.0
0.121393,0.00170573,-0.64169,-0.00821296,0.0797222,-0.52238,0.0,0.0,1.0
0.119599,0.00168229,-0.643146,-0.00786574,0.080838,-0.521319,0.0,0.0,1.0
0.120289,0.00117448,-0.642221,-0.00552315,0.0808194,-0.521532,0.0,0.0,1.0
0.121273,0.00188281,-0.639924,-0.00890278,0.0810046,-0.521171,0.0,0.0,1.0
0.119294,0.00170052,-0.641997,-0.00797222,0.0803796,-0.521778,0.0,0.0,1.0
0.117945,0.00183594,-0.640721,-0.00840741,0.0814444,-0.521444,0.0,0.0,1.0
0.116583,0.000369792,-0.643766,-0.0017037,0.0803704,-0.523907,0.0,0.0,1.0
0.12126,0.00302083,-0.639469,-0.0140787,0.0822269,-0.519301,0.0,0.0,1.0
0.118492,0.00251823,-0.639997,-0.0114028,0.0827639,-0.520819,0.0,0.0,1.0
0.12432,0.0010599,-0.639357,-0.00514815,0.081,-0.522741,0.0,0.0,1.0
0.123187,0.00205208,-0.637344,-0.0097037,0.0823981,-0.521509,0.0,0.0,1.0
0.119263,0.00276823,-0.636987,-0.0127593,0.0817685,-0.519954,0.0,0.0,1.0
0.119484,0.00306771,-0.636771,-0.0139444,0.0830926,-0.519037,0.0,0.0,1.0
0.119115,0.00269792,-0.641271,-0.0123241,0.0823518,-0.520046,0.0,0.0,1.0
0.122919,0.00359635,-0.638034,-0.016625,0.084088,-0.520106,0.0,0.0,1.0
0.120917,0.00431771,-0.63888,-0.0196574,0.0839352,-0.51937,0.0,0.0,1.0
0.122333,0.00474479,-0.636224,-0.0214907,0.0853333,-0.519176,0.0,0.0,1.0
0.123393,0.00503385,-0.633096,-0.0234861,0.0835972,-0.520977,0.0,0.0,1.0
0.123839,0.00440104,-0.636156,-0.0205185,0.0840093,-0.521824,0.0,0.0,1.0
0.123018,0.00430469,-0.636648,-0.0198519,0.0843333,-0.522037,0.0,0.0,1.0
0.123453,0.00464583,-0.635609,-0.0213426,0.0849259,-0.520676,0.0,0.0,1.0
0.122773,0.0038151,-0.636565,-0.0174444,0.0848704,-0.524019,0.0,0.0,1.0
0.122031,0.00444271,-0.635807,-0.0205833,0.0832315,-0.521944,0.0,0.0,1.0
0.122581,0.00521094,-0.634711,-0.0242407,0.0832778,-0.52037,0.0,0.0,1.0
0.12194,0.00452344,-0.634648,-0.0205278,0.0849352,-0.521111,0.0,0.0,1.0
0.121693,0.00409896,-0.636187,-0.0182685,0.086287,-0.5215,0.0,0.0,1.0
0.121638,0.00395052,-0.635159,-0.0175139,0.0867269,-0.522782,0.0,0.0,1.0
0.122885,0.00427083,-0.635063,-0.0193796,0.0855648,-0.521963,0.0,0.0,1.0
0.12187,0.00401562,-0.63501,-0.0178981,0.0863796,-0.523278,0.0,0.0,1.0
0.121589,0.00363021,-0.634656,-0.0158009,0.0882176,-0.522931,0.0,0.0,1.0
0.121385,0.00327083,-0.635188,-0.0137083,0.0914583,-0.52131,0.0,0.0,1.0
0.120966,0.00367969,-0.63557,-0.0157917,0.0890787,-0.521134,0.0,0.0,1.0
0.12069,0.00495573,-0.635669,-0.0211759,0.0892037,-0.519176,0.0,0.0,1.0
0.121924,0.00583594,-0.633924,-0.0250185,0.0898611,-0.518065,0.0,0.0,1.0
0.122354,0.00630729,-0.633391,-0.0269167,0.0906296,-0.518194,0.0,0.0,1.0
0.122698,0.00582812,-0.633859,-0.0243333,0.0928519,-0.518093,0.0,0.0,1.0
0.12282,0.0061276,-0.633086,-0.0261343,0.0909768,-0.519644,0.0,0.0,1.0
0.122839,0.00477083,-0.634557,-0.0196667,0.0941574,-0.520324,0.0,0.0,1.0
0.12401,0.00546875,-0.634927,-0.0239074,0.0896204,-0.521843,0.0,0.0,1.0
0.122307,0.00434375,-0.636495,-0.0176667,0.0950185,-0.520926,0.0,0.0,1.0
0.122635,0.00572396,-0.633828,-0.0245,0.0905556,-0.520352,0.0,0.0,1.0
0.123513,0.00572656,-0.634117,-0.0244352,0.0914907,-0.518722,0.0,0.0,1.0
0.121312,0.00750521,-0.635891,-0.0309306,0.0930139,-0.512931,0.0,0.0,1.0
0.123568,0.0064375,-0.633755,-0.0273889,0.0918056,-0.517898,0.0,0.0,1.0
0.118724,0.006,-0.633714,-0.0236667,0.0951481,-0.515556,0.0,0.0,1.0
0.12349,0.00755208,-0.633042,-0.0316759,0.0930926,-0.515435,0.0,0.0,1.0
0.122453,0.00648958,-0.632766,-0.0274167,0.0915926,-0.518491,0.0,0.0,1.0
0.121807,0.00682292,-0.633547,-0.0276019,0.0951667,-0.514713,0.0,0.0,1.0
0.125044,0.00646094,-0.631586,-0.0269028,0.0948843,-0.517181,0.0,0.0,1.0
0.123211,0.00517969,-0.631513,-0.0211019,0.0955926,-0.520213,0.0,0.0,1.0
0.121393,0.00523698,-0.630518,-0.0203426,0.098787,-0.517259,0.0,0.0,1.0
0.124115,0.00368229,-0.632234,-0.014537,0.0993333,-0.52087,0.0,0.0,1.0
0.126273,0.00407552,-0.634872,-0.0170185,0.0955741,-0.520556,0.0,0.0,1.0
0.125893,-1.30208e-05,-0.636992,4.62963e-05,0.0989907,-0.530463,0.0,0.0,1.0
0.121589,0.000375,-0.632776,-0.00143519,0.100685,-0.526194,0.0,0.0,1.0
0.125026,-0.00145833,-0.635089,0.00583333,0.0987037,-0.537074,0.0,0.0,1.0
0.127911,-0.000166667,-0.631161,0.000666667,0.100722,-0.532148,0.0,0.0,1.0
0.116177,-0.00179688,-0.630797,0.00650463,0.10144,-0.532301,0.0,0.0,1.0
0.129224,0.00205729,-0.628573,-0.00853704,0.0984537,-0.527731,0.0,0.0,1.0
0.12487,0.00273958,-0.630714,-0.0110556,0.0977963,-0.527907,0.0,0.0,1.0
0.128922,0.003625,-0.626766,-0.0152315,0.097037,-0.525139,0.0,0.0,1.0
0.127547,-0.00021875,-0.630859,0.000884259,0.10019,-0.529671,0.0,0.0,1.0
0.115375,-0.0103854,-0.640698,0.0378102,0.100144,-0.537542,0.0,0.0,1.0
0.126956,-0.0093099,-0.621414,0.0369167,0.101204,-0.534843,0.0,0.0,1.0
0.137823,-0.00466146,-0.621536,0.0208981,0.0971296,-0.539843,0.0,0.0,1.0
0.138302,-0.00665625,-0.623792,0.0289769,0.100431,-0.539116,0.0,0.0,1.0
0.13337,-0.00146354,-0.625573,0.00640741,0.0962222,-0.541556,0.0,0.0,1.0
0.127859,0.0133542,-0.62587,-0.0553148,0.0975556,-0.531907,0.0,0.0,1.0
0.12375,0.016276,-0.625464,-0.0640926,0.0993241,-0.530268,0.0,0.0,1.0
0.122831,0.0161901,-0.627961,-0.0626435,0.100329,-0.530236,0.0,0.0,1.0
0.124281,0.0155625,-0.627813,-0.0602685,0.101454,-0.531704,0.0,0.0,1.0
0.123016,0.0162083,-0.625776,-0.0624074,0.100954,-0.531269,0.0,0.0,1.0
0.121333,0.0161719,-0.624193,-0.0606852,0.102167,-0.530759,0.0,0.0,1.0
0.121104,0.0159375,-0.623292,-0.059912,0.10181,-0.531005,0.0,0.0,1.0
0.121708,0.0164271,-0.624146,-0.0631574,0.100046,-0.529815,0.0,0.0,1.0
0.121096,0.0149766,-0.623091,-0.0562917,0.101819,-0.534421,0.0,0.0,1.0
0.120102,0.0164453,-0.621779,-0.0616157,0.10131,-0.53256,0.0,0.0,1.0
0.115096,0.0164453,-0.624055,-0.0583241,0.102565,-0.530167,0.0,0.0,1.0
0.112893,0.0173932,-0.626086,-0.0618056,0.100417,-0.529389,0.0,0.0,1.0
0.114174,0.0182891,-0.625867,-0.0680185,0.0970185,-0.529426,0.0,0.0,1.0
0.113891,0.0185729,-0.62538,-0.068625,0.097412,-0.529218,0.0,0.0,1.0
0.114435,0.0182891,-0.624815,-0.0675185,0.0979722,-0.529824,0.0,0.0,1.0
0.111206,0.0187786,-0.624919,-0.0681204,0.0968889,-0.528657,0.0,0.0,1.0
0.112552,0.0196302,-0.622807,-0.0720509,0.0969213,-0.530616,0.0,0.0,1.0
0.112661,0.0189115,-0.623667,-0.0703981,0.0956481,-0.530509,0.0,0.0,1.0
0.113328,0.019625,-0.624339,-0.073375,0.0958009,-0.530218,0.0,0.0,1.0
0.113057,0.0196406,-0.624542,-0.0736111,0.0953148,-0.530148,0.0,0.0,1.0
0.113966,0.0191849,-0.624331,-0.0733333,0.0942222,-0.530815,0.0,0.0,1.0
0.11443,0.0192057,-0.623529,-0.0736852,0.0942778,-0.531389,0.0,0.0,1.0
0.113823,0.019401,-0.623026,-0.0736574,0.0947593,-0.53162,0.0,0.0,1.0
0.114883,0.0188984,-0.623586,-0.0733611,0.093537,-0.531269,0.0,0.0,1.0
0.114719,0.0191406,-0.623661,-0.0737593,0.0940926,-0.530963,0.0,0.0,1.0
0.116141,0.0188906,-0.62275,-0.0738472,0.093912,-0.531514,0.0,0.0,1.0
0.116531,0.0186771,-0.624198,-0.0739907,0.092963,-0.529898,0.0,0.0,1.0
0.115271,0.0192292,-0.623365,-0.0757824,0.0924491,-0.531023,0.0,0.0,1.0
0.116,0.018776,-0.623182,-0.0741065,0.0928935,-0.530875,0.0,0.0,1.0
0.114766,0.0189375,-0.622766,-0.0742593,0.0924907,-0.530917,0.0,0.0,1.0
0.114294,0.0187266,-0.622742,-0.0735926,0.0919074,-0.530741,0.0,0.0,1.0
0.113365,0.0192552,-0.622016,-0.0743472,0.0927824,-0.530542,0.0,0.0,1.0
0.113904,0.0187526,-0.623081,-0.0746759,0.0903981,-0.531407,0.0,0.0,1.0
0.120185,0.0191641,-0.62444,-0.0792963,0.0918056,-0.528824,0.0,0.0,1.0
0.11474,0.0193125,-0.622396,-0.0761389,0.0919815,-0.530268,0.0,0.0,1.0
0.114935,0.0191172,-0.622107,-0.0759213,0.0914676,-0.530282,0.0,0.0,1.0
0.113729,0.019349,-0.622651,-0.0759074,0.0916296,-0.529889,0.0,0.0,1.0
0.111779,0.0195547,-0.625414,-0.075412,0.0915972,-0.527986,0.0,0.0,1.0
0.114198,0.019599,-0.623828,-0.077,0.0918704,-0.52863,0.0,0.0,1.0
0.11163,0.0195312,-0.625036,-0.0751389,0.0917222,-0.527972,0.0,0.0,1.0
0.113474,0.0200781,-0.62175,-0.0789259,0.0912315,-0.530324,0.0,0.0,1.0
0.113708,0.0202448,-0.621214,-0.0801944,0.0907037,-0.531102,0.0,0.0,1.0
0.115245,0.0198698,-0.621906,-0.0800139,0.0904583,-0.530366,0.0,0.0,1.0
0.114339,0.0198698,-0.622146,-0.0791667,0.090713,-0.52988,0.0,0.0,1.0
0.113526,0.019724,-0.622406,-0.0776667,0.0911019,-0.529009,0.0,0.0,1.0
0.113523,0.0198255,-0.62168,-0.078713,0.0903611,-0.529944,0.0,0.0,1.0
0.113974,0.0201406,-0.622125,-0.0793518,0.0914259,-0.528926,0.0,0.0,1.0
0.113297,0.0197083,-0.621318,-0.0786296,0.08975,-0.529917,0.0,0.0,1.0
0.11357,0.0198464,-0.621195,-0.0785648,0.0906759,-0.529537,0.0,0.0,1.0
0.114333,0.02,-0.62175,-0.0793611,0.0910556,-0.528361,0.0,0.0,1.0
0.113404,0.019513,-0.620878,-0.077375,0.0903843,-0.52944,0.0,0.0,1.0
0.112995,0.0205156,-0.62101,-0.0813426,0.0900556,-0.529954,0.0,0.0,1.0
0.113208,0.0201302,-0.622068,-0.0801898,0.0898194,-0.528403,0.0,0.0,1.0
0.113089,0.0201042,-0.620661,-0.0801667,0.0896204,-0.529917,0.0,0.0,1.0
0.113362,0.0208776,-0.619753,-0.0827083,0.0904398,-0.530412,0.0,0.0,1.0
0.11475,0.0201979,-0.619417,-0.08125,0.0901574,-0.52987,0.0,0.0,1.0
0.112,0.0201667,-0.62,-0.0790741,0.0902685,-0.529583,0.0,0.0,1.0
0.11544,0.0203568,-0.620935,-0.0815185,0.0911111,-0.528907,0.0,0.0,1.0
0.113794,0.0200443,-0.620997,-0.0802593,0.0898148,-0.529778,0.0,0.0,1.0
0.11224,0.0204323,-0.620391,-0.0801991,0.0903843,-0.529542,0.0,0.0,1.0
0.112794,0.0200339,-0.620523,-0.0793796,0.0899722,-0.529667,0.0,0.0,1.0
0.112492,0.0201641,-0.620008,-0.0800509,0.0895509,-0.530005,0.0,0.0,1.0
0.114688,0.0200052,-0.621943,-0.0800509,0.0905972,-0.528051,0.0,0.0,1.0
0.113273,0.0199349,-0.619852,-0.0799583,0.0892546,-0.529727,0.0,0.0,1.0
0.110953,0.0204115,-0.621417,-0.0786528,0.0910139,-0.528032,0.0,0.0,1.0
0.112854,0.0200938,-0.619781,-0.0797315,0.0898889,-0.529583,0.0,0.0,1.0
0.111938,0.0207396,-0.619833,-0.0806018,0.091037,-0.528769,0.0,0.0,1.0
0.112401,0.0201042,-0.620266,-0.079537,0.089787,-0.529269,0.0,0.0,1.0
0.112958,0.0205417,-0.620125,-0.0808056,0.09075,-0.528481,0.0,0.0,1.0
0.112602,0.0207526,-0.619685,-0.0804074,0.0918333,-0.527704,0.0,0.0,1.0
0.112727,0.0206641,-0.619872,-0.0812778,0.0905741,-0.528537,0.0,0.0,1.0
0.111135,0.0211302,-0.618703,-0.0816204,0.0909259,-0.52875,0.0,0.0,1.0
0.112279,0.0204349,-0.619997,-0.0799213,0.0907454,-0.527708,0.0,0.0,1.0
0.112198,0.0205052,-0.618974,-0.0805741,0.0902407,-0.52863,0.0,0.0,1.0
0.112448,0.0209479,-0.618583,-0.0812269,0.0916528,-0.527792,0.0,0.0,1.0
0.110375,0.0211354,-0.61601,-0.0801852,0.091963,-0.528407,0.0,0.0,1.0
0.112331,0.020737,-0.618508,-0.0808796,0.0910278,-0.527796,0.0,0.0,1.0
0.112404,0.0200339,-0.619154,-0.0789444,0.0901482,-0.528444,0.0,0.0,1.0
0.113365,0.0211094,-0.617734,-0.0834213,0.090662,-0.528764,0.0,0.0,1.0
0.113833,0.0200208,-0.618219,-0.0803241,0.0896574,-0.529019,0.0,0.0,1.0
0.115799,0.015237,-0.622242,-0.0620556,0.0898704,-0.524593,0.0,0.0,1.0
0.120203,0.0122969,-0.621219,-0.0514213,0.0908472,-0.523245,0.0,0.0,1.0
0.123003,0.0112057,-0.620909,-0.0482593,0.0902685,-0.52388,0.0,0.0,1.0
0.121104,0.0100052,-0.619047,-0.0424954,0.0900972,-0.524486,0.0,0.0,1.0
0.122383,0.0101432,-0.619169,-0.0433333,0.0905278,-0.523583,0.0,0.0,1.0
0.120646,0.00975,-0.618396,-0.0407593,0.0912407,-0.523333,0.0,0.0,1.0
0.120026,0.0103073,-0.61724,-0.0429167,0.0910833,-0.523722,0.0,0.0,1.0
0.119534,0.00995573,-0.617128,-0.0411157,0.0914954,-0.522903,0.0,0.0,1.0
0.119612,0.0100182,-0.615836,-0.041625,0.0909861,-0.523838,0.0,0.0,1.0
0.120492,0.00965885,-0.616435,-0.0405926,0.0906111,-0.5235,0.0,0.0,1.0
0.116594,0.0101562,-0.613375,-0.0412315,0.09075,-0.523648,0.0,0.0,1.0
0.116604,0.00978125,-0.61174,-0.0398009,0.0905694,-0.523162,0.0,0.0,1.0
0.116706,0.00935156,-0.611362,-0.0384444,0.0897407,-0.523426,0.0,0.0,1.0
0.115112,0.00802865,-0.608956,-0.0324722,0.0899444,-0.524509,0.0,0.0,1.0
0.118289,0.00511719,-0.608633,-0.021875,0.0874491,-0.525134,0.0,0.0,1.0
0.122641,0.0006875,-0.605766,-0.00305556,0.0868981,-0.526639,0.0,0.0,1.0
0.127919,-0.000268229,-0.600857,0.00125,0.0861204,-0.527704,0.0,0.0,1.0
0.124271,3.64583e-05,-0.594359,-0.000157407,0.0852222,-0.529639,0.0,0.0,1.0
0.126094,-0.00473958,-0.597375,0.022287,0.0847685,-0.529315,0.0,0.0,1.0
0.131964,-0.00547917,-0.591328,0.0272407,0.0839352,-0.529935,0.0,0.0,1.0
0.130625,-0.00618229,-0.593036,0.030162,0.0846157,-0.530245,0.0,0.0,1.0
0.129089,7.29167e-05,-0.591526,-0.000365741,0.0825417,-0.530569,0.0,0.0,1.0
0.124674,-0.00714844,-0.588638,0.0336019,0.0838333,-0.530657,0.0,0.0,1.0
0.124951,-0.0056276,-0.589299,0.0261481,0.085,-0.53013,0.0,0.0,1.0
0.121302,-0.00605729,-0.59137,0.027037,0.0859074,-0.529389,0.0,0.0,1.0
0.110758,-0.0104245,-0.580648,0.0408935,0.0892546,-0.526329,0.0,0.0,1.0
0.10926,-0.00744792,-0.57776,0.0290278,0.0885926,-0.524769,0.0,0.0,1.0
0.1145,-0.000291667,-0.573531,0.00126389,0.084588,-0.52681,0.0,0.0,1.0
0.109607,0.0068724,-0.571997,-0.027713,0.0858981,-0.528852,0.0,0.0,1.0
0.107724,0.00684375,-0.570464,-0.0272593,0.0854722,-0.52775,0.0,0.0,1.0
0.107906,0.00708854,-0.570203,-0.0283009,0.0854491,-0.526829,0.0,0.0,1.0
0.107167,0.00142708,-0.566052,-0.00564352,0.0856898,-0.52131,0.0,0.0,1.0
0.107474,0.000244792,-0.562458,-0.000981482,0.0836759,-0.520509,0.0,0.0,1.0
0.113607,-0.000658854,-0.555211,0.00282407,0.0838889,-0.520102,0.0,0.0,1.0
0.1225,0.0004375,-0.543125,-0.00200926,0.0844815,-0.519824,0.0,0.0,1.0
0.118677,0.00593229,-0.54187,-0.0260185,0.0854907,-0.530083,0.0,0.0,1.0
0.11613,0.00429167,-0.538026,-0.0186944,0.08425,-0.532815,0.0,0.0,1.0
0.114581,-8.59375e-05,-0.537393,0.000361111,0.085037,-0.531269,0.0,0.0,1.0
0.112591,-0.00115365,-0.535461,0.00491667,0.0835926,-0.530546,0.0,0.0,1.0
0.111323,-4.6875e-05,-0.531109,0.000194444,0.0842222,-0.531324,0.0,0.0,1.0
0.108052,0.00223438,-0.527964,-0.00906019,0.0843009,-0.530903,0.0,0.0,1.0
0.10687,0.000583333,-0.528568,-0.00233796,0.0841343,-0.534856,0.0,0.0,1.0
0.104687,0.00117708,-0.524302,-0.004625,0.0842176,-0.534338,0.0,0.0,1.0
0.103443,-0.000114583,-0.523172,0.000449074,0.0835787,-0.535319,0.0,0.0,1.0
0.102167,0.00116667,-0.521625,-0.00443981,0.084875,-0.535005,0.0,0.0,1.0
0.101427,0.00161458,-0.520427,-0.00613426,0.0844306,-0.534671,0.0,0.0,1.0
0.101297,0.00354167,-0.516818,-0.0133241,0.0850741,-0.535194,0.0,0.0,1.0
0.0985313,0.00545313,-0.515516,-0.0196574,0.0863518,-0.534972,0.0,0.0,1.0
0.0998021,0.00584375,-0.514844,-0.0213796,0.0861852,-0.534028,0.0,0.0,1.0
0.0967604,0.00622396,-0.514057,-0.0225972,0.0842454,-0.532699,0.0,0.0,1.0
0.0940885,0.00743229,-0.511781,-0.0263241,0.0839259,-0.528398,0.0,0.0,1.0
0.0949036,0.000174479,-0.509367,-0.000643519,0.0810324,-0.517468,0.0,0.0,1.0
0.0918464,0.000263021,-0.504232,-0.000925926,0.0831389,-0.514139,0.0,0.0,1.0
0.0864583,0.00610938,-0.498474,-0.0196204,0.0850463,-0.506722,0.0,0.0,1.0
0.0875208,0.000296875,-0.495464,-0.000907407,0.0900833,-0.50312,0.0,0.0,1.0
0.0800964,0.000143229,-0.48569,-0.000407407,0.0911111,-0.497889,0.0,0.0,1.0
0.0766849,0.000596354,-0.472503,-0.00162963,0.0886944,-0.481083,0.0,0.0,1.0
0.078526,-0.00558854,-0.463979,0.016537,0.0838519,-0.479407,0.0,0.0,1.0
0.0770365,-0.00720312,-0.45276,0.0226944,0.0772593,-0.47362,0.0,0.0,1.0
0.0733932,-0.00557552,-0.443669,0.0175648,0.0736389,-0.474444,0.0,0.0,1.0
0.0617188,-5.55112e-17,-0.439323,0.0,0.0842593,-0.475926,0.0,0.0,1.0
0.0583333,-5.55112e-17,-0.430729,0.0,0.0824074,-0.474074,0.0,0.0,1.0
0.0958333,-5.55112e-17,-0.392708,0.0,0.0865741,-0.468056,0.0,0.0,1.0
0.0971354,-5.55112e-17,-0.379115,0.0,0.0844444,-0.467222,0.0,0.0,1.0
0.0984375,-2.77556e-17,-0.365521,0.0,0.0823148,-0.466389,0.0,0.0,1.0
0.0997396,-8.32667e-17,-0.351927,0.0,0.0801852,-0.465556,0.0,0.0,1.0
0.101042,-2.77556e-17,-0.338333,0.0,0.0780556,-0.464722,0.0,0.0,1.0
0.102344,-5.55112e-17,-0.32474,0.0,0.0759259,-0.463889,0.0,0.0,1.0
0.0958333,-2.77556e-17,-0.312417,0.0,0.0743056,-0.468287,0.0,0.0,1.0
0.0893229,-8.32667e-17,-0.312167,0.0,0.0726852,-0.464907,0.0,0.0,1.0
0.0828125,-2.77556e-17,-0.281979,0.0,0.0710648,-0.475417,0.0,0.0,1.0
0.0763021,-2.77556e-17,-0.251792,0.0,0.0694444,-0.485926,0.0,0.0,1.0
0.0697917,-2.77556e-17,-0.221594,0.0,0.0678241,-0.496435,0.0,0.0,1.0
0.0632813,-2.77556e-17,-0.191406,-1.38778e-17,0.0662037,-0.506944,0.0,0.0,1.0
0.0671875,-2.77556e-17,-0.188542,-1.38778e-17,0.0680556,-0.506944,0.0,0.0,1.0
0.0710938,-1.38778e-17,-0.185677,1.38778e-17,0.0699074,-0.506019,0.0,0.0,1.0
0.0769193,-0.00179427,-0.174654,0.007625,0.0572083,-0.509718,0.0,0.0,1.0
0.0792995,-0.00199219,-0.176237,0.00850926,0.0586204,-0.511037,0.0,0.0,1.0
0.0824844,-0.00246875,-0.172057,0.0111111,0.0579352,-0.510528,0.0,0.0,1.0
0.0808828,-0.00227865,-0.17632,0.00965741,0.060287,-0.511722,0.0,0.0,1.0
0.0821458,-0.00258333,-0.176094,0.0112778,0.0594444,-0.512315,0.0,0.0,1.0
0.088,-0.00532812,-0.171411,0.0246481,0.0601667,-0.511426,0.0,0.0,1.0
0.0903177,-0.007125,-0.16813,0.0340926,0.0596481,-0.508185,0.0,0.0,1.0
0.0899844,-0.00704688,-0.167333,0.0323426,0.0619722,-0.50763,0.0,0.0,1.0
0.0915521,-0.00730729,-0.169172,0.0348102,0.0607454,-0.508125,0.0,0.0,1.0
0.0947812,-0.00725,-0.165625,0.0350833,0.0619167,-0.505352,0.0,0.0,1.0
0.0982656,-0.0111406,-0.158469,0.0577315,0.0599352,-0.496093,0.0,0.0,1.0
0.0978698,-0.00935417,-0.157391,0.0472824,0.0612083,-0.49869,0.0,0.0,1.0
0.101094,-0.0105625,-0.157448,0.0558889,0.0603704,-0.499111,0.0,0.0,1.0
0.101198,-0.00851042,-0.150354,0.0421157,0.0646435,-0.500375,0.0,0.0,1.0
0.100138,-0.0069401,-0.147357,0.033463,0.0656296,-0.50237,0.0,0.0,1.0
0.0998932,-0.00776823,-0.147706,0.036,0.0681482,-0.506519,0.0,0.0,1.0
0.0999453,-0.00811198,-0.146513,0.0362454,0.0706991,-0.504949,0.0,0.0,1.0
0.0980495,-0.00851302,-0.145471,0.0369259,0.0714352,-0.505287,0.0,0.0,1.0
0.100443,-0.00904687,-0.148375,0.0403148,0.0712315,-0.50925,0.0,0.0,1.0
0.100938,-0.00907292,-0.145385,0.0399722,0.0724167,-0.5075,0.0,0.0,1.0
0.10238,-0.00784896,-0.142031,0.034037,0.0746204,-0.506824,0.0,0.0,1.0
0.104383,-0.00826823,-0.13856,0.0369352,0.0738426,-0.507074,0.0,0.0,1.0
0.112943,-0.00809375,-0.13313,0.0403148,0.0716759,-0.506991,0.0,0.0,1.0
0.11376,-0.00640625,-0.127687,0.0291065,0.079125,-0.505153,0.0,0.0,1.0
0.114122,-0.00586719,-0.126815,0.0267269,0.0791898,-0.50481,0.0,0.0,1.0
0.110826,-0.0056849,-0.124336,0.0248148,0.0802685,-0.505398,0.0,0.0,1.0
0.111701,-0.00527865,-0.123096,0.0231481,0.0805,-0.506037,0.0,0.0,1.0
0.111755,-0.00482292,-0.123005,0.0204676,0.0831991,-0.506995,0.0,0.0,1.0
0.119219,-0.00477604,-0.11413,0.0218287,0.0824583,-0.506579,0.0,0.0,1.0
0.11624,-0.00559896,-0.111755,0.0248194,0.0828565,-0.506181,0.0,0.0,1.0
0.110229,-0.0155469,-0.103526,0.0669259,0.0809259,-0.50237,0.0,0.0,1.0
0.116755,-0.0144896,-0.103453,0.0591157,0.0904306,-0.496856,0.0,0.0,1.0
