959.0,319.66625,720.70625,370.42625,696.37625,251.28125,944.76125,200.53625
959.0,327.165,713.615,357.33,699.89,243.255,950.705,213.09
956.79,345.225,700.11,334.935,704.55,224.115,959.0,234.405
942.80625,363.785,697.90125,304.01,724.13625,196.535,959.0,256.31
948.7825,358.38875,696.6475,306.87875,717.1075,206.70875,959.0,258.23375
938.0525,370.03375,700.7075,298.57375,732.4775,193.06375,959.0,264.53875
938.44375,374.795,710.12875,300.035,746.84875,187.925,959.0,262.685
929.94,380.4775,711.9,298.5325,756.42,180.0925,959.0,262.0375
929.575,386.535,717.565,295.905,767.305,179.565,959.0,270.195
926.4825,386.3425,715.7625,296.8375,767.4075,175.2475,959.0,264.7525
931.05625,379.89375,717.38125,302.43375,761.15125,181.68375,959.0,259.15875
922.11375,386.8425,721.86375,293.7375,778.32375,172.2675,959.0,265.3725
926.09,386.8775,722.72,293.2025,777.17,174.9725,959.0,268.6475
916.47,389.5,727.14,293.425,791.91,165.76,959.0,261.835
951.74625,367.4675,731.09625,329.3825,753.89625,197.3225,959.0,235.4075
959.0,357.1875,740.595,355.5075,741.645,215.4225,959.0,217.1025
959.0,356.1,745.6625,354.075,746.9375,215.46,959.0,217.485
959.0,318.11375,791.945,388.97375,741.275,251.78375,933.095,180.93875
959.0,344.985,756.0475,363.12,744.9175,224.235,959.0,206.1
959.0,321.395,767.12875,377.945,735.92875,241.325,959.0,184.775
959.0,302.4575,780.7825,386.2775,736.4125,249.3725,959.0,165.5525
959.0,268.535,812.835,395.525,740.925,265.445,959.0,138.455
959.0,255.7025,828.3725,398.1275,742.6475,270.0875,955.3775,127.6625
959.0,289.7225,800.645,382.0475,749.255,249.4475,959.0,157.1225
959.0,287.1075,803.8125,376.5225,754.2525,248.0025,959.0,158.5875
959.0,282.25,796.96625,375.1,750.90125,247.75,959.0,154.9
959.0,288.055,803.865,370.165,758.835,243.985,959.0,161.875
959.0,269.76375,797.6175,372.40875,752.8575,246.34875,959.0,143.68875
959.0,285.635,813.66125,367.775,767.04125,243.605,959.0,161.465
959.0,277.33875,813.02125,371.92875,763.88125,246.87375,959.0,152.26875
959.0,284.055,818.865,371.265,769.605,244.305,959.0,157.095
959.0,292.08375,828.89,383.56875,771.5,247.12875,959.0,155.62875
959.0,293.5775,841.53125,382.0025,781.45625,246.3725,959.0,157.9475
959.0,301.8875,835.4775,375.2375,785.4225,238.0025,959.0,164.6525
959.0,309.48625,830.115,369.57625,789.855,230.12125,959.0,170.04625
959.0,306.9875,837.9775,368.2175,793.2925,233.4425,959.0,172.2125
959.0,309.91,822.74,354.73,793.13,221.65,959.0,176.83
959.0,307.02,839.9425,358.62,801.1075,227.04,959.0,175.44
959.0,314.63125,834.44,354.38125,804.095,219.15625,959.0,179.42125
959.0,325.72,828.6825,339.25,817.6275,202.06,959.0,188.53
959.0,312.7975,836.6525,347.8225,811.3775,215.4325,959.0,180.4075
959.0,319.87125,841.8975,343.64625,822.7725,209.45625,959.0,185.69625
959.0,314.3275,843.43,345.7825,820.675,211.8025,959.0,180.3475
959.0,298.86,870.63875,357.6,822.35375,229.74,959.0,171.0
959.0,295.1375,870.79,359.4425,820.3,231.0125,959.0,166.7075
959.0,295.6,871.2525,357.28,823.6125,227.92,959.0,166.24
959.0,317.35375,867.765,344.48875,840.57,206.99875,959.0,179.84875
959.0,320.165,867.34875,343.745,843.36375,204.215,959.0,180.635
959.0,321.27,870.53875,341.355,850.52875,199.47,959.0,179.385
959.0,329.7175,871.8225,337.2175,862.3425,190.6525,959.0,183.1525
959.0,331.58375,871.5425,337.79375,863.6825,187.67375,959.0,181.47875
959.0,328.79125,869.27,322.61125,876.74,180.21625,959.0,186.41125
959.0,315.025,873.6625,314.005,874.7725,185.455,959.0,186.475
959.0,312.645,874.005,312.615,874.035,185.715,959.0,185.745
959.0,315.275,873.7775,304.55,887.3675,176.705,959.0,187.43
959.0,311.62125,877.5225,310.82625,878.5425,182.72625,959.0,183.53625
959.0,313.08375,870.28125,300.85875,885.44625,171.34875,959.0,183.55875
959.0,313.815,870.66,298.62,889.8,169.545,959.0,184.74
959.0,312.6075,879.0875,307.2075,886.4075,174.9225,959.0,180.3225
959.0,284.53625,909.995,329.25125,861.065,212.37125,959.0,167.67125
959.0,314.01125,886.15375,312.87125,887.87875,177.15125,959.0,178.27625
959.0,312.31,891.3975,315.1,887.1225,181.51,959.0,178.72
959.0,313.455,891.64875,320.445,882.10875,183.345,959.0,176.355
959.0,313.1175,898.6,324.6375,881.455,187.7925,959.0,176.2725
959.0,246.38625,940.99125,336.74625,858.70125,244.07625,959.0,153.70125
959.0,316.50625,898.6875,326.51125,883.2225,187.41625,959.0,177.39625
959.0,250.215,943.03625,335.715,860.68625,247.185,952.60625,161.685
959.0,323.61125,896.68125,324.69125,894.71625,180.91625,959.0,179.85125
959.0,319.1975,897.7325,322.3025,892.4525,184.7525,959.0,181.6475
959.0,320.45875,894.66125,319.15375,896.94125,181.27375,959.0,182.56375
959.0,324.08875,893.41375,321.98875,897.11875,181.18375,959.0,183.26875
959.0,325.16375,898.9525,327.96875,893.8375,181.56875,959.0,178.74875
959.0,319.5875,901.9325,326.2925,890.5325,186.1625,959.0,179.4575
959.0,329.49375,899.98375,332.97375,893.48875,183.90375,959.0,180.43875
959.0,328.35,895.3675,328.395,895.3075,180.39,959.0,180.345
959.0,326.2375,898.93,328.6975,894.43,183.0325,959.0,180.5725
959.0,321.1375,903.7925,331.7425,887.2325,190.5325,959.0,179.9275
959.0,325.9225,894.34,324.4825,896.65,184.3675,959.0,185.8075
959.0,328.41125,902.5375,332.10125,895.4425,185.71625,959.0,182.04125
959.0,330.5275,900.1075,331.2025,898.7725,183.9025,959.0,183.2275
959.0,330.71,900.87,333.425,895.515,181.61,959.0,178.895
959.0,334.1625,889.795,333.6375,890.77,177.6675,959.0,178.1925
959.0,357.41125,854.66,290.84125,917.915,159.53125,959.0,226.08625
959.0,329.9575,880.71375,327.9475,883.90875,177.6925,959.0,179.7025
959.0,355.045,853.885,289.66,908.62,159.835,959.0,225.22
959.0,329.8275,878.5725,324.3225,887.1225,174.9225,959.0,180.4275
959.0,346.815,857.525,311.925,890.42,163.785,959.0,198.675
959.0,353.41,854.64,317.38,900.585,159.67,959.0,195.7
959.0,333.79875,872.7375,331.62375,875.9925,174.69375,959.0,176.85375
959.0,341.25,866.7525,316.05,903.4875,164.37,959.0,189.57
959.0,332.71125,873.4525,320.11125,892.0675,171.55125,959.0,184.13625
959.0,336.6275,870.62875,320.6075,894.29875,169.1225,959.0,185.1425
959.0,347.735,862.03125,322.37,899.89125,163.565,959.0,188.93
959.0,338.67125,869.58625,323.71625,890.45125,169.29125,959.0,184.23125
959.0,337.5275,871.335,324.5525,890.04,175.9625,959.0,188.9375
959.0,336.12375,871.9825,325.08375,885.5425,177.64875,959.0,188.67375
959.0,336.54,870.3175,324.18,885.6325,176.7,959.0,189.06
959.0,331.3275,877.77625,326.4525,885.09625,180.4425,959.0,185.3175
959.0,331.44875,882.15,332.96375,879.885,184.34375,959.0,182.81375
959.0,333.4025,880.97125,332.3225,882.65125,182.0075,959.0,183.0875
959.0,328.7,878.6425,326.195,882.3325,183.02,959.0,185.525
959.0,340.875,868.725,322.8,894.705,170.985,959.0,189.06
959.0,338.8425,843.4025,340.3425,841.8275,184.7475,959.0,183.2475
959.0,333.7875,835.0075,340.7625,828.2725,187.4025,959.0,180.4275
959.0,332.50375,833.6125,332.30875,833.7925,186.74875,959.0,186.92875
959.0,332.5,817.96875,333.925,817.14375,189.64,959.0,188.215
959.0,338.725,834.185,338.395,834.515,184.495,959.0,184.825
959.0,330.105,833.9075,329.805,834.1775,189.615,959.0,189.915
959.0,322.23625,833.82375,333.29125,824.62875,197.46625,959.0,186.39625
959.0,328.9,832.1625,332.185,829.3575,191.68,959.0,188.395
959.0,330.2625,833.80375,332.7975,831.52375,193.5675,959.0,191.0325
959.0,330.37375,835.0475,330.79375,834.6575,190.97875,959.0,190.54375
959.0,330.975,832.82,330.345,833.39,190.965,959.0,191.595
959.0,331.5875,834.68375,332.0075,834.29375,191.2625,959.0,190.8425
959.0,330.4975,834.905,331.2625,834.2,192.6925,959.0,191.9275
959.0,330.85,835.235,330.805,835.28,192.25,959.0,192.295
959.0,328.3325,820.8175,328.6625,820.5625,192.5375,959.0,192.2075
959.0,317.65,823.3525,345.625,803.7625,217.03,959.0,189.055
959.0,304.6425,836.8675,357.3225,801.8425,236.1075,959.0,183.4275
959.0,315.1775,821.385,346.4525,800.16,219.4325,959.0,188.1575
959.0,321.6075,807.11625,321.0825,807.47625,198.4425,959.0,198.9675
959.0,294.28,811.16,353.305,784.64,235.9,959.0,176.875
959.0,343.93125,795.685,283.61625,833.62,165.23625,959.0,225.56625
959.0,325.42125,805.42125,325.54125,805.33125,191.80125,959.0,191.66625
959.0,367.4475,783.04875,283.9275,829.39875,147.0225,959.0,230.5425
959.0,319.06625,825.71375,351.96125,801.39875,215.59625,959.0,182.68625
959.0,311.005,822.22125,341.5,801.95625,215.755,959.0,185.26
959.0,325.64375,809.81,323.72375,811.235,191.39375,959.0,193.32875
959.0,327.21375,807.18625,319.50375,812.84125,185.53875,959.0,193.23375
959.0,327.915,807.0475,321.255,812.1325,181.185,959.0,187.845
959.0,326.83,800.63,306.985,813.86,180.25,959.0,200.095
959.0,326.54,803.475,311.99,813.735,181.1,959.0,195.65
959.0,326.36,802.5025,311.15,813.0925,181.16,959.0,196.37
959.0,325.81,802.91375,310.36,813.60875,181.09,959.0,196.54
959.0,326.11875,802.7675,310.69875,813.5975,179.89875,959.0,195.33375
959.0,324.5075,804.4575,313.2725,812.3775,181.6025,959.0,192.8375
959.0,329.44,803.86125,317.905,812.35125,180.16,959.0,191.695
959.0,326.40625,796.285,298.07125,814.345,172.82125,959.0,201.17125
959.0,328.7875,792.28625,283.9375,819.46625,165.9625,959.0,210.8125
959.0,326.3125,792.6775,300.3625,806.7325,177.0175,959.0,202.9675
959.0,332.25,786.83625,294.51,805.15125,171.57,959.0,209.31
959.0,320.95,809.04,320.95,809.04,185.89,959.0,185.89
959.0,322.3575,800.52375,303.9375,812.52375,178.7325,959.0,197.1525
959.0,321.4825,800.98125,306.1225,810.74625,180.1675,959.0,195.5275
959.0,323.72125,798.91375,301.44625,812.99875,176.30125,959.0,198.56125
959.0,321.6575,801.775,304.0025,813.52,178.6925,959.0,196.3475
959.0,360.68875,775.11125,253.37875,820.57625,141.14875,959.0,248.47375
959.0,318.3325,809.455,308.7475,816.13,182.6575,959.0,192.2425
959.0,323.48875,805.82875,300.67375,821.68375,173.90875,959.0,196.73875
959.0,325.25,807.345,300.815,823.86,172.07,959.0,196.505
959.0,347.19,787.52,281.595,819.23,157.89,959.0,223.485
959.0,334.2275,786.7225,271.7825,823.6525,153.5825,959.0,216.0275
959.0,326.97375,789.61125,280.65375,818.42625,157.99875,959.0,204.30375
959.0,326.3525,790.43875,278.2775,819.29875,157.9775,959.0,206.0525
959.0,338.8625,775.0325,267.0125,807.6875,151.9475,959.0,223.7975
959.0,341.6725,780.58375,276.5725,815.12875,151.5175,959.0,216.6175
959.0,331.8525,776.38375,271.3275,810.67375,150.9975,959.0,211.5225
959.0,331.915,783.3725,275.725,816.9725,153.505,959.0,209.695
959.0,332.07,785.9775,279.51,818.6175,154.53,959.0,207.09
959.0,328.9525,785.325,273.3625,818.28,154.2175,959.0,209.8075
959.0,338.6975,780.89,280.8275,811.67,154.1525,959.0,212.0225
959.0,329.205,784.91875,278.19,815.75875,155.175,959.0,206.19
959.0,336.275,775.7375,265.505,812.5775,148.625,959.0,219.395
959.0,325.37625,787.9575,278.00625,817.0425,156.25125,959.0,203.63625
959.0,324.575,785.825,274.745,815.405,155.705,959.0,205.535
959.0,324.6675,789.42,281.1525,816.495,157.2825,959.0,200.7975
959.0,330.70875,785.28,275.86875,818.505,153.12375,959.0,207.94875
959.0,329.57,788.64125,287.0,815.98625,158.51,959.0,201.08
959.0,323.4175,794.905,297.3925,811.21,169.5925,959.0,195.6175
959.0,321.4275,804.17,317.8275,806.75,183.4425,959.0,187.0425
959.0,327.17,807.26125,327.875,806.72125,185.33,959.0,184.625
959.0,327.63375,794.255,327.37875,794.42,186.24375,959.0,186.51375
959.0,320.58875,796.24125,318.89375,797.32125,192.32375,959.0,194.00375
959.0,309.69125,807.67375,338.17625,789.58375,210.93125,959.0,182.43125
959.0,333.21,786.45,286.44,815.145,161.67,959.0,208.44
959.0,317.195,800.4875,329.645,792.3125,198.245,959.0,185.795
959.0,321.0075,797.5325,321.7575,797.0375,189.5025,959.0,188.7525
959.0,336.44375,786.845,287.45375,818.585,157.19375,959.0,206.19875
959.0,325.435,797.61375,325.45,797.61375,188.125,959.0,188.11
959.0,327.3675,795.89,326.0925,796.79,188.0025,959.0,189.2775
959.0,326.14375,797.26,325.34875,797.815,188.12875,959.0,188.90875
959.0,337.65,784.0125,294.39,810.7875,162.75,959.0,206.01
959.0,341.9,760.93125,290.885,785.26125,161.72,959.0,212.735
959.0,326.75,767.5,326.75,767.5,190.25,959.0,190.25
959.0,326.54125,761.4425,327.29125,761.0225,192.00625,959.0,191.27125
959.0,327.5975,753.29125,324.8375,754.76125,189.1325,959.0,191.8925
959.0,328.7175,751.1125,329.4975,750.6925,192.7725,959.0,191.9925
959.0,331.0825,753.1675,331.6675,752.8375,193.3675,959.0,192.7825
959.0,330.9875,752.655,332.4575,751.86,193.9625,959.0,192.4925
959.0,331.26375,751.4525,331.57875,751.2875,194.32875,959.0,193.99875
959.0,332.645,750.50625,330.755,751.51125,193.595,959.0,195.485
959.0,335.41125,742.825,321.35625,749.68,186.91125,959.0,200.95125
959.0,330.515,723.38375,328.895,724.10375,198.005,959.0,199.625
959.0,331.65,709.6575,324.945,712.3275,196.71,959.0,203.415
959.0,329.9,708.98875,329.39,709.19875,199.28,959.0,199.79
959.0,330.22,698.38375,330.46,698.27875,200.5,959.0,200.26
959.0,329.4625,692.53,329.4625,692.53,200.6875,959.0,200.6875
959.0,329.29125,693.335,330.26625,692.945,201.07125,959.0,200.08125
959.0,329.0575,692.985,327.5575,693.585,199.4725,959.0,200.9725
959.0,328.62875,692.4225,330.66875,691.6125,202.92875,959.0,200.90375
959.0,328.88625,691.89,327.02625,692.61,200.63625,959.0,202.48125
959.0,327.0,690.0,327.0,690.0,201.0,959.0,201.0
959.0,324.71125,691.97875,322.37125,692.81875,205.91125,959.0,208.23625
959.0,325.35,685.955,323.655,686.555,206.31,959.0,208.005
959.0,333.7375,680.7775,315.9175,687.2125,194.4325,959.0,212.2525
959.0,329.4425,679.445,324.3875,681.185,203.6075,959.0,208.6625
959.0,335.5175,674.5675,310.9925,683.2525,191.1725,959.0,215.6975
959.0,334.2075,680.1275,317.4675,686.1875,195.8025,959.0,212.5425
959.0,332.01375,679.91,321.06375,683.87,198.90375,959.0,209.86875
959.0,327.76,679.72625,323.92,681.07625,203.62,959.0,207.46
959.0,334.355,681.9725,316.55,688.5275,194.825,959.0,212.63
959.0,326.59625,677.3725,325.39625,677.7775,205.24625,959.0,206.43125
959.0,322.87,681.735,321.43,682.215,206.47,959.0,207.91
959.0,328.6525,686.04625,323.7025,687.87625,201.9175,959.0,206.8675
959.0,324.89,679.67875,322.775,680.38375,203.81,959.0,205.925
959.0,324.81125,684.68125,324.87125,684.65125,205.89125,959.0,205.81625
959.0,323.8875,682.0025,323.1525,682.2575,206.0025,959.0,206.7375
959.0,335.18,683.2075,322.385,687.9325,200.66,959.0,213.455
959.0,338.2125,683.3725,313.2825,692.4025,194.9775,959.0,219.9075
959.0,338.775,678.9475,313.53,687.5725,197.325,959.0,222.57
959.0,344.27,683.0075,307.13,696.0425,193.61,959.0,230.75
959.0,351.495,685.38875,301.305,702.77375,191.625,959.0,241.815
959.0,350.7625,682.28625,302.4925,698.15625,196.7275,959.0,244.9975
959.0,352.69875,683.01,299.97375,700.125,196.15875,959.0,248.89875
959.0,348.445,685.90375,305.62,699.89875,201.235,959.0,244.06
959.0,353.8775,685.2675,309.6125,700.5075,200.1725,959.0,244.4375
959.0,351.2175,686.0675,317.8575,697.8275,205.4925,959.0,238.8525
959.0,351.72625,680.54875,313.65625,693.43375,203.49625,959.0,241.55125
959.0,349.335,702.82,318.525,714.16,208.305,959.0,239.115
959.0,342.15125,684.98,316.33625,694.565,209.19125,959.0,234.99125
959.0,336.57125,685.7075,314.38625,693.4475,211.93625,959.0,234.13625
959.0,335.7325,682.225,315.0775,689.5,212.4775,959.0,233.1325
952.28875,335.845,683.83375,312.745,692.42875,212.755,959.0,235.855
942.3625,348.42125,675.8875,294.30125,694.9075,200.64125,959.0,254.74625
944.4,341.91125,670.62,292.18625,686.82,202.99625,959.0,252.73625
949.2975,325.8225,675.9375,302.2275,683.4525,215.0475,956.8125,238.6425
940.88875,320.5275,680.57875,309.4275,684.40375,219.9225,944.69875,231.0225
924.9375,318.39375,678.2925,308.26875,681.8925,220.51875,928.5375,230.62875
915.0325,319.25,675.3775,300.35,681.8575,218.27,921.5125,237.17
912.6475,318.9625,677.1025,296.4025,684.7225,216.7075,920.2675,239.2675
902.705,315.74375,677.165,297.05375,683.615,219.17375,909.155,237.87875
883.4475,323.405,681.1575,296.09,692.2425,213.935,894.5325,241.25
866.7075,343.8725,634.3425,343.8725,634.3425,215.8175,866.7075,215.8175
864.5075,342.935,639.7025,342.935,639.7025,213.125,864.5075,213.125
846.735,343.5125,629.505,343.5125,629.505,211.9175,846.735,211.9175
827.2525,347.8675,617.5975,347.8675,617.5975,214.5025,827.2525,214.5025
806.0025,352.0775,563.2275,352.0775,563.2275,203.1725,806.0025,203.1725
784.75,356.29,508.87,356.29,508.87,191.83,784.75,191.83
763.5,360.5,454.5,360.5,454.5,180.5,763.5,180.5
724.0,347.0,436.0,347.0,436.0,176.0,724.0,176.0
700.5,353.5,400.5,353.5,400.5,173.5,700.5,173.5
695.75,343.125,382.25,343.125,382.25,171.375,695.75,171.375
690.9625,340.995,380.9875,340.995,380.9875,171.225,690.9625,171.225
686.175,338.8625,379.725,338.8625,379.725,171.0875,686.175,171.0875
610.83,337.57125,371.16,288.02625,396.57,165.13125,636.24,214.66125
612.75875,337.8225,371.81375,289.0425,396.81875,165.4875,637.77875,214.2675
605.065,339.86125,370.54,287.69125,398.575,161.64625,633.1,213.83125
607.86625,333.7775,376.62625,299.5475,396.03625,168.4925,627.26125,202.7225
606.25375,331.21375,379.94875,303.25375,396.41875,170.08375,622.70875,198.05875
607.59625,331.85375,377.31625,298.76375,396.11125,167.90375,626.40625,201.00875
607.0175,330.43125,379.9175,301.82625,396.4325,170.69625,623.5325,199.31625
609.49,332.91375,378.565,300.16875,397.09,169.51875,628.015,202.24875
611.765,331.8225,379.01,300.5025,396.395,171.3075,629.15,202.6275
613.14375,333.8875,376.98375,298.3375,396.27375,170.1025,632.44875,205.6525
610.51875,337.26375,373.92375,295.47375,396.73875,166.29375,633.34875,208.09875
610.84375,333.75,376.30375,300.54,394.64875,171.03,629.17375,204.24
611.4775,332.89875,372.0925,303.01875,388.3525,172.75875,627.7375,202.65375
615.89375,327.16,371.66375,308.92,381.32375,179.5,625.56875,197.74
619.28875,316.23,366.64375,315.765,366.88375,189.69,619.51375,190.155
616.365,317.91625,366.705,319.26625,366.015,190.97125,615.675,189.63625
613.14,317.9625,367.23,319.7325,366.3,190.3275,612.21,188.5575
620.6625,305.85625,372.5475,331.17625,359.5275,203.64625,607.6425,178.31125
609.80375,316.07125,370.08875,320.33125,367.79375,191.75125,607.52375,187.47625
612.855,298.0475,377.865,334.4525,358.365,208.5425,593.355,172.1375
612.5425,303.0275,374.6125,332.6375,358.4275,202.6025,596.3575,172.9925
603.5775,308.535,371.2725,324.18,362.5725,194.925,594.8775,179.28
601.66,313.56375,361.15,318.49875,358.48,188.68875,598.99,183.73875
604.21,311.775,358.375,319.725,354.19,190.365,600.025,182.415
600.2525,310.76,353.3675,317.375,349.9175,188.66,596.8025,182.045
595.23125,311.1875,357.40625,318.5075,353.35625,187.2425,591.19625,179.9225
595.86,305.46375,357.345,318.78375,350.28,192.28875,588.795,178.95375
600.93125,292.54125,361.84625,328.04625,343.33625,203.50125,582.43625,167.98125
590.15875,310.27625,358.18375,316.80125,354.53875,187.41125,586.52875,180.90125
583.9225,301.77875,365.4475,322.71875,353.1475,194.45375,571.6225,173.49875
585.3375,299.34125,370.2675,325.75625,354.4725,197.22125,569.5425,170.79125
590.52875,288.11875,379.73375,337.42375,349.70375,209.05375,560.48375,159.73375
590.145,281.9425,387.075,343.4425,348.075,214.6675,551.145,153.1675
592.09,276.6375,396.04,352.7625,345.43,222.4125,541.48,146.2875
589.45125,269.17375,402.46125,353.87875,345.97125,229.19875,532.94625,144.47875
586.47,273.40625,402.36,352.65125,347.49,225.19625,531.6,145.93625
583.85125,275.46125,402.93625,351.48125,349.35625,223.96625,530.28625,147.96125
588.6875,261.5875,412.3475,365.7775,339.2825,242.1025,515.6225,137.9125
582.7325,275.08875,405.8825,356.53875,347.0975,228.88875,523.9475,147.45375
579.035,275.1725,408.95,357.0125,349.385,233.2175,519.47,151.3775
584.4775,262.61875,421.0975,368.89375,342.8725,248.65375,506.2525,142.36375
583.01125,256.975,429.60625,370.225,344.21125,254.545,497.60125,141.295
580.6125,257.3125,433.3875,372.2425,343.6575,257.2975,490.8825,142.3675
578.33,248.66875,436.37,374.24875,341.21,266.68375,483.17,141.08875
575.92375,255.0575,435.35875,378.3725,340.09375,269.7725,480.67375,146.4575
574.01625,255.385,436.19625,380.8,338.53125,273.475,476.36625,148.06
571.23,248.39,440.325,386.195,336.51,287.57,467.415,149.765
569.3375,254.375,439.7075,385.565,336.4325,283.505,466.0625,152.315
566.26375,252.84,436.09375,385.62,334.99375,286.5,465.17875,153.72
565.04375,256.25625,426.80375,384.76125,330.41375,281.05125,468.66875,152.56125
561.11,241.0825,444.98,383.9125,332.69,292.6075,448.82,149.7775
545.3425,315.45125,370.6975,351.88625,343.2475,220.27625,517.8925,183.85625
555.28,298.1975,383.605,362.8925,336.04,236.6525,507.715,171.9575
551.20625,307.39125,378.24125,359.00625,339.36125,228.71625,512.34125,177.11625
549.04375,305.9275,378.34375,360.1825,337.81375,232.6825,508.52875,178.4275
553.375,295.97875,385.255,365.92375,334.225,243.31375,502.345,173.35375
548.56125,304.43625,380.54625,362.51625,336.86625,236.18625,504.89625,178.09125
550.4025,300.4725,383.3775,364.6275,335.4675,239.9175,502.4925,175.7625
551.8075,293.44375,389.4925,367.79875,333.6025,245.77375,495.9175,171.43375
533.69,325.86875,359.33,345.57875,344.51,214.44875,518.87,194.75375
539.77125,313.12,367.42125,353.875,337.13625,225.82,509.50125,185.065
540.44,311.8075,368.51,354.1375,337.22,227.0425,509.15,184.7125
540.24375,308.175,371.74875,356.79,335.14875,229.965,503.62875,181.35
541.12375,304.1475,373.55875,359.6025,331.88875,233.6625,499.43875,178.2075
553.17,281.555,388.995,374.465,322.11,256.265,486.285,163.355
552.9775,279.6425,390.2575,376.5875,320.5525,259.5875,483.2725,162.6425
552.07125,280.71125,391.18125,377.62625,320.05125,259.51625,480.92625,162.61625
553.35125,275.87625,395.44625,383.93625,315.79625,267.56625,473.71625,159.49125
553.00625,277.3225,396.78125,382.5625,317.71625,265.1875,473.92625,159.9475
556.27875,270.9625,393.76875,388.5925,310.35375,273.3475,472.84875,155.7175
556.435,276.74,383.74,385.1,309.085,266.12,481.78,157.76
554.40375,278.7,385.23375,381.87,312.99375,263.4,482.17875,160.23
552.6125,285.1375,380.4575,375.9625,316.4975,254.7325,488.6525,163.9075
553.2925,292.98875,371.3725,370.56875,317.6575,244.64375,499.5775,167.04875
558.34875,293.445,352.06875,373.32,303.88875,248.895,510.18375,169.02
549.99375,318.005,327.51375,352.13,307.45875,221.315,529.92375,187.19
546.85875,324.60375,323.55375,345.33375,311.29875,213.46875,534.61875,192.72375
545.63625,325.245,323.18625,343.11,312.50625,210.075,534.94125,192.21
545.0225,326.54,323.0675,343.385,312.7475,207.44,534.7025,190.595
541.6875,328.29,322.0125,341.055,314.2425,207.21,533.9175,194.445
529.96,338.09875,320.845,337.10875,321.52,196.55875,530.635,197.56375
549.08,312.965,330.65,352.25,307.16,221.615,525.59,182.33
555.04375,302.9425,335.33875,358.9975,302.60875,230.6875,522.29875,174.6325
545.6875,318.8775,320.9275,347.1225,304.2025,214.0125,528.9625,185.7675
539.5925,329.09,299.7875,336.215,295.8575,203.63,535.6625,196.505
532.22,329.0,289.34,330.695,288.44,200.66,531.32,198.965
545.8375,330.39375,283.6825,330.81375,283.4725,201.37875,545.6275,200.94375
541.8,334.02,284.025,330.78,285.72,196.26,543.495,199.5
559.5375,299.71625,299.0925,364.47125,267.3525,236.86625,527.7975,172.09625
563.7625,294.13,298.8325,367.465,263.6275,240.31,528.5575,166.975
560.7075,296.1125,294.8625,362.2625,263.1225,234.7175,528.9675,168.5675
565.5025,295.78875,284.7025,361.51875,254.8675,234.04875,535.6675,168.33375
563.56,290.78,295.9,365.33,260.38,237.8,528.04,163.25
561.32375,292.3725,295.89875,363.4575,261.41375,234.6975,526.85375,163.6125
565.0025,284.45125,297.4325,367.55125,257.6075,239.31625,525.1775,156.23125
565.5875,280.7225,297.6125,368.8625,256.0025,242.3675,523.9775,154.2275
562.27375,286.16625,294.20875,362.18625,259.07875,238.31625,527.12875,162.28125
561.75875,289.88875,289.02875,358.61875,257.31875,232.84375,530.06375,164.09875
563.725,289.725,286.615,357.48,256.195,233.055,533.305,165.3
559.68625,278.58125,296.94625,364.12625,256.58125,240.18125,519.33625,154.62125
560.7575,269.39625,301.8725,367.75125,255.3725,245.35125,514.2575,147.01125
558.225,275.365,301.455,361.66,259.635,237.235,516.405,150.94
551.66375,295.7525,289.38875,344.9225,265.62875,218.1575,527.88875,168.9875
541.58125,326.58,281.18125,329.19,279.78625,190.86,540.20125,188.25
535.8975,314.15625,287.8575,330.13125,279.5325,200.78625,527.5725,184.79625
537.325,314.20875,286.33,331.02375,277.555,200.02875,528.55,183.22875
532.13125,320.5575,285.21625,330.5175,279.71125,193.9725,526.61125,184.0125
541.255,313.88875,284.815,332.62375,275.005,198.40375,531.445,179.65375
542.1225,322.88125,278.7525,333.75625,273.0675,196.28125,536.4375,185.39125
554.3225,308.84625,283.1375,337.31625,269.4275,206.81625,540.6125,178.33125
551.98375,317.2925,278.87875,333.3875,271.09375,201.4175,544.21375,185.3225
548.6075,330.54125,272.4425,330.19625,272.6225,194.32625,548.7875,194.68625
555.15625,301.7025,284.09125,345.8775,263.21125,217.8075,534.29125,173.6325
533.35,322.1625,277.405,334.0875,271.39,205.0275,527.335,193.1025
533.86125,328.0425,271.04625,334.3575,267.92625,204.9075,530.75625,198.5925
531.70125,331.02875,264.29625,334.14875,262.76625,203.46875,530.18625,200.36375
527.20375,333.92,264.19375,334.835,263.71375,200.72,526.73875,199.805
530.73625,319.45,264.78625,342.22,253.86625,214.63,519.80125,191.86
522.455,306.85,278.54,339.475,262.205,217.33,506.12,184.705
516.6575,329.92125,163.5275,318.70125,167.3525,198.10125,520.4825,209.30625
519.365,317.025,149.78,318.945,149.195,206.295,518.78,204.375
515.55875,318.8075,140.88875,322.0325,139.91375,207.5825,514.56875,204.3575
519.17125,317.07625,119.93125,319.04125,119.39125,207.36625,518.61625,205.38625
513.50625,316.5975,116.53125,323.5275,114.53625,208.6725,511.49625,201.7425
513.5575,312.195,100.6075,325.725,96.9325,213.765,509.8825,200.235
508.59375,319.2325,92.50875,323.2075,91.39875,205.6975,507.46875,201.7225
505.5375,317.265,101.1975,328.035,98.0325,209.115,502.3725,198.345
497.0175,323.865,109.4325,325.575,108.8925,203.115,496.4775,201.405
496.59625,325.8925,105.35125,322.8175,106.31125,199.9975,497.57125,203.0725
497.9525,306.9275,113.0525,338.5775,103.4975,222.2825,488.3975,190.6325
494.32875,309.5675,112.20375,336.8225,103.72875,218.1425,485.86875,190.8875
497.865,298.105,115.995,340.135,103.575,227.335,485.445,185.305
498.8625,294.435,118.1625,345.345,103.0275,232.125,483.7275,181.215
488.72,319.83,111.335,331.365,107.54,207.45,484.925,195.915
493.65375,304.66125,106.21875,339.71625,95.89875,225.50625,483.31875,190.46625
495.7875,297.28625,106.7325,345.30125,92.7825,232.27625,481.8375,184.24625
488.21,307.67,116.735,339.29,106.79,222.47,478.265,190.85
488.065,309.3425,110.515,337.4375,101.815,220.4675,479.365,192.3725
485.68625,307.14,108.63125,343.8,97.14125,225.66,474.21125,189.0
478.385,316.25625,100.025,341.86125,91.955,222.62625,470.315,197.00625
457.71,317.225,100.5,343.055,91.89,223.955,449.1,198.125
462.8125,324.15,90.1225,327.435,89.1175,213.63,461.8075,210.345
460.855,312.1325,86.335,338.4875,78.445,226.2575,452.965,199.9025
458.73125,305.635,87.73625,345.19,75.87125,233.785,446.85125,194.23
437.30125,305.5625,98.21125,355.5575,81.08125,239.3075,420.15625,189.3125
440.3675,292.65375,102.5375,363.67875,78.5825,249.72375,416.4125,178.71375
439.17125,282.33875,108.43625,379.70375,73.99625,262.71875,404.74625,165.36875
416.2875,340.985,90.9675,342.74,90.2625,211.895,415.5825,210.14
431.5325,278.50375,110.2625,379.31875,74.5175,265.39375,395.7875,164.59375
423.16625,309.65875,79.84625,364.00375,60.66125,242.81875,403.99625,188.48875
428.81,275.4075,85.745,390.4875,47.69,277.0425,390.755,161.9625
436.06,275.6125,69.46,388.6525,34.54,275.4175,401.14,162.3775
428.9445,305.47875,45.9945,365.89875,27.7005,249.91875,410.6445,189.51375
426.84775,290.33,61.35775,377.69,33.73975,262.13,399.23275,174.77
426.2355,285.32,59.5005,385.025,27.9195,268.88,394.6605,169.175
422.38175,310.43875,43.54175,369.29875,24.45575,246.43375,403.28675,187.55875
411.5425,335.90375,41.7475,341.84375,39.7075,214.55375,409.5025,208.62875
413.84625,339.86875,39.31125,341.68375,38.69625,211.88875,413.21625,210.08875
414.00725,335.6275,38.54225,347.2975,34.52525,217.8625,409.98725,206.1925
409.983375,332.625,37.125375,349.755,31.240875,221.655,404.103375,204.525
410.742375,310.34875,42.147375,371.21875,21.088875,243.62875,389.682375,182.77375
405.337875,339.10875,21.033375,351.85875,16.552875,216.64875,400.852875,203.91375
406.279375,321.4975,20.399875,364.1275,6.316375,236.6125,392.209375,193.9825
392.7215,338.7075,8.5625,340.5975,7.9325,212.4225,392.0915,210.5325
394.64375,338.24,0.12275,341.195,0.0,212.84,393.68375,209.885
405.716625,324.63875,0.0,356.21375,0.0,229.17875,395.906625,197.61875
401.23225,329.1225,0.0,355.6125,0.0,224.2875,392.56225,197.7975
407.675375,312.1525,5.550875,370.8325,0.0,243.1975,389.045375,184.5175
410.796,301.8075,9.495,380.3775,0.0,254.0625,386.061,175.4925
403.78075,315.58,5.34775,359.95,0.0,234.64,389.83075,190.27
403.018875,308.3,10.327875,366.74,0.0,241.76,384.418875,183.32
405.087125,314.02625,0.0,354.48125,0.0,232.08125,392.877125,191.64125
403.232,314.7125,1.217,355.7525,0.0,231.1775,390.512,190.1375
391.17825,331.23125,0.0,342.28625,0.0,211.15625,387.51825,200.11625
402.6005,307.3525,0.0,358.8625,0.0,237.1975,387.1805,185.6875
402.756375,312.45375,0.0,349.15875,0.0,228.19875,391.911375,191.47875
401.82675,320.9775,0.0,345.5775,0.0,219.0525,394.25175,194.4525
416.942875,336.68125,0.0,339.24625,0.0,202.58125,416.132875,200.00125
404.157,315.65125,0.0,347.07625,0.0,224.09125,394.797,192.65125
407.130375,314.595,0.0,347.49,0.0,224.505,397.395375,191.61
393.6115,333.805,0.0,335.995,0.0,206.575,392.9065,204.385
399.068,332.77875,0.0,334.42875,0.0,206.29875,398.558,204.66375
396.130125,334.3825,0.0,333.0775,0.0,205.6675,396.550125,206.9725
396.771625,332.82875,0.0,333.92375,0.0,209.64875,396.441625,208.56875
399.330875,328.0875,0.0,337.2225,0.0,214.8225,396.600875,205.6875
400.76625,336.55875,0.0,332.68875,0.0,208.59375,401.90625,212.44875
400.10625,327.8,0.0,338.06,0.0,216.86,397.16625,206.6
394.323,334.945,0.0,336.58,0.0,213.115,393.843,211.48
334.1315,344.15875,0.0,323.47375,0.0,196.37875,341.6015,217.07875
334.134625,349.0925,0.0,318.0125,0.0,190.3775,344.949625,221.4575
338.623,336.0675,0.0,338.8875,0.0,213.8025,337.663,210.9825
341.044,340.6475,0.0,337.3625,0.0,210.6425,342.169,213.9275
330.937375,339.1475,0.0,339.7925,0.0,214.4825,330.712375,213.8375
320.397375,352.04,0.0,323.87,0.0,195.14,330.777375,223.31
319.932875,347.5575,0.0,329.5275,0.0,203.2725,326.487875,221.3025
326.358625,335.8075,0.0,353.7775,0.0,223.8625,319.428625,205.8925
321.34375,342.2775,0.0,342.0825,0.0,215.0325,321.41875,215.2275
320.9355,341.9625,0.0,344.8725,0.0,216.1275,319.7805,213.2175
316.6035,342.975,11.172,345.21,10.218,215.385,315.6585,213.15
333.112875,333.765,15.484875,353.31,7.536375,224.115,325.162875,204.57
327.33875,320.55375,31.68275,364.53375,12.64475,236.52375,308.30375,192.55875
326.8635,317.94,34.8795,367.11,13.2855,238.86,305.2635,189.69
324.59,317.4475,38.0195,367.7725,15.2855,238.3225,301.865,187.9975
332.06,313.595,37.0535,370.61,12.2615,242.345,307.265,185.33
326.4655,313.515,42.3355,369.99,16.8895,241.965,301.0255,185.49
304.595625,322.5975,49.909125,364.5675,28.619625,235.3725,283.310625,193.4025
305.361,324.6025,52.0065,361.9975,32.8935,232.4875,286.251,195.0925
297.221875,325.3325,53.327875,361.7975,34.048375,232.8575,277.946875,196.3925
294.843625,322.585,55.346125,364.39,32.922625,235.915,272.418625,194.11
298.916875,317.99625,49.895875,371.45625,22.330375,243.08625,271.361875,189.61125
297.38375,321.635,47.36675,369.71,22.56575,240.725,272.57375,192.65
296.338625,325.21125,41.367125,367.49625,19.801625,237.49125,274.783625,195.19125
296.6875,326.4975,40.6435,366.7875,20.0365,235.8525,276.0925,195.5625
294.998125,325.0875,40.487125,366.6225,19.431625,237.6225,273.938125,196.0875
297.515875,324.98375,36.785875,367.53875,15.535375,237.36875,276.275875,194.79875
292.971125,324.7775,39.633125,366.8375,17.980625,236.4125,271.326125,194.3525
289.593125,326.165,38.574125,365.255,18.259625,234.815,269.268125,195.725
291.36125,322.40625,39.62075,367.18125,16.61675,237.82125,268.35125,193.06125
284.26925,332.6225,37.04525,360.4325,22.19225,228.3875,269.41925,200.5775
290.453375,322.835,15.002375,367.925,0.0,240.545,269.603375,195.455
289.547375,329.44375,0.0,361.54375,0.0,233.59375,276.332375,201.50875
287.700125,334.7975,0.0,355.1675,0.0,226.3325,279.375125,205.9625
285.94925,344.125,0.0,345.49,0.0,214.675,285.37925,213.31
289.62525,338.9975,0.0,347.1875,0.0,217.3925,286.35525,209.2025
289.180375,338.9525,0.0,347.2475,0.0,217.6175,285.865375,209.3225
290.533625,329.385,0.0,352.05,0.0,224.475,281.533625,201.81
294.237,323.6725,0.0,357.1075,0.0,230.8375,281.277,197.4025
290.154875,327.0075,0.0,351.2025,0.0,225.6825,280.659875,201.4875
289.792625,318.78375,0.0,357.15375,0.0,232.90875,274.567625,194.52375
294.53325,303.82625,0.0,370.00625,0.0,247.26125,268.37325,181.09625
288.498,319.67,0.0,355.115,0.0,229.31,274.548,193.865
286.648625,317.53125,0.0,357.94125,0.0,231.41625,270.208625,191.02125
279.64825,326.0225,0.0,347.7875,0.0,221.4875,270.78325,199.7225
279.21925,323.0075,0.0,352.0925,0.0,225.1625,266.96425,196.0775
279.34725,323.985,0.0,352.41,0.0,224.835,267.67725,196.41
265.495125,340.845,0.0,337.335,0.0,205.635,267.025125,209.145
273.978525,345.8925,0.0,325.8675,0.0,196.2375,282.033525,216.2625
271.49555,353.95,0.0,322.195,0.0,188.77,284.62055,220.525
263.8391875,354.545,0.0,320.645,0.0,188.315,278.1791875,222.215
258.3250125,355.83375,0.0,318.40875,0.0,185.88375,274.3450125,223.32375
257.56925,355.9025,0.0,318.1925,0.0,186.3275,273.60425,224.0375
255.035925,355.985,0.0,317.9,0.0,186.995,271.460925,225.08
255.6087875,358.27625,0.0,319.05125,0.0,185.25125,272.4687875,224.49125
251.02505,360.18,0.0,316.695,0.0,182.34,270.25505,225.825
255.8826375,360.45,0.0,315.63,0.0,181.71,274.9926375,226.53
259.1951875,358.28,0.0,319.82,0.0,184.46,275.8601875,222.92
258.0186625,358.8,0.0,317.16,0.0,184.8,275.7186625,226.44
255.895825,358.5725,0.0,316.2125,0.0,184.9775,273.895825,227.3375
254.368,361.9475,0.0,310.2575,0.0,179.5625,275.968,231.2525
252.5476125,366.9225,0.0,301.4025,0.0,170.6475,279.0526125,236.1675
252.4737125,369.7225,0.0,292.8025,0.0,165.5275,282.0987125,242.4475
258.334775,367.525,0.0,297.22,0.0,169.195,285.394775,239.5
263.520225,364.1075,0.0,299.6375,0.0,173.3225,287.370225,237.7925
271.2735,362.215,0.0,301.72,0.0,175.525,292.3335,236.02
270.642,360.17875,0.0,302.51875,0.0,176.51875,290.127,234.19375
271.360625,358.1775,0.0,304.8225,0.0,180.3525,289.780625,233.7075
273.95075,357.405,0.0,302.715,0.0,178.575,292.20575,233.265
266.66928125,355.52875,0.0,307.81375,0.0,182.96875,284.29428125,230.69875
275.646375,355.56,0.0,304.23,0.0,179.7,292.716375,231.03
275.9852625,357.78375,0.0,307.41375,0.0,180.87375,293.7002625,231.25875
261.19885375,357.2475,0.0,303.7275,0.0,178.4025,281.26885375,231.9225
261.578325,363.895,0.0,299.755,0.0,171.985,286.118325,236.125
251.0745625,369.83,0.0,289.22,0.0,161.33,282.4245625,241.94
245.183775,374.865,0.0,281.805,0.0,152.595,282.173775,245.655
235.875425,376.5325,0.0,277.7275,0.0,147.2575,276.345425,246.0625
244.6177,380.24625,0.0,275.05125,0.0,145.42125,285.8077,250.63125
258.8085,381.8875,0.0,263.2675,0.0,133.1425,298.5585,251.7625
243.4649875,380.21625,0.0,273.05625,0.0,144.20625,285.1349875,251.35125
242.7153,378.7275,0.0,275.3775,0.0,145.8225,283.5903,249.1725
247.207375,381.48875,0.0,265.80875,0.0,135.60875,289.102375,251.30375
241.0250125,378.6625,0.0,275.5525,0.0,145.4275,282.3800125,248.5375
248.3493375,381.95,0.0,275.015,0.0,142.55,289.7793375,249.485
249.8944375,382.08625,0.0,272.43625,0.0,140.91625,291.5494375,250.55125
250.39325,381.4325,0.0,268.3325,0.0,138.0575,291.79325,251.1575
250.8087,381.6325,0.0,271.8025,0.0,140.2375,292.1787,250.0675
246.0935875,379.69,0.0,273.595,0.0,142.87,286.8335875,248.965
244.2026375,380.9375,0.0,278.0825,0.0,145.8125,285.7976375,248.6675
243.95735,378.3625,0.0,276.1825,0.0,146.2675,284.65235,248.4475
243.1739875,379.66125,0.0,270.70125,0.0,140.06625,284.6489875,249.04125
251.7595,381.92875,0.0,265.58875,0.0,135.44875,293.1295,251.80375
244.2385,380.1675,0.0,269.9625,0.0,137.7225,285.2485,247.9275
239.7005875,377.795,0.0,274.01,0.0,143.705,280.5605875,247.49
236.5293625,379.3325,0.0,278.3675,0.0,145.4375,278.4843625,246.4025
242.859725,380.35,0.0,274.585,0.0,144.19,284.679725,249.955
255.055875,386.48625,0.0,251.93625,0.0,121.67625,298.165875,256.21125
227.887375,384.98125,0.0,271.80625,0.0,140.46625,277.777375,253.65625
228.682625,385.71375,0.0,273.15375,0.0,140.46375,278.437625,253.03875
227.21475,385.76875,0.0,272.56375,0.0,140.26375,277.68975,253.45375
225.962625,383.36,0.0,271.31,0.0,140.12,275.087625,252.17
228.043,386.72375,0.0,270.15875,0.0,139.49375,279.208,256.07375
220.161,380.5875,0.0,271.7175,0.0,141.1425,269.301,250.0125
222.739875,384.05,0.0,268.985,0.0,138.71,273.994875,253.775
219.61475,382.0825,0.0,268.5025,0.0,138.8275,270.74975,252.4075
225.51775,383.82,0.0,268.71,0.0,139.08,276.11275,254.19
221.953125,384.66,0.0,265.98,0.0,136.26,274.333125,254.94
224.043,383.8325,0.0,265.2575,0.0,137.2775,275.583,255.8525
218.045625,384.825,0.0,264.915,0.0,135.075,272.195625,254.985
218.6285,385.18,0.0,264.34,0.0,134.86,272.6585,255.7
226.30515,385.585,0.0,266.89,0.0,138.475,278.20515,257.17
218.44,386.495,0.0,266.615,0.0,135.605,272.965,255.485
219.10825,385.79,0.0,262.07,0.0,134.39,274.06825,258.11
219.708125,384.5175,0.0,266.0775,0.0,136.1925,272.778125,254.6325
216.6635,384.78,0.0,266.805,0.0,136.62,270.7685,254.595
213.081625,383.815,0.0,267.58,0.0,137.545,267.171625,253.78
213.579825,381.83625,0.0,274.54125,0.0,143.00625,265.284825,250.28625
221.714,373.6075,0.0,298.0675,9.29,163.7425,261.884,239.2825
232.09525,361.5325,0.0,322.4575,14.98375,183.6175,254.73025,222.6925
234.754625,348.96875,12.982625,337.31375,20.346125,197.22875,242.119625,208.89875
223.7255,361.045,10.112,321.745,35.048,186.235,248.6705,225.535
210.921,364.9675,16.0455,315.7375,50.1195,180.8425,244.986,230.0725
215.173625,358.71125,24.127625,326.07125,47.631125,188.53625,238.678625,221.19125
212.203875,361.865,21.753375,323.69,49.282875,186.395,239.728875,224.57
219.2775,358.0275,22.056,326.7225,43.794,189.8025,241.0125,221.1075
215.76925,359.3175,22.00525,324.3075,46.57225,188.3325,240.33925,223.3425
213.14075,361.04625,26.81825,323.29125,54.31925,187.55625,240.63575,225.29625
129.2965,391.35625,13.6285,281.37625,132.4915,156.35125,248.1715,266.34625
206.931,361.25,22.0185,322.73,50.4465,186.29,235.356,224.81
192.41025,364.785,22.32975,317.025,60.22275,182.055,230.31525,229.815
194.034125,359.9925,27.859625,322.3125,58.404125,187.5975,224.589125,225.2775
152.7675,381.7325,18.0525,294.7775,100.8825,166.4375,235.5975,253.3925
182.593125,363.49125,29.168625,315.56625,70.255125,184.03125,223.678125,231.94125
187.99025,358.88875,33.20225,320.51875,66.07025,187.94875,220.85525,226.33375
188.8725,356.3075,35.544,320.7125,65.916,189.8825,219.2475,225.4775
187.426625,357.0675,36.106625,319.4925,68.652125,188.4225,219.961625,225.9975
186.248875,358.975,29.629375,313.24,67.211875,184.525,223.838875,230.26
138.873375,379.59375,27.052875,275.76375,124.083375,171.25875,235.923375,275.07375
137.17525,380.3675,27.67225,275.9075,126.16525,172.6625,235.66525,277.1225
138.699875,380.535,26.861375,274.29,125.799875,170.145,237.639875,276.39
144.95375,378.3975,26.22875,275.4075,118.89875,168.5925,237.60875,271.5825
176.302375,369.13125,27.143875,293.99625,87.607375,173.95125,236.767375,249.07125
204.46075,364.96375,25.54825,307.30375,67.11925,178.33375,246.02575,236.00875
221.929,363.9,23.506,315.0,56.329,181.8,254.764,230.7
228.63375,359.74125,27.43425,320.75625,53.64825,185.44125,254.85375,224.41125
224.498875,361.44,26.129875,314.295,57.406375,182.7,255.773875,229.845
211.66325,369.55625,20.63525,321.75125,56.48225,178.53125,247.51325,226.35125
231.676,355.2775,31.105,333.4975,46.66,190.2325,247.231,212.0125
245.624625,337.77125,37.879125,340.56125,36.014625,202.05125,243.764625,199.24625
240.04375,340.14875,31.22275,337.31375,33.07975,200.30375,241.90375,203.12375
247.767875,341.95,33.968375,344.95,31.962875,202.45,245.757875,199.45
260.592,277.1975,97.857,385.4525,12.723,257.4725,175.452,149.2175
260.142375,276.95875,97.077375,385.07875,13.348875,258.77875,176.412375,150.67375
259.848,268.6875,109.323,388.3425,13.137,267.3225,163.668,147.6675
262.123625,276.74,97.108625,385.535,16.290125,262.94,181.288625,154.145
236.287375,346.645,26.887375,332.38,35.963875,199.135,245.362375,213.4
259.59025,278.65375,104.25025,387.56875,16.64725,262.60375,171.99025,153.70375
262.815125,271.53375,113.370125,389.34375,17.083625,267.18375,166.530125,149.38875
279.79025,290.225,82.90025,381.245,21.66725,248.795,218.56025,157.775
255.434,366.4475,18.407,319.3925,44.153,189.7025,281.174,236.7575
276.729125,347.61,26.403125,335.385,32.710625,206.31,283.044125,218.535
265.466375,357.23625,23.163875,327.38625,39.107375,198.01125,281.411375,227.87625
262.68075,361.1425,18.96975,323.5375,38.87775,194.5075,282.58575,232.1125
273.331,359.50375,18.457,327.92875,34.648,197.18875,289.516,228.74875
285.218,344.08,28.6535,342.055,29.6915,211.0,286.253,213.025
290.710375,324.98125,45.232375,358.73125,27.008875,226.14625,272.485375,192.41125
286.755,347.5,26.658,336.28,32.202,207.76,292.305,218.98
286.835375,342.4575,34.478375,343.2375,34.077875,212.4525,286.445375,211.6725
274.8675,355.4075,30.258,329.7875,43.767,200.8025,288.3675,226.4225
274.106,357.05375,28.8935,325.59875,45.2315,198.26375,290.441,229.73375
274.07075,350.49,33.93575,335.205,42.28175,204.03,282.42575,219.315
277.32775,343.775,39.39625,341.93,40.40125,212.045,278.33275,213.89
275.352625,341.49875,45.459625,344.09375,43.979125,213.05375,273.867625,210.44375
274.721875,343.8675,39.079375,341.9925,40.106875,212.2425,275.756875,214.1175
279.556875,342.95,40.156875,345.08,38.979375,212.57,278.371875,210.44
255.563375,364.165,27.885875,319.45,53.345375,189.835,281.018375,234.55
268.33225,356.70125,31.96375,328.74125,47.39875,198.28625,283.76725,226.26125
264.242875,358.09125,30.754375,328.48125,47.321875,197.83125,280.817875,227.42625
281.66775,349.35125,29.68425,340.65125,34.29825,207.07625,286.28775,215.79125
267.2005,363.885,26.8945,324.39,48.7405,191.475,289.0405,230.97
264.449875,371.08125,21.592375,311.69625,52.763875,184.22625,295.634875,243.62625
274.3885,356.59375,27.826,330.34375,41.779,199.25875,288.3385,225.49375
278.71675,343.705,46.39075,347.065,44.43175,211.495,276.76675,208.135
283.832125,346.36875,33.560125,344.70375,34.458625,209.34375,284.732125,210.99375
277.28525,359.7775,27.46025,328.5325,43.97225,196.4725,293.80025,227.7175
274.599625,361.6475,28.211125,325.9775,47.262625,194.3825,293.649625,230.0525
276.80325,360.4625,27.72525,331.6475,43.38225,196.3475,292.46325,225.1625
275.18425,362.81625,28.57375,328.88625,47.03875,194.71125,293.64925,228.65625
274.162375,364.32,25.526875,325.425,46.204375,193.26,294.847375,232.155
273.62175,371.03125,21.20025,320.33125,47.83725,187.71625,300.24675,238.43125
289.2555,362.8575,24.807,332.9325,40.158,197.2725,304.6155,227.1975
298.2215,364.49125,26.717,330.83125,43.328,196.83625,314.8415,230.51125
304.66175,371.275,13.81025,324.175,35.79725,188.425,326.63675,235.525
305.354375,364.5725,23.238875,330.7025,39.227375,197.5175,321.344375,231.3875
306.6065,366.215,16.8695,328.925,34.0505,195.425,323.7815,232.715
308.273375,363.8575,17.271875,331.3375,32.309375,196.7725,323.318375,229.2925
303.752625,364.365,15.901125,326.46,33.377625,193.755,321.227625,231.66
305.306125,362.7525,18.369625,330.3975,33.584125,195.4575,320.531125,227.8125
305.916375,361.91,17.442375,329.255,32.638875,194.99,321.111375,227.645
304.690625,367.9275,6.294125,318.6975,28.024625,186.9825,326.425625,236.2125
305.56825,369.0775,0.0,315.7225,21.23425,184.5325,328.36825,237.8875
303.639875,371.19,0.0,311.715,22.784375,181.83,328.869875,241.305
303.842125,374.1375,0.0,307.7625,22.673125,179.0925,331.487125,245.4675
298.564375,378.995,0.0,302.855,26.252875,175.505,330.454375,251.645
303.69625,381.74875,0.0,305.27875,23.76175,176.02375,335.40625,252.47875
311.651375,370.15875,0.0,319.42875,14.700875,188.05875,332.621375,238.80375
313.713625,364.1775,0.0,327.2925,8.772625,194.9925,328.953625,231.8775
311.514625,367.82125,0.0,318.48625,7.464625,193.64125,330.579625,242.96125
313.506125,361.595,0.0,331.25,3.447125,203.765,325.521125,234.11
317.596875,348.0525,0.963375,349.7175,0.277875,218.9775,316.906875,217.3125
320.386125,340.84375,4.309125,354.14875,0.0,227.83375,315.061125,214.54375
326.563625,333.42,2.407625,358.86,0.0,235.2,316.858625,209.76
327.54775,325.135,7.64275,368.395,0.0,245.005,310.86775,201.745
332.4115,314.0075,10.498,383.0375,0.0,261.1025,306.2515,192.0725
330.19425,314.77125,8.79675,382.61625,0.0,262.45125,304.82925,194.59125
331.453,315.00875,15.7345,384.47375,0.0,262.22375,304.558,192.74375
329.742625,317.7925,20.184625,382.4725,0.0,259.8775,304.122625,195.1975
328.708125,318.83125,14.710125,386.45125,0.0,261.45625,301.798125,193.85125
324.88125,327.73,12.61875,379.3,0.0,252.97,304.01625,201.4
326.836125,330.0825,8.872125,377.5725,0.0,250.1475,307.801125,202.6575
326.150375,331.61375,9.302375,377.60375,0.0,249.39875,307.535375,203.39375
324.4695,331.78125,7.5495,369.32625,0.0,245.32125,309.7695,207.76125
323.6385,329.56125,18.504,380.90625,0.0,249.20625,301.4835,197.87625
317.706625,342.0675,16.820125,351.4425,12.933625,226.7025,313.806625,217.3275
319.3805,341.405,13.0595,352.19,8.7005,228.395,315.0155,217.61
317.937125,344.2175,12.060125,345.2225,11.653625,221.7725,317.532125,220.7675
319.96675,342.39,7.20625,346.29,5.64625,221.31,318.40675,217.41
319.919875,343.825,9.122875,344.44,8.878375,218.635,319.679875,218.02
321.95075,341.8525,18.73325,347.4175,16.36925,218.7175,319.58075,213.1525
342.972375,343.4425,2.605875,340.9225,3.540375,214.5475,343.902375,217.0675
378.999,340.415,3.582,341.48,3.228,216.005,378.639,214.94
378.45725,339.84,7.78925,338.205,8.33825,214.56,378.99725,216.195
387.89625,332.7625,6.49875,344.1325,2.77875,219.2875,384.17625,207.9175
388.9655,335.4875,4.661,335.0075,4.814,213.9425,389.1155,214.4225
383.173875,335.15,7.734375,338.24,6.706875,213.53,382.153875,210.44
386.50425,335.08,6.54375,337.03,5.89875,210.88,385.85925,208.93
356.815125,342.2875,9.404625,328.5025,14.419125,202.0825,361.840125,215.8675
378.257,333.0975,8.8565,334.7025,8.3135,209.6925,377.717,208.0875
377.287125,337.13,7.085625,328.385,10.048125,202.85,380.242125,211.595
381.696875,331.48375,8.342375,332.95375,7.848875,206.47375,381.216875,205.01875
395.757625,324.185,2.904625,343.31,0.0,213.635,389.442625,194.51
366.738375,351.245,3.670875,306.65,18.810375,183.395,381.873375,227.99
363.081625,355.23,7.409125,316.395,21.909625,183.57,377.586625,222.405
402.79425,333.94,10.31775,335.56,9.77475,204.88,402.23925,203.26
419.734,318.8125,13.405,347.3725,4.09,214.8175,410.419,186.2575
426.768625,332.66875,4.512625,334.67875,3.896125,204.80875,426.153625,202.81375
429.643375,333.11,10.402375,341.885,7.583875,207.29,426.823375,198.515
430.238,325.8325,12.323,351.0625,4.007,213.3175,421.928,188.0875
426.079,327.7575,27.538,350.4225,19.882,215.8125,418.429,193.1475
425.70925,329.92625,35.28475,350.28125,28.20775,214.50125,418.64425,194.16125
429.9675,339.96375,43.5525,338.47875,44.0625,206.20875,430.4775,207.67875
433.375,343.78875,51.28,330.97875,55.645,200.76375,437.74,213.55875
441.3575,347.85625,56.2925,332.13625,61.6925,199.92625,446.7575,215.63125
458.3625,362.485,50.3175,315.91,64.9875,187.375,473.0325,233.95
461.4025,365.725,52.6375,311.965,69.4075,184.375,478.1725,238.135
460.64625,366.33875,62.47125,311.13875,80.03625,184.49375,478.19625,239.67875
458.66,363.3775,65.75,312.8575,82.1,185.6725,475.01,236.1925
458.095,366.4575,64.195,308.4525,82.705,182.8125,476.605,240.8175
455.91875,365.275,72.96875,306.295,92.09375,182.185,475.02875,241.165
458.56375,361.22875,72.82375,306.98875,90.20875,183.44875,475.93375,237.70375
457.94375,358.5425,78.93875,305.9375,96.00875,183.0275,474.99875,235.6325
468.63625,357.66125,74.73625,304.63625,91.07125,183.22625,484.98625,236.26625
478.955,342.83625,82.28,312.74625,91.325,193.52625,488.0,223.60125
492.465,324.37,86.37,326.02,85.875,204.37,491.97,202.72
493.90625,322.69875,89.83625,320.83875,90.37625,204.67875,494.43125,206.55375
493.6625,327.47125,87.5075,316.05625,90.7475,200.75125,496.9025,212.15125
499.37375,326.4275,86.19875,315.0725,89.37875,199.6025,502.53875,210.9575
494.59,321.98,91.27,325.43,90.25,206.3,493.57,202.85
490.695,323.345,96.9,321.83,97.365,200.795,491.16,202.31
494.24125,325.0175,95.54125,321.3875,96.66625,197.4125,495.38125,201.0425
492.78,322.7275,97.395,319.1275,98.52,196.8025,493.905,200.4025
489.865,328.26,100.045,314.655,104.275,193.62,494.095,207.225
489.7775,332.1525,99.5225,311.7225,105.9125,189.7575,496.1675,210.1875
488.35125,331.73875,102.68625,315.64375,107.87625,191.21875,493.55625,207.32875
487.9275,328.96875,107.2275,316.36875,111.3225,192.36375,492.0225,204.94875
487.74125,325.0575,110.04125,321.6375,111.16625,196.4925,488.88125,199.9125
488.5125,325.345,112.9725,321.61,114.2175,196.255,489.7575,199.99
490.41625,326.33875,119.51125,318.85375,121.97125,196.49875,492.89125,203.99875
485.8075,331.03125,128.6725,314.87625,134.2825,190.81125,491.4175,206.95125
486.51625,333.4275,134.10625,310.1175,142.26625,186.8625,494.66125,210.1725
491.1575,323.41625,142.8125,318.18125,144.6725,194.61125,493.0175,199.86125
495.3375,322.16625,144.4125,318.23625,145.7925,195.28125,496.7175,199.22625
503.165,315.55375,148.25,323.35375,145.535,200.03875,500.45,192.22375
498.63875,320.08,153.87875,322.705,152.93375,197.26,497.67875,194.635
505.705,316.03125,153.73,325.51125,150.355,200.05125,502.33,190.55625
502.69,315.00625,157.72,330.33625,152.11,204.02125,497.08,188.70625
500.1825,316.02,155.8125,322.71,153.4275,199.74,497.7975,193.05
495.775,319.8,158.17,323.145,156.925,197.52,494.53,194.175
502.725,315.415,159.69,329.14,154.635,202.825,497.67,189.1
493.48875,320.835,161.43375,321.255,161.26875,195.525,493.33875,195.105
499.49375,317.5225,165.11375,327.5275,161.30375,200.2675,495.69875,190.2625
498.215,318.8025,161.33,321.6975,160.265,197.5275,497.15,194.6325
501.2925,320.40125,165.6375,327.88625,162.7575,198.96125,498.4125,191.46125
518.31875,315.3775,166.91375,334.2175,159.95375,204.2125,511.34375,185.3725
518.55,312.59,171.24,330.5,164.73,204.29,512.04,186.38
521.1175,314.45375,168.1225,334.08875,160.8925,204.15875,513.8875,184.50875
519.4475,314.04625,166.7975,324.15625,163.2425,199.94125,515.8925,189.84625
522.09125,314.5825,166.00625,329.0725,160.83125,201.7675,516.90125,187.2775
521.0825,314.2725,170.5325,331.9425,164.0675,203.7375,514.6175,186.0675
517.645,317.68125,170.515,329.69625,166.015,199.78125,513.145,187.75125
520.21,314.94875,170.185,329.24375,164.95,200.94875,514.975,186.66875
519.8025,318.0625,172.3125,325.1575,169.6875,196.9075,517.1775,189.8125
521.23625,315.8375,171.63125,329.1425,166.71125,199.9925,516.33125,186.6875
517.225,317.59125,172.78,330.34125,167.935,199.37625,512.38,186.64125
518.37125,319.35875,171.94625,328.31375,168.55625,197.37875,514.99625,188.43875
523.01375,316.96625,173.75375,331.39625,168.32375,200.16125,517.59875,185.74625
517.91875,316.89,174.34375,329.805,169.45375,199.59,513.01375,186.675
517.39625,317.58,177.70625,331.2,172.42625,199.26,512.10125,185.64
510.3975,320.81,174.6375,323.57,173.5725,193.37,509.3325,190.61
525.075,314.78125,175.845,337.58125,167.145,204.38125,516.375,181.56625
519.85375,316.55625,178.60375,335.03625,171.34375,200.95125,512.60875,182.48625
526.76125,319.16,168.72625,327.5,165.66625,196.28,523.71625,187.94
528.495,317.2675,173.715,332.9875,167.805,199.5025,522.585,183.7825
524.21375,315.1225,180.74375,335.7925,172.76375,203.3275,516.24875,182.6575
525.175,315.73,181.06,338.32,172.225,203.71,516.34,181.12
519.79,315.8975,176.74,335.8625,168.97,202.4525,512.02,182.4875
529.66625,313.78375,175.66625,340.72375,165.30125,204.49375,519.31625,177.56875
527.0125,311.605,178.7725,343.45,166.3375,207.475,514.5775,175.63
532.2175,311.3575,179.8975,346.1725,166.2325,207.9325,518.5525,173.1175
537.16625,307.35875,181.78625,345.41375,167.29625,209.97875,522.66125,171.93875
533.955,309.6425,177.3,342.8825,164.625,206.7875,521.28,173.5475
532.16625,310.33,177.86625,342.49,165.47625,205.87,519.76125,173.71
534.2775,310.3375,178.7325,344.9125,165.3525,207.3325,520.8975,172.7575
531.18125,311.645,177.60125,339.905,166.60625,202.415,520.20125,174.155
531.7475,308.895,180.2975,342.24,167.5025,207.405,518.9525,174.06
534.70125,306.82,181.66125,346.09,166.66125,211.18,519.68625,171.91
532.84125,310.77,181.66125,344.025,168.62625,206.43,519.82125,173.175
530.4,313.485,179.925,343.08,168.12,203.295,518.595,173.7
531.09125,313.75625,180.78125,342.13625,169.39625,201.63125,519.72125,173.26625
533.445,311.75,179.535,343.145,167.235,204.53,521.145,173.135
531.665,312.9,180.68,341.895,169.115,201.96,520.1,172.965
531.045,316.27125,180.87,341.87625,170.415,198.95625,520.59,173.36625
529.725,321.47375,180.135,343.67375,170.715,195.51875,520.305,173.30375
529.33875,317.94625,180.96375,343.53625,170.35875,199.22125,518.74875,173.64625
530.69125,314.7475,183.09625,349.0525,168.83125,204.5425,516.41125,170.2375
535.40375,312.7675,184.26875,353.2975,167.45375,207.7225,518.60375,167.1925
537.2175,311.7825,184.8375,355.3875,166.6725,208.5675,519.0525,164.9625
536.5725,315.73,183.2025,355.15,166.4175,204.73,519.7875,165.31
537.92625,311.91875,184.19625,354.24875,166.55625,206.87375,520.27125,164.52875
534.5825,319.3625,180.8075,351.2225,167.0675,198.6875,520.8425,166.8275
536.92,311.4325,179.77,350.1625,164.02,204.9775,521.17,166.2475
531.3425,321.355,179.0975,349.975,166.5875,196.045,518.8325,167.425
536.3625,312.515,183.1725,352.205,166.6875,205.505,519.8775,165.815
537.35625,314.205,181.63125,353.79,165.14625,205.575,520.85625,165.99
535.0425,313.30125,185.6625,363.41625,164.0475,212.72625,513.4275,162.62625
538.8025,312.5125,182.9275,356.8825,164.3875,208.1575,520.2625,163.7875
531.2375,319.5,189.3125,357.84,172.0325,203.7,513.9575,165.36
540.98,311.4125,185.33,362.7275,163.58,211.9175,519.23,160.6025
538.2225,311.9975,185.5575,356.4125,166.8675,208.0325,519.5325,163.6175
537.0225,316.7825,186.2175,361.4975,166.5675,207.3275,517.3725,162.6125
543.04125,315.78375,182.92125,359.37375,164.30625,205.65375,524.44125,162.07875
538.62625,319.4225,183.78625,353.6075,168.86125,198.7475,523.71625,164.5625
537.05375,324.22,187.43375,357.175,172.35875,197.14,521.96375,164.185
537.0825,327.415,179.6325,350.965,169.0275,190.045,526.4775,166.495
538.22875,322.53,174.55375,350.1,162.82375,195.27,526.48375,167.7
529.75125,333.77,167.18625,333.695,167.21625,173.33,529.79625,173.405
528.1625,336.2475,177.9875,338.5725,176.9075,175.4625,527.0825,173.1375
528.2525,334.655,168.1775,325.205,172.3775,165.305,532.4525,174.755
538.0375,334.765,169.6525,333.685,170.1325,170.515,538.5175,171.595
519.1425,339.99625,184.5525,329.45125,189.7275,165.12625,524.3175,175.65625
545.615,327.8575,173.45,341.6875,167.525,182.1925,539.69,168.3625
538.2725,325.19,178.6475,343.1,170.7575,184.67,530.3825,166.76
549.1725,322.6875,177.8775,347.3625,167.4375,190.1625,538.7325,165.4875
537.7275,335.85125,170.3925,334.41125,171.0225,172.11125,538.3575,173.53625
496.115,361.46625,163.835,300.22125,193.745,137.98125,526.025,199.24125
532.84875,363.0625,167.22375,303.2575,194.02875,139.3075,559.66875,199.1125
555.0775,344.0875,158.1475,310.2325,171.5725,152.8825,568.5025,186.7375
550.73,353.70125,152.42,306.75125,171.59,144.06125,569.9,190.99625
549.395,330.69,165.29,320.31,169.505,164.43,553.61,174.81
562.5125,286.985,194.2775,376.595,155.8175,218.555,524.0525,128.945
561.1925,282.1925,204.7925,386.0225,157.9175,225.1175,514.3175,121.2875
557.35125,284.19375,203.59125,385.68375,156.97125,223.14375,510.71625,121.66875
558.675,286.24,200.745,383.875,155.925,219.52,513.855,121.885
559.7375,284.3375,205.4525,385.4375,158.7725,221.8925,513.0575,120.7925
558.7825,286.99,209.3425,385.3,162.7675,219.79,512.2075,121.48
558.98,287.19125,210.2,384.25625,164.3,219.31625,513.08,122.26625
559.735,283.78,209.215,386.095,161.905,224.02,512.425,121.705
557.77375,288.29375,209.02375,379.47875,165.88375,214.53875,514.64875,123.33875
559.72375,284.56625,213.82375,384.39125,166.46875,220.26125,512.35375,120.45125
550.33125,289.545,218.84625,384.03,171.49125,217.875,502.96125,123.39
546.56625,285.405,221.44125,385.53,171.34125,222.855,496.48125,122.73
549.91125,277.6,221.09625,387.79,168.41625,230.62,497.24625,120.43
550.3825,277.54375,222.3775,388.70875,168.8875,230.90875,496.8925,119.72875
551.29625,278.5625,221.73125,387.9425,169.05125,229.2275,498.63125,119.8475
547.25125,277.8275,226.98625,388.1825,172.89625,231.2225,493.17625,120.8675
552.4475,273.61625,228.2975,390.33125,171.7625,233.32625,495.9125,116.59625
550.745,273.9775,226.28,388.0225,171.815,233.0725,496.28,119.0275
552.0875,271.84375,225.7025,390.71875,169.1825,235.51375,495.5675,116.65375
551.525,271.3,225.92,390.55,169.355,236.14,494.96,116.89
552.38375,270.28,224.15375,389.08,168.90875,236.44,497.12375,117.64
553.84375,269.73,224.29375,389.1,168.97375,236.37,498.53875,117.0
553.7375,270.0175,225.9275,389.3425,170.0525,235.8325,497.8625,116.5075
554.00625,269.4575,223.13625,388.3025,168.71625,236.7725,499.57125,117.9275
554.0425,269.75,223.6525,389.24,168.5275,236.81,498.9175,117.32
556.605,269.23875,222.12,388.86375,167.715,236.73375,502.2,117.09375
555.47,269.2225,219.86,389.0875,166.07,238.4875,501.68,118.6225
555.25,266.75125,223.27,389.51125,167.89,239.75125,499.87,116.97625
555.8225,268.54125,221.7425,388.60125,167.6675,238.10625,501.7475,118.06125
554.6775,268.0725,224.1525,388.3725,169.6125,238.5375,500.1375,118.2375
553.72125,268.235,224.54625,387.455,170.62125,238.565,499.78125,119.345
553.8375,268.43625,227.3475,388.88625,171.8925,238.57125,498.3825,118.13625
552.86375,265.775,224.82875,386.75,170.81375,240.305,498.86375,119.33
561.19625,264.5675,215.07125,393.0275,159.87125,244.3025,506.01125,115.8425
555.535,266.4875,225.085,389.8325,169.465,240.8225,499.915,117.4775
555.81625,266.23625,224.79625,389.23625,169.74625,241.05125,500.75125,118.06625
553.8875,266.595,226.3475,389.565,170.6225,241.125,498.1625,118.155
548.71875,268.00125,226.80375,390.16125,170.47875,241.78125,492.40875,119.60625
553.7925,266.585,224.9025,391.325,168.4575,242.495,497.3475,117.755
548.8375,268.3275,227.3425,390.0525,171.0925,241.4625,492.5875,119.7375
555.435,263.5925,228.63,391.4525,170.805,243.6575,497.61,115.7975
556.5275,261.7175,229.0475,391.6325,170.7425,244.6925,498.2225,114.7775
557.535,262.05875,225.63,391.68875,168.405,245.13875,500.31,115.52375
556.0,263.2175,226.705,391.4675,169.48,244.5125,498.775,116.2625
554.37,265.2175,227.415,391.0375,170.61,243.4525,497.565,117.6325
555.20625,263.265,228.26625,390.78,171.16125,244.395,498.11625,116.88
555.885,264.16,227.64,392.71,169.635,244.6,497.88,116.05
555.0625,262.8525,228.7675,390.2325,172.0075,244.8375,498.3025,117.4575
555.76875,263.86,228.69375,391.135,171.52875,244.24,498.61875,116.965
556.56,264.1575,227.28,392.7225,169.68,245.2125,498.96,116.6475
555.36125,264.64375,228.75125,389.98375,172.56125,243.56875,499.15625,118.21375
556.085,260.8825,230.66,392.6575,171.575,246.7675,497.0,114.9925
554.8225,262.45875,228.7825,392.37375,170.8075,246.85875,496.8475,116.95875
555.9625,261.5025,230.2675,391.3725,172.3675,246.1875,498.0625,116.3175
558.34625,259.83625,231.85625,393.83125,171.73625,247.31125,498.21125,113.33125
559.685,261.085,229.205,392.71,171.035,246.655,501.515,115.03
555.12,263.0925,232.56,391.1925,174.48,244.9575,497.04,116.8575
559.45375,262.16,226.97875,394.22,168.35875,246.62,500.81875,114.56
556.57375,261.66,228.83875,391.68,171.11875,246.18,498.83875,116.16
555.4725,262.30125,232.2225,392.21625,173.3775,245.80125,496.6275,115.87125
555.56625,262.56,230.72625,391.155,173.02125,245.4,497.87625,116.805
555.81375,261.49625,231.84375,391.17125,173.76375,246.10625,497.74875,116.41625
556.8925,263.39875,226.5925,393.07375,168.9775,246.31375,499.2775,116.62375
556.75875,261.48125,230.53875,391.00625,173.11875,246.42125,499.35375,116.88125
552.605,264.87875,233.06,392.28875,174.275,244.85375,493.82,117.42875
556.455,262.2525,231.435,391.4175,173.565,245.7975,498.585,116.6325
556.015,262.9175,233.635,393.4925,173.905,246.0125,496.285,115.4375
555.3525,262.4975,231.6375,391.3475,173.7375,245.8925,497.4525,117.0425
556.92,262.675,231.6,393.58,172.44,246.565,497.76,115.66
557.12875,264.295,232.84375,394.555,173.06875,245.785,497.36875,115.525
557.00875,262.12,232.34875,393.79,172.84375,247.06,497.48875,115.39
556.5075,262.0125,236.4375,394.2375,175.5825,246.9375,495.6525,114.7125
555.91375,263.80125,232.54375,393.28125,173.69875,246.26625,497.05375,116.80125
556.8775,262.37,233.7475,392.9,174.6925,246.71,497.8225,116.18
558.25,263.43375,234.4,395.02875,174.07,246.54375,497.92,114.96375
558.005,264.2,240.125,394.1,179.255,245.12,497.135,115.22
557.85375,263.21,234.33375,394.235,174.61875,246.77,498.12375,115.745
556.31875,263.715,232.60375,391.605,174.89875,245.565,498.62875,117.675
560.6175,260.33625,234.1275,395.47125,173.3325,248.60625,499.8225,113.45625
559.26,261.89,231.42,392.015,173.76,246.77,501.6,116.645
551.33625,279.25,217.84125,379.78,173.95125,234.19,507.46125,133.66
554.43,289.38625,208.245,372.68125,172.83,225.51625,519.015,142.20625
557.19125,291.1325,202.93625,369.3125,170.67125,223.0775,524.91125,144.8975
554.5125,295.33125,205.7325,364.18125,176.9175,218.21625,525.6975,149.38125
556.43125,295.4925,203.97625,365.6925,174.75625,219.0375,527.22625,148.8375
554.11,298.29,206.65,364.32,178.57,216.51,526.03,150.48
555.13,296.205,209.455,365.73,179.77,218.175,525.445,148.65
554.02625,298.44375,209.76125,365.04375,181.09625,216.82875,525.34625,150.21375
555.46125,297.10625,210.98625,364.54625,182.12625,217.14125,526.61625,149.71625
555.64375,297.825,208.61875,363.585,180.80875,216.795,527.81875,151.035
553.68,297.34,217.89,364.135,188.64,217.12,524.43,150.325
554.725,298.61875,218.905,363.08875,190.735,216.37375,526.555,151.88875
554.61875,298.9,218.49875,361.18,191.57375,215.8,527.67875,153.52
552.72875,303.3175,221.19875,355.9225,198.08375,210.2125,529.59875,157.6075
553.41375,309.54625,212.74875,344.97625,198.00375,203.31625,538.68375,167.87125
556.0575,323.5275,202.8525,328.4775,200.8725,187.7025,554.0775,182.7525
566.99125,325.81,198.59125,323.785,199.35625,184.27,567.77125,186.295
568.4175,322.8975,210.5175,323.1525,210.4125,185.0925,568.3125,184.8375
561.27,340.885,198.12,304.78,211.77,167.455,574.92,203.56
574.4625,343.8875,194.4075,299.7575,210.1875,163.7825,590.2425,207.9125
569.8825,346.64125,193.6825,297.77125,211.4875,160.70125,587.6875,209.55625
578.1275,320.05875,206.3525,320.64375,206.1425,186.93375,577.9175,186.33375
564.14125,348.5675,205.08625,294.1325,225.66625,158.3225,584.73625,212.7575
566.09375,343.76,206.24375,301.4,222.44375,163.7,582.30875,206.06
558.2375,345.615,208.8875,301.815,226.3325,162.645,575.6825,206.445
547.06125,361.19875,228.07125,294.95875,258.10125,150.35875,577.07625,216.61375
551.96,351.8975,237.29,304.8725,258.74,161.3525,573.41,208.3775
573.87,325.05875,244.11,323.01875,244.95,185.97875,574.71,188.03375
578.60875,301.55,262.94875,346.445,243.14875,207.29,558.82375,162.395
577.3325,302.1675,267.0875,346.3275,247.3775,207.8625,557.6225,163.7025
578.1975,301.79875,267.4275,347.65375,247.0125,209.21875,557.7825,163.37875
572.965,323.33375,264.325,332.46875,260.215,193.65875,568.855,184.50875
575.155,325.9075,265.63,327.4975,264.925,191.9425,574.45,190.3525
589.64625,329.3825,262.45125,324.8075,264.35625,188.9075,591.53625,193.4825
615.63,326.0975,262.83,329.3525,261.57,192.4925,614.37,189.2375
619.2425,301.9275,277.4525,344.0775,260.3675,205.5825,602.1575,163.4325
616.9025,305.38,282.4475,335.665,270.0875,199.18,604.5425,168.895
608.97875,322.2875,278.97875,321.7025,279.23375,183.9425,609.21875,184.5275
606.43125,325.1975,282.16125,317.2325,285.49125,181.8125,609.74625,189.7775
610.3725,321.4625,289.7625,321.1475,289.8975,184.7075,610.5075,185.0225
611.9675,314.25375,300.7775,328.93875,294.3425,192.36375,605.5325,177.69375
607.3075,317.43625,299.5225,321.21625,297.8425,184.92625,605.6275,181.13125
609.115,315.93125,307.615,323.41625,304.225,186.99125,605.725,179.49125
606.5475,318.98625,308.6325,318.26625,308.9625,182.86125,606.8775,183.59625
608.04,316.24625,313.8,323.44625,310.44,185.94125,604.68,178.75625
608.77,314.70125,316.66,324.63125,312.01,187.86125,604.12,177.91625
614.8225,309.1125,323.0875,330.6975,312.8875,192.8775,604.6225,171.2925
614.8425,305.1375,331.0725,336.9825,315.3675,197.0925,599.1375,165.2475
617.88,304.1175,330.45,338.7525,313.62,199.1325,601.05,164.4975
614.8025,302.27375,336.1325,338.88875,318.2075,202.40375,596.8775,165.80375
614.88,301.3225,343.905,343.9675,322.5,208.0075,593.475,165.3625
607.91625,325.68625,334.60125,326.72125,334.09125,195.45625,607.42125,194.40625
608.57125,328.9575,344.06125,330.4575,343.29625,195.7725,607.82125,194.2725
614.7625,319.365,365.7625,351.15,348.1675,213.375,597.1675,181.59
610.8125,340.5475,358.7525,342.0175,357.8975,196.0825,609.9575,194.6125
609.28625,344.61,378.60125,345.27,378.19625,197.67,608.86625,197.01
617.68625,350.7375,396.82625,353.3775,395.11625,209.6925,615.96125,207.0525
619.61,362.435,393.455,335.645,409.55,199.805,635.705,226.595
625.91,365.2075,404.045,328.4425,424.79,203.2825,646.655,240.0475
631.73125,357.675,420.36625,329.22,436.41625,209.925,647.79625,238.38
627.125,351.25,449.375,351.25,449.375,214.75,627.125,214.75
630.5,350.75,462.5,350.75,462.5,217.25,630.5,217.25
721.0,357.375,445.0,357.375,445.0,217.125,721.0,217.125
735.925,356.1,456.175,356.1,456.175,219.3,735.925,219.3
750.85,354.825,467.35,354.825,467.35,221.475,750.85,221.475
765.775,353.55,478.525,353.55,478.525,223.65,765.775,223.65
780.7,352.275,489.7,352.275,489.7,225.825,780.7,225.825
795.625,351.0,500.875,351.0,500.875,228.0,795.625,228.0
798.08,347.3125,522.08,347.3125,522.08,226.9375,798.08,226.9375
788.945,347.825,531.695,347.825,531.695,230.075,788.945,230.075
808.55,340.8375,570.05,340.8375,570.05,225.7125,808.55,225.7125
828.155,333.85,608.405,333.85,608.405,221.35,828.155,221.35
847.77,326.8625,646.77,326.8625,646.77,216.9875,847.77,216.9875
867.375,319.875,685.125,319.875,685.125,212.625,867.375,212.625
875.75,321.375,682.25,321.375,682.25,211.125,875.75,211.125
884.125,323.375,679.375,323.375,679.375,210.125,884.125,210.125
900.50875,317.26375,678.98875,304.91875,684.14875,212.23375,905.68375,224.59375
902.13875,318.415,673.74875,304.63,679.49375,209.665,907.86875,223.45
910.0475,320.2425,672.4925,302.2425,679.6025,208.3875,917.1575,226.3875
903.91875,320.325,670.98375,304.68,677.53875,207.015,910.48875,222.66
905.52,320.635,668.94,302.365,676.38,206.065,912.96,224.335
914.4925,332.53,661.0525,292.6,676.3975,195.13,929.8375,235.06
918.3925,341.51,658.2775,286.28,678.7975,189.65,938.9125,244.88
918.79,342.275,659.635,289.88,679.93,189.485,939.085,241.88
918.9075,343.00875,655.2375,286.62375,676.2825,188.20875,939.9525,244.60875
927.045,345.68,654.075,288.845,674.955,188.54,947.925,245.375
933.33,367.42,650.325,273.895,682.41,176.8,959.0,270.325
936.3675,358.58125,654.5025,281.99125,681.4425,182.82625,959.0,259.43125
939.215,364.65,648.065,274.11,678.485,176.31,959.0,266.85
949.13,356.27625,657.68,288.04125,682.19,183.32625,959.0,251.54625
952.74625,348.985,664.34125,294.775,684.33625,188.455,959.0,242.665
950.85875,350.84,663.17375,292.52,685.53875,182.12,959.0,240.44
951.59125,353.95625,663.74125,295.23125,687.11125,180.70625,959.0,239.41625
949.27625,354.9175,666.90125,295.0975,691.41125,179.3725,959.0,239.1925
949.17,355.3575,659.895,290.0475,685.95,174.6525,959.0,239.9625
952.715,356.985,662.015,292.23,688.145,174.915,959.0,239.67
959.0,354.3275,664.92,299.1875,687.525,178.3025,959.0,233.4425
959.0,355.91,664.76875,296.075,688.57375,176.45,959.0,236.285
959.0,356.9375,657.9025,291.6275,681.2125,175.5125,959.0,240.8225
959.0,354.88125,664.38,307.73625,682.83,179.54625,959.0,226.70625
959.0,353.19875,665.47625,309.89375,682.36625,181.61375,959.0,224.90375
959.0,352.2025,672.86625,312.0025,689.23125,181.9675,959.0,222.1675
959.0,350.695,673.38125,313.195,688.57625,182.785,959.0,220.285
959.0,350.18875,674.0425,317.03875,687.9325,182.24875,959.0,215.41375
959.0,350.91625,671.8825,315.56125,685.6375,181.97125,959.0,217.34125
959.0,353.88375,677.2675,313.66875,693.3925,179.44875,959.0,219.64875
959.0,388.48,679.4975,280.06,724.2725,148.96,959.0,257.38
959.0,392.82625,671.6925,297.06625,713.4225,150.56125,959.0,246.33625
