0.0120856,-0.0341678,-0.781205,0.0277188,0.0482812,-0.334135,0.0,0.0,1.0
0.0121672,-0.0339149,-0.780616,0.0265521,0.0500938,-0.338635,0.0,0.0,1.0
0.0101372,-0.0307402,-0.780786,0.0198854,0.0507812,-0.336469,0.0,0.0,1.0
0.0110538,-0.0342413,-0.781012,0.0220208,0.0557083,-0.346979,0.0,0.0,1.0
0.0128443,-0.0306661,-0.783004,0.0221875,0.0575,-0.350354,0.0,0.0,1.0
0.0143426,-0.0297454,-0.788437,0.0234583,0.0588958,-0.354937,0.0,0.0,1.0
0.015015,-0.0285058,-0.788637,0.0235,0.0590208,-0.357938,0.0,0.0,1.0
0.0122986,-0.0285394,-0.78975,0.0193021,0.0589062,-0.363594,0.0,0.0,1.0
0.0144624,-0.0295399,-0.789606,0.0236563,0.0584896,-0.374281,0.0,0.0,1.0
0.0152332,-0.0292841,-0.793336,0.0235937,0.0612812,-0.377927,0.0,0.0,1.0
0.0151169,-0.0321898,-0.792398,0.0258542,0.0609792,-0.386667,0.0,0.0,1.0
0.014651,-0.0310295,-0.794432,0.0235937,0.0624271,-0.389656,0.0,0.0,1.0
0.0161082,-0.0233501,-0.7996,0.0213333,0.0571042,-0.386854,0.0,0.0,1.0
0.0166852,-0.0260937,-0.801391,0.0229375,0.0614792,-0.391667,0.0,0.0,1.0
0.0171684,-0.0263455,-0.802335,0.0230938,0.0634479,-0.403927,0.0,0.0,1.0
0.0177002,-0.0275521,-0.801685,0.0221667,0.0712917,-0.412375,0.0,0.0,1.0
0.0174612,-0.0270017,-0.802354,0.0213958,0.0714167,-0.428062,0.0,0.0,1.0
0.018265,-0.0247523,-0.803736,0.0206771,0.0708229,-0.438073,0.0,0.0,1.0
0.0143958,-0.0324028,-0.800181,0.0258854,0.0583646,-0.465635,0.0,0.0,1.0
0.0165075,-0.0333409,-0.802439,0.02725,0.0654792,-0.468812,0.0,0.0,1.0
0.0166672,-0.0319716,-0.802413,0.0233292,0.0739958,-0.491204,0.0,0.0,1.0
0.019055,-0.0250978,-0.802762,0.0208802,0.0742135,-0.502464,0.0,0.0,1.0
0.0141128,-0.0354115,-0.801722,0.0256521,0.0631313,-0.51586,0.0,0.0,1.0
0.0171904,-0.0286395,-0.800365,0.0235823,0.0676656,-0.525416,0.0,0.0,1.0
0.0166806,-0.0329954,-0.794978,0.0282656,0.063099,-0.53637,0.0,0.0,1.0
0.0173119,-0.0342228,-0.792922,0.0312615,0.0614281,-0.550532,0.0,0.0,1.0
0.0192176,-0.0294826,-0.788308,0.0306198,0.0599531,-0.566245,0.0,0.0,1.0
0.0164288,-0.0360828,-0.782784,0.0316917,0.0606146,-0.580344,0.0,0.0,1.0
0.0155862,-0.0341591,-0.778453,0.0350615,0.0491781,-0.584866,0.0,0.0,1.0
0.0136944,-0.0378542,-0.768583,0.0349219,0.0480948,-0.595136,0.0,0.0,1.0
0.01625,-0.032037,-0.765324,0.039,0.04325,-0.60275,0.0,0.0,1.0
0.0140961,-0.0342095,-0.763446,0.0399365,0.0391198,-0.614934,0.0,0.0,1.0
0.0124288,-0.0348814,-0.761895,0.0428271,0.0327979,-0.625754,0.0,0.0,1.0
0.0133565,-0.0328472,-0.766898,0.0392448,0.0362135,-0.633957,0.0,0.0,1.0
0.011588,-0.0338808,-0.766971,0.03505,0.0363104,-0.64249,0.0,0.0,1.0
0.0111829,-0.0429676,-0.760005,0.0337135,0.0461844,-0.664851,0.0,0.0,1.0
0.0121319,-0.0401597,-0.761988,0.0344542,0.0458229,-0.675819,0.0,0.0,1.0
0.0125017,-0.0382575,-0.767308,0.0343865,0.0450656,-0.682626,0.0,0.0,1.0
0.0118177,-0.0391047,-0.765806,0.0335521,0.0446313,-0.700758,0.0,0.0,1.0
0.00989468,-0.0434259,-0.766887,0.0365542,0.0380792,-0.702,0.0,0.0,1.0
0.0467106,0.0111238,-0.767139,-0.0406833,0.0413854,-0.707923,0.0,0.0,1.0
0.014908,-0.0372367,-0.770454,0.0367208,0.0489729,-0.715635,0.0,0.0,1.0
0.0141771,-0.0354236,-0.774093,0.0322302,0.0504823,-0.72418,0.0,0.0,1.0
0.0143409,-0.0348628,-0.774249,0.0322667,0.0502021,-0.727998,0.0,0.0,1.0
0.0124074,-0.0377245,-0.773928,0.0329115,0.0460823,-0.722564,0.0,0.0,1.0
0.00921412,-0.039088,-0.769713,0.0299104,0.0390188,-0.727692,0.0,0.0,1.0
0.00790972,-0.0378032,-0.772213,0.0303615,0.031926,-0.723924,0.0,0.0,1.0
0.00996296,-0.0375961,-0.77483,0.028174,0.0430635,-0.720232,0.0,0.0,1.0
0.00877431,-0.0376655,-0.775767,0.0274729,0.0389792,-0.717573,0.0,0.0,1.0
0.00924768,-0.0386968,-0.774356,0.0249615,0.0464448,-0.71042,0.0,0.0,1.0
0.0118628,-0.0389242,-0.779468,0.0309625,0.0483146,-0.707235,0.0,0.0,1.0
0.00992014,-0.0393669,-0.776323,0.0260313,0.0486104,-0.701979,0.0,0.0,1.0
0.0097934,-0.0389485,-0.772745,0.02755,0.0448729,-0.699635,0.0,0.0,1.0
0.0126476,-0.0332622,-0.781792,0.0256031,0.0532177,-0.683391,0.0,0.0,1.0
0.0134635,-0.031298,-0.777212,0.0263813,0.0517604,-0.677037,0.0,0.0,1.0
0.0203634,-0.0258843,-0.782174,0.0261844,0.0652344,-0.663089,0.0,0.0,1.0
0.0156169,-0.0250197,-0.779176,0.0175427,0.0721656,-0.639205,0.0,0.0,1.0
0.0151175,-0.0287911,-0.776384,0.018,0.0783646,-0.628281,0.0,0.0,1.0
0.0236204,-0.00556597,-0.774581,0.00603958,0.0705187,-0.61031,0.0,0.0,1.0
0.0221933,-0.0163634,-0.770642,0.0149302,0.0788552,-0.610834,0.0,0.0,1.0
0.0242552,-0.0165203,-0.770841,0.015876,0.0818052,-0.59943,0.0,0.0,1.0
0.0228009,-0.0165995,-0.767106,0.0160885,0.0762156,-0.593841,0.0,0.0,1.0
0.0241279,-0.0118756,-0.763017,0.0124573,0.0745156,-0.597141,0.0,0.0,1.0
0.0221042,-0.0185625,-0.761919,0.0173958,0.0764083,-0.590846,0.0,0.0,1.0
0.0228333,-0.0189907,-0.757359,0.0179781,0.0781323,-0.59057,0.0,0.0,1.0
0.0200255,-0.0264491,-0.756935,0.0239385,0.0716906,-0.594711,0.0,0.0,1.0
0.0153437,-0.0291829,-0.755201,0.0225875,0.0642021,-0.589619,0.0,0.0,1.0
0.0203478,-0.0260075,-0.752975,0.0245188,0.0699354,-0.585915,0.0,0.0,1.0
0.0199051,-0.0188171,-0.751549,0.0172729,0.07025,-0.582396,0.0,0.0,1.0
0.0230098,-0.018114,-0.74941,0.0181135,0.0745344,-0.581305,0.0,0.0,1.0
0.018011,-0.0258582,-0.752085,0.021724,0.0694698,-0.578449,0.0,0.0,1.0
0.0225324,-0.0127755,-0.749153,0.0122104,0.0763875,-0.581887,0.0,0.0,1.0
0.0202448,-0.0149091,-0.748856,0.0134948,0.0724781,-0.586561,0.0,0.0,1.0
0.0182361,-0.0214537,-0.750481,0.0179938,0.0704521,-0.582869,0.0,0.0,1.0
0.0202124,-0.0199462,-0.749599,0.017601,0.0742385,-0.586634,0.0,0.0,1.0
0.0219091,-0.0177425,-0.750208,0.0158125,0.0796458,-0.584208,0.0,0.0,1.0
0.0205162,-0.0166157,-0.74856,0.0143885,0.076824,-0.58722,0.0,0.0,1.0
0.0171603,-0.0212922,-0.748688,0.0154802,0.0764656,-0.587736,0.0,0.0,1.0
0.0156389,-0.0286134,-0.74756,0.0214583,0.0675479,-0.586381,0.0,0.0,1.0
0.0165509,-0.028287,-0.746273,0.020625,0.0735583,-0.5891,0.0,0.0,1.0
0.0150984,-0.0300405,-0.747541,0.0210802,0.0697385,-0.592572,0.0,0.0,1.0
0.0174815,-0.0243218,-0.750271,0.018149,0.0759219,-0.593109,0.0,0.0,1.0
0.0207216,-0.0189971,-0.748627,0.0165719,0.0769323,-0.595661,0.0,0.0,1.0
0.0159242,-0.0235168,-0.749767,0.0161865,0.0749552,-0.599018,0.0,0.0,1.0
0.0179016,-0.0202049,-0.7473,0.0152042,0.0771063,-0.604981,0.0,0.0,1.0
0.018022,-0.0192257,-0.747501,0.0148948,0.0753719,-0.602476,0.0,0.0,1.0
0.0212853,-0.0101163,-0.745683,0.00904375,0.0771167,-0.60495,0.0,0.0,1.0
0.0177957,-0.0199601,-0.744891,0.0147115,0.0782156,-0.609466,0.0,0.0,1.0
0.0176505,-0.0191667,-0.743947,0.0147323,0.0743844,-0.611197,0.0,0.0,1.0
0.0176065,-0.0235556,-0.741368,0.0193365,0.0694948,-0.619786,0.0,0.0,1.0
0.0204554,-0.0143675,-0.74321,0.011775,0.0808125,-0.610333,0.0,0.0,1.0
0.0191285,-0.0228438,-0.743573,0.0183521,0.0771521,-0.615006,0.0,0.0,1.0
0.0194855,-0.012599,-0.743444,0.00996146,0.0798615,-0.609653,0.0,0.0,1.0
0.0197471,-0.0156036,-0.743104,0.0119802,0.0833427,-0.607989,0.0,0.0,1.0
0.0194676,-0.0162269,-0.743241,0.0124625,0.0820938,-0.608677,0.0,0.0,1.0
0.0193096,-0.0137772,-0.743361,0.0108146,0.0797042,-0.607975,0.0,0.0,1.0
0.0193235,-0.00999479,-0.740157,0.00836875,0.0748229,-0.615656,0.0,0.0,1.0
0.020765,-0.00875116,-0.740765,0.00838958,0.0702313,-0.617877,0.0,0.0,1.0
0.0186649,-0.012114,-0.739128,0.0102302,0.0716302,-0.619484,0.0,0.0,1.0
0.0200116,-0.00689815,-0.738669,0.00614896,0.0726969,-0.616676,0.0,0.0,1.0
0.0188385,-0.015077,-0.737369,0.0108156,0.0850323,-0.614678,0.0,0.0,1.0
0.0216672,-0.0154404,-0.73669,0.0131677,0.0823177,-0.617276,0.0,0.0,1.0
0.0220602,-0.0118403,-0.732164,0.00993125,0.0852896,-0.618019,0.0,0.0,1.0
0.0210359,-0.0145081,-0.729624,0.0120979,0.0817688,-0.622623,0.0,0.0,1.0
0.0223843,-0.0171875,-0.728368,0.0139646,0.0892292,-0.624396,0.0,0.0,1.0
0.0237095,-0.0166725,-0.726279,0.0152875,0.0837792,-0.627529,0.0,0.0,1.0
0.022691,-0.019022,-0.72342,0.0174219,0.080249,-0.628582,0.0,0.0,1.0
0.0229456,-0.0178646,-0.723779,0.0160156,0.082951,-0.625764,0.0,0.0,1.0
0.0226389,-0.0183102,-0.723773,0.016551,0.0811302,-0.625547,0.0,0.0,1.0
0.0229832,-0.0193837,-0.727231,0.0169594,0.0850969,-0.625222,0.0,0.0,1.0
0.0224444,-0.0169583,-0.729354,0.0168333,0.0732771,-0.629402,0.0,0.0,1.0
0.0216997,-0.0183663,-0.730947,0.0165437,0.0780563,-0.624806,0.0,0.0,1.0
0.0231464,-0.0192112,-0.732313,0.0187844,0.0767115,-0.623628,0.0,0.0,1.0
0.0211806,-0.0149421,-0.728299,0.0160083,0.0640292,-0.637579,0.0,0.0,1.0
0.0222801,-0.0103935,-0.725382,0.0128448,0.0584177,-0.637559,0.0,0.0,1.0
0.0253189,-0.0201221,-0.729914,0.020174,0.0794906,-0.622616,0.0,0.0,1.0
0.0246267,-0.0216406,-0.730159,0.0214385,0.0779052,-0.621134,0.0,0.0,1.0
0.0239346,-0.0231591,-0.730404,0.0226917,0.0763313,-0.619644,0.0,0.0,1.0
0.0232483,-0.0246719,-0.730656,0.0239563,0.0747458,-0.618163,0.0,0.0,1.0
0.0225561,-0.0261904,-0.730901,0.0252104,0.0731708,-0.616671,0.0,0.0,1.0
0.021864,-0.0277089,-0.731146,0.0264646,0.0715958,-0.615179,0.0,0.0,1.0
0.0211777,-0.0292216,-0.731398,0.0277292,0.0700104,-0.613698,0.0,0.0,1.0
0.0204855,-0.0307402,-0.731643,0.0289823,0.0684344,-0.612205,0.0,0.0,1.0
0.0197992,-0.0322529,-0.731894,0.0302365,0.0668594,-0.610714,0.0,0.0,1.0
0.0191071,-0.0337714,-0.732139,0.031501,0.065274,-0.609232,0.0,0.0,1.0
0.0184149,-0.0352899,-0.732385,0.0327552,0.063699,-0.607741,0.0,0.0,1.0
0.0177286,-0.0368027,-0.732636,0.0340083,0.062125,-0.60625,0.0,0.0,1.0
0.0204722,-0.0357731,-0.734951,0.0385479,0.0613771,-0.604169,0.0,0.0,1.0
0.0232037,-0.0347546,-0.737266,0.0430844,0.0606302,-0.602086,0.0,0.0,1.0
0.013169,-0.0387014,-0.733146,0.034525,0.0478146,-0.58946,0.0,0.0,1.0
0.0127622,-0.0397529,-0.734649,0.0352083,0.0466646,-0.585415,0.0,0.0,1.0
0.0229618,-0.0331933,-0.7378,0.040124,0.0619594,-0.587668,0.0,0.0,1.0
0.0228791,-0.0326707,-0.737983,0.0391406,0.0624135,-0.582851,0.0,0.0,1.0
0.0227911,-0.0321545,-0.738161,0.0381469,0.0628573,-0.578045,0.0,0.0,1.0
0.0227141,-0.0316377,-0.738339,0.0371521,0.0633,-0.573237,0.0,0.0,1.0
0.0203484,-0.0321655,-0.737212,0.0355042,0.0596167,-0.567575,0.0,0.0,1.0
0.0179942,-0.0326933,-0.736084,0.0338552,0.0559344,-0.561914,0.0,0.0,1.0
0.0177228,-0.0294936,-0.732954,0.0273531,0.0619344,-0.55733,0.0,0.0,1.0
0.0175689,-0.0327888,-0.732187,0.0295062,0.0632396,-0.553406,0.0,0.0,1.0
0.0183461,-0.0291331,-0.729168,0.0264198,0.0655448,-0.55417,0.0,0.0,1.0
0.0177789,-0.0295845,-0.726969,0.0256073,0.0665615,-0.555999,0.0,0.0,1.0
0.0180694,-0.0296898,-0.725049,0.0260083,0.0668167,-0.560317,0.0,0.0,1.0
0.0179514,-0.0298032,-0.720764,0.0266865,0.0649365,-0.567207,0.0,0.0,1.0
0.015,-0.0321875,-0.714688,0.0253906,0.0615844,-0.574439,0.0,0.0,1.0
0.0178299,-0.02886,-0.712633,0.0253323,0.0657885,-0.57783,0.0,0.0,1.0
0.0185648,-0.0286111,-0.708704,0.0257104,0.0669604,-0.580794,0.0,0.0,1.0
0.0183854,-0.030191,-0.705515,0.0261281,0.0688344,-0.583376,0.0,0.0,1.0
0.0177083,-0.0329167,-0.703102,0.0277229,0.0681375,-0.589367,0.0,0.0,1.0
0.0154745,-0.0349306,-0.697535,0.0314396,0.0557104,-0.598148,0.0,0.0,1.0
0.0152431,-0.0354051,-0.693681,0.0318583,0.0548833,-0.603238,0.0,0.0,1.0
0.0149769,-0.0358796,-0.690486,0.0322271,0.054025,-0.609546,0.0,0.0,1.0
0.0142245,-0.0393287,-0.691424,0.0326646,0.0555229,-0.613192,0.0,0.0,1.0
0.0423495,0.0110185,-0.684039,-0.039399,0.0383656,-0.616686,0.0,0.0,1.0
0.0451273,0.0078588,-0.680324,-0.0278427,0.041324,-0.618751,0.0,0.0,1.0
0.0460706,0.00315394,-0.673895,-0.0124135,0.0378823,-0.611382,0.0,0.0,1.0
0.0463657,0.00241898,-0.673021,-0.00927188,0.0390927,-0.609155,0.0,0.0,1.0
0.0462558,0.00244792,-0.669578,-0.00980937,0.0373802,-0.616814,0.0,0.0,1.0
0.0474942,0.00296875,-0.673328,-0.0123708,0.0369646,-0.616504,0.0,0.0,1.0
0.046875,0.00321759,-0.674329,-0.0121302,0.0402927,-0.619595,0.0,0.0,1.0
0.0463889,0.00336806,-0.675845,-0.0135458,0.0373312,-0.626833,0.0,0.0,1.0
0.0457523,0.00275463,-0.668808,-0.0111896,0.0364979,-0.632546,0.0,0.0,1.0
0.043235,0.00522569,-0.675642,-0.0162542,0.0449958,-0.642542,0.0,0.0,1.0
0.0406655,0.00723958,-0.676869,-0.0287354,0.0331979,-0.638979,0.0,0.0,1.0
0.0440509,0.00497685,-0.67544,-0.0208208,0.0340896,-0.63799,0.0,0.0,1.0
0.0442824,0.00204861,-0.672674,-0.00800417,0.0367187,-0.642077,0.0,0.0,1.0
0.0475463,0.00446759,-0.671204,-0.0201365,0.0341385,-0.641461,0.0,0.0,1.0
0.0487269,0.00361111,-0.667824,-0.0154781,0.0368427,-0.641051,0.0,0.0,1.0
0.0460764,0.00332176,-0.663194,-0.0132125,0.0375562,-0.645006,0.0,0.0,1.0
0.04511,0.00288773,-0.664763,-0.0108792,0.0387667,-0.652525,0.0,0.0,1.0
0.0452141,0.00183449,-0.661534,-0.00712813,0.0376469,-0.651247,0.0,0.0,1.0
0.0478241,0.00358796,-0.66088,-0.0126573,0.0439031,-0.649572,0.0,0.0,1.0
0.0452141,0.00362847,-0.660006,-0.0137667,0.0386646,-0.651994,0.0,0.0,1.0
0.044728,0.00370949,-0.6568,-0.0129875,0.0414146,-0.658181,0.0,0.0,1.0
0.0466725,0.00495949,-0.657112,-0.0196646,0.0381083,-0.65176,0.0,0.0,1.0
0.0494618,0.00471643,-0.655168,-0.0171333,0.0441521,-0.657665,0.0,0.0,1.0
0.0445486,0.00478009,-0.652662,-0.016724,0.0412385,-0.664966,0.0,0.0,1.0
0.0471991,0.00443287,-0.655104,-0.0165729,0.0408833,-0.666135,0.0,0.0,1.0
0.0439005,0.00467593,-0.648484,-0.0171417,0.0388042,-0.664054,0.0,0.0,1.0
0.0432697,0.00338542,-0.643698,-0.0119375,0.0397771,-0.661698,0.0,0.0,1.0
0.0434549,0.00342014,-0.645226,-0.0133646,0.0359938,-0.668483,0.0,0.0,1.0
0.0456366,0.00390046,-0.646481,-0.0154167,0.0373625,-0.665358,0.0,0.0,1.0
0.0423322,0.00226273,-0.641742,-0.00849167,0.0366062,-0.666894,0.0,0.0,1.0
0.0402199,0.0074537,-0.643183,-0.0251594,0.0386302,-0.662964,0.0,0.0,1.0
0.0407407,0.00871528,-0.640613,-0.0274917,0.0418729,-0.658098,0.0,0.0,1.0
0.0405903,0.00864583,-0.637245,-0.0306583,0.0370854,-0.658044,0.0,0.0,1.0
0.041684,0.00872106,-0.63629,-0.0298229,0.0394792,-0.653585,0.0,0.0,1.0
0.0405324,0.00810185,-0.630833,-0.0266146,0.03995,-0.65021,0.0,0.0,1.0
0.0401273,0.006875,-0.62941,-0.0248958,0.0359208,-0.639988,0.0,0.0,1.0
0.0359317,0.00926505,-0.635793,-0.0329448,0.0327344,-0.637966,0.0,0.0,1.0
0.0424248,0.00815393,-0.630978,-0.0353469,0.0317156,-0.634809,0.0,0.0,1.0
0.0425521,0.0048669,-0.625052,-0.0231323,0.0289885,-0.635897,0.0,0.0,1.0
0.0501273,0.00508102,-0.623843,-0.0196656,0.0419656,-0.608336,0.0,0.0,1.0
0.0472222,0.00563657,-0.625775,-0.0216833,0.0397125,-0.603475,0.0,0.0,1.0
0.0443287,0.00619213,-0.627697,-0.0237021,0.0374583,-0.598615,0.0,0.0,1.0
0.0414236,0.00674769,-0.62963,-0.0257219,0.0352052,-0.593755,0.0,0.0,1.0
0.0440856,0.0062963,-0.630498,-0.0242719,0.0368865,-0.583324,0.0,0.0,1.0
0.0467477,0.00584491,-0.631366,-0.022826,0.0385427,-0.572918,0.0,0.0,1.0
0.0494097,0.00539352,-0.632234,-0.021374,0.0402073,-0.562499,0.0,0.0,1.0
0.0520718,0.00494213,-0.633102,-0.0199167,0.041875,-0.552083,0.0,0.0,1.0
0.0513079,0.00456019,-0.63522,-0.0182542,0.0416708,-0.555546,0.0,0.0,1.0
0.0505498,0.00417245,-0.637344,-0.0165969,0.0414615,-0.559024,0.0,0.0,1.0
0.0497801,0.00378472,-0.639468,-0.0149219,0.041249,-0.562499,0.0,0.0,1.0
0.049022,0.00339699,-0.641591,-0.0132688,0.0410354,-0.565973,0.0,0.0,1.0
0.0482639,0.00300926,-0.643704,-0.0116042,0.0408333,-0.569438,0.0,0.0,1.0
0.0475116,0.00262731,-0.645833,-0.00993958,0.0406104,-0.572923,0.0,0.0,1.0
0.0470486,0.00315972,-0.648912,-0.011251,0.0412823,-0.572782,0.0,0.0,1.0
0.0465972,0.0037037,-0.651991,-0.0125625,0.0419542,-0.572642,0.0,0.0,1.0
0.04614,0.00425347,-0.655075,-0.013875,0.0426271,-0.572502,0.0,0.0,1.0
0.0456829,0.00479167,-0.65816,-0.0151865,0.043299,-0.572361,0.0,0.0,1.0
0.0452315,0.00533565,-0.661238,-0.0164979,0.0439708,-0.572221,0.0,0.0,1.0
0.0447801,0.00587963,-0.664317,-0.0178094,0.0446448,-0.572082,0.0,0.0,1.0
0.0438889,0.00815972,-0.670127,-0.0276844,0.0416802,-0.577701,0.0,0.0,1.0
0.0430093,0.0104398,-0.675926,-0.037549,0.0387073,-0.583332,0.0,0.0,1.0
0.0134201,-0.0374595,-0.681047,0.0323333,0.050375,-0.577833,0.0,0.0,1.0
0.0163194,-0.0350116,-0.686377,0.0314656,0.0588219,-0.581322,0.0,0.0,1.0
0.0178125,-0.0333681,-0.691343,0.0299333,0.0643521,-0.577998,0.0,0.0,1.0
0.0169387,-0.0334317,-0.696707,0.0290969,0.063076,-0.582389,0.0,0.0,1.0
0.0186921,-0.030544,-0.701204,0.0265604,0.0696354,-0.58099,0.0,0.0,1.0
0.0196412,-0.0252431,-0.701852,0.0235583,0.0681812,-0.586702,0.0,0.0,1.0
0.0193287,-0.0255208,-0.704502,0.0226167,0.0706646,-0.588331,0.0,0.0,1.0
0.0220139,-0.0191667,-0.707407,0.0179448,0.0761885,-0.579959,0.0,0.0,1.0
0.0168171,-0.0302199,-0.71,0.0243375,0.0676875,-0.578396,0.0,0.0,1.0
0.0188715,-0.0273553,-0.708374,0.0216208,0.077375,-0.578458,0.0,0.0,1.0
0.0183391,-0.0216262,-0.708247,0.0172646,0.0744292,-0.573825,0.0,0.0,1.0
0.021088,-0.0247685,-0.70912,0.0221427,0.0764302,-0.578243,0.0,0.0,1.0
0.0168576,-0.0310822,-0.707494,0.0231677,0.0732677,-0.580643,0.0,0.0,1.0
0.0186863,-0.0275752,-0.702899,0.0252719,0.0660448,-0.585732,0.0,0.0,1.0
0.0205093,-0.0273264,-0.701655,0.0232448,0.0781302,-0.573755,0.0,0.0,1.0
0.0168403,-0.0270949,-0.698542,0.0207667,0.0711604,-0.579515,0.0,0.0,1.0
0.0163194,-0.028125,-0.692685,0.0215865,0.068901,-0.580234,0.0,0.0,1.0
0.0202083,-0.0226273,-0.690127,0.0209813,0.070575,-0.582221,0.0,0.0,1.0
0.0193634,-0.0156481,-0.685637,0.0132271,0.074275,-0.579379,0.0,0.0,1.0
0.0194676,-0.0165856,-0.680174,0.013625,0.0768125,-0.586187,0.0,0.0,1.0
0.0194213,-0.013669,-0.677095,0.0117927,0.0729281,-0.585928,0.0,0.0,1.0
0.0186343,-0.0184375,-0.672558,0.0154646,0.0719854,-0.592902,0.0,0.0,1.0
0.0182755,-0.0204745,-0.669977,0.0176865,0.0685865,-0.595816,0.0,0.0,1.0
0.0194213,-0.0253009,-0.665532,0.022476,0.0708594,-0.598547,0.0,0.0,1.0
0.0185648,-0.0250579,-0.661725,0.0230042,0.0655146,-0.600806,0.0,0.0,1.0
0.0184838,-0.0248958,-0.658866,0.0223583,0.0666438,-0.605206,0.0,0.0,1.0
0.018316,-0.0308623,-0.652992,0.0278958,0.0656438,-0.608831,0.0,0.0,1.0
0.0175926,-0.0337731,-0.650718,0.0292313,0.0658417,-0.609571,0.0,0.0,1.0
0.0156308,-0.0285127,-0.645133,0.021875,0.0660229,-0.620356,0.0,0.0,1.0
0.0160648,-0.0324769,-0.639907,0.0273531,0.0618031,-0.618949,0.0,0.0,1.0
0.0166319,-0.0331134,-0.631065,0.031774,0.0561802,-0.625784,0.0,0.0,1.0
0.0147743,-0.0360937,-0.625179,0.0307385,0.0561927,-0.631384,0.0,0.0,1.0
0.0138657,-0.03875,-0.617801,0.0337469,0.051601,-0.634601,0.0,0.0,1.0
0.0128125,-0.0398843,-0.610729,0.0354094,0.0467719,-0.643224,0.0,0.0,1.0
0.0170833,-0.0326273,-0.60978,0.0311073,0.0580594,-0.639411,0.0,0.0,1.0
0.0435995,0.0101505,-0.598426,-0.040276,0.035626,-0.644822,0.0,0.0,1.0
0.0489178,0.00595486,-0.59011,-0.0220198,0.0428906,-0.655447,0.0,0.0,1.0
0.0501736,0.00363426,-0.586655,-0.0160646,0.0367604,-0.658713,0.0,0.0,1.0
0.0466609,0.00879051,-0.588698,-0.0351021,0.0378792,-0.663744,0.0,0.0,1.0
0.0465856,0.00885417,-0.58838,-0.0339292,0.0393813,-0.664573,0.0,0.0,1.0
0.0436516,0.0120775,-0.592853,-0.0444,0.0384625,-0.669821,0.0,0.0,1.0
0.0452546,0.0122685,-0.592847,-0.0460135,0.0391135,-0.67062,0.0,0.0,1.0
0.015162,-0.0361921,-0.601285,0.0315646,0.0563146,-0.674179,0.0,0.0,1.0
0.0150116,-0.0398032,-0.599907,0.0364104,0.0531667,-0.675298,0.0,0.0,1.0
0.0139873,-0.0404109,-0.599971,0.0322115,0.0568365,-0.679136,0.0,0.0,1.0
0.0172164,-0.0341725,-0.604647,0.0312958,0.0609229,-0.690023,0.0,0.0,1.0
0.0146875,-0.0396991,-0.600451,0.0296479,0.0637417,-0.68611,0.0,0.0,1.0
0.0166551,-0.0254514,-0.607546,0.0188125,0.0730167,-0.687917,0.0,0.0,1.0
0.0171181,-0.0309606,-0.60125,0.0253469,0.0677823,-0.699905,0.0,0.0,1.0
0.0178009,-0.0313079,-0.596007,0.0275917,0.0654583,-0.707388,0.0,0.0,1.0
0.0155787,-0.037338,-0.590463,0.0292292,0.0644875,-0.713283,0.0,0.0,1.0
0.0160995,-0.0417708,-0.58912,0.0297583,0.0731792,-0.716667,0.0,0.0,1.0
0.0186285,-0.0345544,-0.592193,0.0268292,0.0777437,-0.718598,0.0,0.0,1.0
0.0186921,-0.0299306,-0.58397,0.0265802,0.0681948,-0.736211,0.0,0.0,1.0
0.0178935,-0.037419,-0.574988,0.035924,0.0603802,-0.744068,0.0,0.0,1.0
0.0168981,-0.0394213,-0.570255,0.0373292,0.0578104,-0.753677,0.0,0.0,1.0
0.0156539,-0.0366493,-0.56864,0.0306083,0.06075,-0.759888,0.0,0.0,1.0
0.0145139,-0.0361343,-0.567338,0.0261542,0.0649521,-0.760119,0.0,0.0,1.0
0.0152315,-0.036956,-0.568229,0.0285729,0.0637979,-0.764217,0.0,0.0,1.0
0.0163194,-0.0354745,-0.566262,0.0311052,0.0603073,-0.767459,0.0,0.0,1.0
0.0167245,-0.0355903,-0.564907,0.0327719,0.0588615,-0.767609,0.0,0.0,1.0
0.0162963,-0.0367361,-0.56375,0.0297396,0.0652479,-0.767687,0.0,0.0,1.0
0.0172454,-0.0372801,-0.562419,0.0316719,0.0657677,-0.767772,0.0,0.0,1.0
0.0159028,-0.0421528,-0.561458,0.0331406,0.0655344,-0.763074,0.0,0.0,1.0
0.014809,-0.0348785,-0.560885,0.0269188,0.0621646,-0.760413,0.0,0.0,1.0
0.0164873,-0.0375289,-0.563258,0.0316375,0.0633563,-0.759473,0.0,0.0,1.0
0.0154572,-0.0414525,-0.562992,0.0330396,0.0628313,-0.757696,0.0,0.0,1.0
0.0164583,-0.0385532,-0.56066,0.0341844,0.0601469,-0.758841,0.0,0.0,1.0
0.0153472,-0.0367708,-0.559618,0.0298219,0.0612906,-0.756516,0.0,0.0,1.0
0.0152546,-0.0367014,-0.560683,0.0295656,0.061374,-0.754232,0.0,0.0,1.0
0.0152836,-0.0380961,-0.560249,0.0305365,0.0617615,-0.754161,0.0,0.0,1.0
0.0158275,-0.0376794,-0.560584,0.0326406,0.0592094,-0.755522,0.0,0.0,1.0
0.0143403,-0.0391782,-0.559745,0.029576,0.0615406,-0.749957,0.0,0.0,1.0
0.0166782,-0.0359838,-0.559421,0.0315417,0.0616208,-0.752504,0.0,0.0,1.0
0.0151678,-0.0425984,-0.559728,0.0375344,0.0557656,-0.749651,0.0,0.0,1.0
0.0135069,-0.0380787,-0.559178,0.0283875,0.0587042,-0.745642,0.0,0.0,1.0
0.0150231,-0.0388194,-0.562292,0.0330833,0.0571083,-0.749233,0.0,0.0,1.0
0.0150579,-0.0376389,-0.560197,0.0357375,0.0513917,-0.74795,0.0,0.0,1.0
0.0126273,-0.0386458,-0.559931,0.0299375,0.0528187,-0.744106,0.0,0.0,1.0
0.0139757,-0.0394387,-0.561013,0.031949,0.055899,-0.745026,0.0,0.0,1.0
0.013912,-0.0425,-0.562963,0.036725,0.0521417,-0.745179,0.0,0.0,1.0
0.0138715,-0.039566,-0.564751,0.0335198,0.0530427,-0.747568,0.0,0.0,1.0
0.0153646,-0.0401447,-0.565851,0.0400417,0.0499187,-0.754423,0.0,0.0,1.0
0.0119329,-0.0465509,-0.558947,0.0400771,0.0449208,-0.749135,0.0,0.0,1.0
0.0136111,-0.0416667,-0.564699,0.0351292,0.0523062,-0.74839,0.0,0.0,1.0
0.0137269,-0.0393519,-0.565602,0.0361187,0.0484333,-0.751173,0.0,0.0,1.0
0.0143866,-0.0407176,-0.565799,0.0362792,0.0523062,-0.750394,0.0,0.0,1.0
0.0143981,-0.0381597,-0.566238,0.0332333,0.0535917,-0.747783,0.0,0.0,1.0
0.0128762,-0.0425174,-0.565388,0.0336802,0.0526781,-0.748136,0.0,0.0,1.0
0.0140567,-0.04011,-0.56533,0.0341021,0.0535542,-0.752794,0.0,0.0,1.0
0.0137269,-0.0417593,-0.564398,0.0342396,0.0542729,-0.752779,0.0,0.0,1.0
0.0142477,-0.0431944,-0.563738,0.039649,0.0503052,-0.753826,0.0,0.0,1.0
0.0122338,-0.0428356,-0.561736,0.0348052,0.0488156,-0.755086,0.0,0.0,1.0
0.0128704,-0.0453935,-0.560232,0.0401562,0.047125,-0.757748,0.0,0.0,1.0
0.0130208,-0.0426505,-0.562245,0.0380417,0.0473125,-0.757054,0.0,0.0,1.0
0.0130382,-0.0455266,-0.560758,0.0404458,0.0475479,-0.759581,0.0,0.0,1.0
0.0127894,-0.0430208,-0.563657,0.0382,0.0466646,-0.760981,0.0,0.0,1.0
0.0450579,0.0115394,-0.56338,-0.0417917,0.0403333,-0.758892,0.0,0.0,1.0
0.0120544,-0.0451215,-0.563027,0.0368354,0.0478354,-0.763296,0.0,0.0,1.0
0.0121759,-0.045706,-0.564641,0.0393917,0.0457604,-0.760235,0.0,0.0,1.0
0.0117014,-0.0459954,-0.563947,0.0360479,0.0483687,-0.762383,0.0,0.0,1.0
0.0126273,-0.0446528,-0.56485,0.036524,0.0500385,-0.762891,0.0,0.0,1.0
0.0131597,-0.0405671,-0.5725,0.0351417,0.0492146,-0.762948,0.0,0.0,1.0
0.013912,-0.0383449,-0.573183,0.0325146,0.0531583,-0.760585,0.0,0.0,1.0
0.011713,-0.0434722,-0.570301,0.0356906,0.0461948,-0.759934,0.0,0.0,1.0
0.0127199,-0.0424653,-0.570856,0.0384906,0.0454344,-0.760889,0.0,0.0,1.0
0.0118981,-0.0446296,-0.572454,0.0366458,0.0469312,-0.761919,0.0,0.0,1.0
0.0138831,-0.0420081,-0.575156,0.0362594,0.0521031,-0.761553,0.0,0.0,1.0
0.0126215,-0.0456308,-0.575295,0.0377292,0.0494458,-0.756938,0.0,0.0,1.0
0.0131366,-0.0427315,-0.579363,0.0364177,0.0499344,-0.753959,0.0,0.0,1.0
0.0134549,-0.0454109,-0.578362,0.0392094,0.0504885,-0.747924,0.0,0.0,1.0
0.0109375,-0.0433102,-0.580706,0.0289042,0.0530958,-0.745438,0.0,0.0,1.0
0.01261,-0.0429572,-0.585365,0.0325875,0.0538625,-0.741504,0.0,0.0,1.0
0.0130324,-0.040787,-0.587662,0.0323385,0.0532552,-0.737418,0.0,0.0,1.0
0.0130266,-0.042691,-0.588258,0.0342167,0.0526542,-0.737004,0.0,0.0,1.0
0.0142014,-0.0416435,-0.591007,0.0348625,0.0549729,-0.73626,0.0,0.0,1.0
0.012338,-0.0429745,-0.592789,0.0341417,0.0503417,-0.735033,0.0,0.0,1.0
0.0138484,-0.0420197,-0.595666,0.0335917,0.0561167,-0.734,0.0,0.0,1.0
0.0112153,-0.0431366,-0.598657,0.0349854,0.0448083,-0.728627,0.0,0.0,1.0
0.0109144,-0.0442245,-0.598958,0.0388844,0.040224,-0.727409,0.0,0.0,1.0
0.0433044,0.00983218,-0.600249,-0.0376802,0.0366198,-0.724909,0.0,0.0,1.0
0.0118981,-0.0399537,-0.604954,0.0356813,0.0431417,-0.722123,0.0,0.0,1.0
0.0351852,0.00990741,-0.608472,-0.0321833,0.0351083,-0.721725,0.0,0.0,1.0
0.0388252,0.00438079,-0.604635,-0.0137375,0.0401146,-0.717823,0.0,0.0,1.0
0.0450926,0.00402778,-0.601806,-0.01455,0.0404875,-0.71265,0.0,0.0,1.0
0.04761,0.00242477,-0.598073,-0.00905417,0.04135,-0.707117,0.0,0.0,1.0
0.0478588,-0.000243056,-0.598681,0.000792708,0.0458156,-0.698741,0.0,0.0,1.0
0.0491898,-0.000752315,-0.598507,0.00272187,0.0442823,-0.694118,0.0,0.0,1.0
0.047934,0.000827546,-0.599462,-0.00288958,0.0445375,-0.693077,0.0,0.0,1.0
0.0507986,-0.000949074,-0.601007,0.00354479,0.044124,-0.693122,0.0,0.0,1.0
0.0519907,-0.00155093,-0.603588,0.00571667,0.0457271,-0.690869,0.0,0.0,1.0
0.0518171,0.000127315,-0.603912,-0.000457292,0.0460344,-0.691809,0.0,0.0,1.0
0.0506134,-0.000497685,-0.604861,0.00182708,0.0443542,-0.693598,0.0,0.0,1.0
0.0480324,-0.000891204,-0.605359,0.00297812,0.0466385,-0.694807,0.0,0.0,1.0
0.0490567,-0.00438079,-0.605515,0.0160135,0.0435115,-0.693174,0.0,0.0,1.0
0.0492245,-0.00159722,-0.606424,0.00573021,0.044474,-0.693991,0.0,0.0,1.0
0.0515394,0.000185185,-0.608206,-0.0006875,0.0434167,-0.694658,0.0,0.0,1.0
0.0476852,-0.00482639,-0.606354,0.0163708,0.0456188,-0.692152,0.0,0.0,1.0
0.0484144,-0.0034838,-0.607639,0.0131708,0.0414958,-0.694167,0.0,0.0,1.0
0.0503009,-0.000266204,-0.610197,0.00102917,0.0419396,-0.695569,0.0,0.0,1.0
0.05125,-0.00288194,-0.609317,0.0114844,0.0415948,-0.694447,0.0,0.0,1.0
0.050544,-0.00326389,-0.610289,0.0129812,0.0412167,-0.69639,0.0,0.0,1.0
0.0510822,-0.00308449,-0.609462,0.0124677,0.0409031,-0.697182,0.0,0.0,1.0
0.0498785,-0.00277199,-0.611325,0.0109427,0.0409656,-0.696684,0.0,0.0,1.0
0.0514699,-0.00230324,-0.610833,0.00885104,0.0433281,-0.691016,0.0,0.0,1.0
0.0506771,-0.00108218,-0.612645,0.00444271,0.039951,-0.690672,0.0,0.0,1.0
0.0505093,-0.00243056,-0.611898,0.0103417,0.0385583,-0.684333,0.0,0.0,1.0
0.0513889,-0.00277778,-0.612083,0.0113052,0.0410302,-0.676626,0.0,0.0,1.0
0.0515451,-0.00308449,-0.612078,0.0131854,0.0390958,-0.666819,0.0,0.0,1.0
0.0500752,-0.00346644,-0.610179,0.0133156,0.042249,-0.659439,0.0,0.0,1.0
0.0514352,-0.00284722,-0.612431,0.0119104,0.0398229,-0.651613,0.0,0.0,1.0
0.0492593,-0.00340278,-0.611736,0.0126323,0.0429802,-0.648949,0.0,0.0,1.0
0.0482812,-0.00383681,-0.61298,0.014624,0.041074,-0.643857,0.0,0.0,1.0
