0.037,-0.0957344,-0.00151042,0.0627639,0.178375,0.537583,0.0,0.0,1.0
0.0294219,-0.105828,0.0102917,0.0625556,0.157278,0.525556,0.0,0.0,1.0
0.0254609,-0.115398,0.0172344,0.0663333,0.14,0.519333,0.0,0.0,1.0
0.0180781,-0.135578,0.0247708,0.0727222,0.106528,0.51713,0.0,0.0,1.0
0.0354922,-0.0973516,0.0228385,0.0702778,0.155361,0.518537,0.0,0.0,1.0
0.0259297,-0.109367,0.0235052,0.066375,0.135014,0.51488,0.0,0.0,1.0
0.0180156,-0.115734,0.0295208,0.0627639,0.104958,0.512435,0.0,0.0,1.0
0.017,-0.115078,0.0349896,0.0628056,0.0983889,0.512648,0.0,0.0,1.0
0.0148281,-0.120234,0.0374792,0.0627361,0.0898472,0.518454,0.0,0.0,1.0
0.0132891,-0.124227,0.0420156,0.0653472,0.0798472,0.51862,0.0,0.0,1.0
0.0148125,-0.121172,0.0416354,0.06325,0.0897222,0.518056,0.0,0.0,1.0
0.0322031,-0.0974063,0.0470729,0.0708333,0.139972,0.528796,0.0,0.0,1.0
0.0986328,-0.0429609,0.0727656,0.0835,0.160361,0.537167,0.0,0.0,1.0
0.0334063,-0.118969,0.0793333,0.103889,0.120861,0.535463,0.0,0.0,1.0
0.0267031,-0.120703,0.0870625,0.0985833,0.103333,0.52887,0.0,0.0,1.0
0.0303672,-0.103039,0.0831302,0.0671111,0.147333,0.518037,0.0,0.0,1.0
0.0292656,-0.122016,0.0951458,0.0783611,0.144056,0.526833,0.0,0.0,1.0
0.0135625,-0.142078,0.11574,0.0826528,0.0737083,0.521231,0.0,0.0,1.0
0.012375,-0.148469,0.116792,0.0818889,0.0708611,0.520352,0.0,0.0,1.0
0.0139687,-0.140141,0.113469,0.0684444,0.0904167,0.511056,0.0,0.0,1.0
0.0121562,-0.134,0.114146,0.0633056,0.0813333,0.509907,0.0,0.0,1.0
0.0117344,-0.130609,0.120021,0.0634583,0.0763194,0.507861,0.0,0.0,1.0
0.0120859,-0.120195,0.122547,0.0681528,0.067375,0.512361,0.0,0.0,1.0
0.0128125,-0.112422,0.126219,0.0610139,0.074625,0.510306,0.0,0.0,1.0
0.0148437,-0.111594,0.126125,0.0641111,0.0816667,0.512704,0.0,0.0,1.0
0.0147656,-0.114578,0.129229,0.0647778,0.0825556,0.514963,0.0,0.0,1.0
0.0159063,-0.111719,0.134875,0.065125,0.0862083,0.519231,0.0,0.0,1.0
0.0187344,-0.115781,0.14451,0.0743056,0.0922778,0.527241,0.0,0.0,1.0
0.0175156,-0.11025,0.150802,0.0720556,0.0847222,0.522926,0.0,0.0,1.0
0.0204687,-0.113594,0.155437,0.0710694,0.103431,0.522509,0.0,0.0,1.0
0.0152812,-0.116656,0.158083,0.0644583,0.0874028,0.516435,0.0,0.0,1.0
0.0169922,-0.111367,0.165849,0.0601528,0.099375,0.513768,0.0,0.0,1.0
0.0172344,-0.111172,0.166875,0.0624861,0.0969028,0.517065,0.0,0.0,1.0
0.0188125,-0.101094,0.17275,0.0654583,0.0918472,0.511787,0.0,0.0,1.0
0.0165859,-0.101742,0.175839,0.0640833,0.0831944,0.511148,0.0,0.0,1.0
0.0170391,-0.102883,0.175776,0.0757083,0.0731806,0.511361,0.0,0.0,1.0
0.016875,-0.0978594,0.178365,0.0635556,0.0820833,0.510352,0.0,0.0,1.0
0.0156094,-0.095,0.181635,0.0683333,0.0685833,0.510685,0.0,0.0,1.0
0.0193906,-0.0929844,0.182042,0.0645694,0.0882917,0.512139,0.0,0.0,1.0
0.0171875,-0.0905937,0.184479,0.0749722,0.0656389,0.507852,0.0,0.0,1.0
0.0191641,-0.0848047,0.187234,0.0731667,0.0701944,0.511167,0.0,0.0,1.0
0.0232891,-0.0758047,0.191453,0.0671528,0.0830694,0.512231,0.0,0.0,1.0
0.0224063,-0.0782969,0.191677,0.0780833,0.071,0.508574,0.0,0.0,1.0
0.0225,-0.0760313,0.195521,0.07,0.0772222,0.51037,0.0,0.0,1.0
0.0246719,-0.0709687,0.194885,0.0625,0.0885833,0.509759,0.0,0.0,1.0
0.0263281,-0.0723906,0.196,0.073125,0.082375,0.51862,0.0,0.0,1.0
0.0235313,-0.0775312,0.195146,0.0697222,0.0826667,0.514333,0.0,0.0,1.0
0.0316953,-0.0690859,0.194453,0.0569306,0.121569,0.51588,0.0,0.0,1.0
0.022,-0.0760156,0.194365,0.0729444,0.0724722,0.51513,0.0,0.0,1.0
0.0255156,-0.0737344,0.194937,0.0662083,0.0898194,0.514435,0.0,0.0,1.0
0.0285547,-0.0757266,0.195536,0.0733194,0.0932083,0.516694,0.0,0.0,1.0
0.0310703,-0.0728984,0.194734,0.063125,0.113403,0.514435,0.0,0.0,1.0
0.0444063,-0.0263437,0.201792,0.0268056,0.137972,0.496519,0.0,0.0,1.0
0.0387813,-0.045875,0.203292,0.0410278,0.137083,0.504926,0.0,0.0,1.0
0.032625,-0.0565781,0.202719,0.0519167,0.112389,0.506944,0.0,0.0,1.0
0.0360156,-0.0513281,0.203896,0.0457361,0.127681,0.50712,0.0,0.0,1.0
0.0369062,-0.0508281,0.204844,0.0456944,0.12975,0.509185,0.0,0.0,1.0
0.0365469,-0.0521719,0.204271,0.0452361,0.133236,0.511398,0.0,0.0,1.0
0.0377188,-0.0513438,0.205667,0.0466389,0.131194,0.509593,0.0,0.0,1.0
0.0438437,-0.01975,0.204979,0.0192361,0.142319,0.495731,0.0,0.0,1.0
0.0329844,-0.0466875,0.204802,0.0397222,0.1225,0.500593,0.0,0.0,1.0
0.0366016,-0.0490703,0.206151,0.0491111,0.115611,0.502444,0.0,0.0,1.0
0.0347109,-0.0450234,0.203995,0.0415278,0.119,0.500278,0.0,0.0,1.0
0.0372187,-0.0404844,0.20001,0.0360972,0.131958,0.495639,0.0,0.0,1.0
0.0435391,-0.00760156,0.191714,0.00702778,0.148528,0.500852,0.0,0.0,1.0
0.0427891,0.0212422,0.181724,-0.0216389,0.132833,0.498241,0.0,0.0,1.0
0.0404687,-0.0006875,0.181646,0.000597222,0.146431,0.496343,0.0,0.0,1.0
0.0416406,-0.0004375,0.17674,0.000402778,0.141403,0.494713,0.0,0.0,1.0
0.037375,-0.0053125,0.177021,0.00456944,0.137819,0.49512,0.0,0.0,1.0
0.0434453,0.0164766,0.169849,-0.0155556,0.1455,0.505778,0.0,0.0,1.0
0.049125,-0.0307187,0.176062,0.0388056,0.122917,0.507407,0.0,0.0,1.0
0.0380391,-0.0404453,0.160693,0.129944,0.0374167,0.514574,0.0,0.0,1.0
0.0507031,-0.0410781,0.154292,0.125208,0.0525694,0.520065,0.0,0.0,1.0
0.0460234,-0.0396172,0.151099,0.125861,0.0457778,0.522018,0.0,0.0,1.0
0.00692187,-0.048125,0.149677,0.13275,0.00794444,0.5045,0.0,0.0,1.0
0.0486719,-0.0375156,0.139875,0.117083,0.0493056,0.519667,0.0,0.0,1.0
-0.0013125,-0.0483906,0.14049,0.118361,-0.00172222,0.498648,0.0,0.0,1.0
-0.000929688,-0.0499609,0.135911,0.119389,-0.00122222,0.49763,0.0,0.0,1.0
-0.00317187,-0.0485937,0.136052,0.116653,-0.00418056,0.496898,0.0,0.0,1.0
-0.0031875,-0.0484687,0.131417,0.118278,-0.00413889,0.498093,0.0,0.0,1.0
-0.00667187,-0.0508906,0.132292,0.118556,-0.00905556,0.498148,0.0,0.0,1.0
9.375e-05,-0.0481406,0.124156,0.120931,0.000125,0.499454,0.0,0.0,1.0
0.00065625,-0.0485469,0.119615,0.116625,0.000847222,0.493472,0.0,0.0,1.0
0.0154141,-0.0429297,0.115651,0.112236,0.018625,0.500083,0.0,0.0,1.0
0.0390234,-0.0384453,0.124745,0.0500972,0.094625,0.503472,0.0,0.0,1.0
0.0193281,-0.0474219,0.114125,0.116736,0.0248194,0.507046,0.0,0.0,1.0
-0.02775,-0.0443281,0.11699,0.127333,-0.0305278,0.49987,0.0,0.0,1.0
-0.0429063,-0.0421094,0.116094,0.113347,-0.050375,0.501491,0.0,0.0,1.0
-0.0346094,-0.0411094,0.114125,0.134528,-0.0334167,0.497074,0.0,0.0,1.0
-0.0396875,-0.0424844,0.113948,0.136,-0.0391944,0.4985,0.0,0.0,1.0
-0.0382188,-0.042625,0.111979,0.131653,-0.039125,0.498287,0.0,0.0,1.0
-0.0494062,-0.04075,0.110208,0.124,-0.0513056,0.4955,0.0,0.0,1.0
-0.0511719,-0.0401094,0.10875,0.125972,-0.0515,0.496833,0.0,0.0,1.0
-0.0486172,-0.0420547,0.110339,0.127111,-0.0508611,0.496278,0.0,0.0,1.0
-0.0500234,-0.0410547,0.110005,0.125542,-0.0517083,0.496787,0.0,0.0,1.0
-0.0491562,-0.0372812,0.109917,0.117306,-0.0493889,0.499315,0.0,0.0,1.0
-0.0409687,-0.0384219,0.11101,0.140056,-0.0355,0.499593,0.0,0.0,1.0
-0.0384453,-0.0388047,0.112078,0.142194,-0.0331667,0.50187,0.0,0.0,1.0
-0.0339922,-0.0393984,0.114703,0.147056,-0.0287778,0.498111,0.0,0.0,1.0
-0.0398672,-0.0406484,0.116276,0.135472,-0.0378056,0.499296,0.0,0.0,1.0
-0.0406875,-0.0400625,0.116563,0.135569,-0.0379861,0.499417,0.0,0.0,1.0
-0.034625,-0.0398281,0.120281,0.139472,-0.0312778,0.496352,0.0,0.0,1.0
-0.0388672,-0.0397578,0.121089,0.146528,-0.0333333,0.496611,0.0,0.0,1.0
-0.039375,-0.0385625,0.12125,0.141167,-0.0339722,0.497315,0.0,0.0,1.0
-0.0425938,-0.0383906,0.122302,0.146542,-0.0352639,0.497176,0.0,0.0,1.0
-0.0470781,-0.0382344,0.122271,0.138278,-0.0411389,0.495722,0.0,0.0,1.0
-0.0500312,-0.0368281,0.120052,0.141014,-0.0412917,0.500639,0.0,0.0,1.0
-0.0536094,-0.0377344,0.121292,0.138889,-0.0460556,0.498037,0.0,0.0,1.0
-0.0680547,-0.0387266,0.116484,0.139111,-0.0598611,0.502685,0.0,0.0,1.0
-0.0760469,-0.0375625,0.115719,0.125875,-0.0717361,0.496472,0.0,0.0,1.0
-0.0741484,-0.0394609,0.115099,0.124889,-0.0740556,0.495519,0.0,0.0,1.0
-0.0763594,-0.0404531,0.114375,0.130083,-0.0750556,0.499278,0.0,0.0,1.0
-0.0537734,-0.0353047,0.118849,0.167972,-0.0357222,0.505389,0.0,0.0,1.0
-0.063625,-0.0352031,0.114969,0.182111,-0.0388889,0.520259,0.0,0.0,1.0
-0.0605156,-0.0366562,0.116406,0.19,-0.0368889,0.519741,0.0,0.0,1.0
-0.0572109,-0.0389453,0.119703,0.185333,-0.038,0.52037,0.0,0.0,1.0
-0.0509922,-0.0416484,0.123432,0.186917,-0.0359167,0.519667,0.0,0.0,1.0
-0.0521953,-0.0423359,0.128286,0.176472,-0.0395556,0.520685,0.0,0.0,1.0
-0.0581797,-0.0422266,0.130964,0.175944,-0.0441389,0.518463,0.0,0.0,1.0
-0.0628359,-0.0411953,0.138349,0.179361,-0.0456389,0.516741,0.0,0.0,1.0
-0.0737422,-0.0354922,0.142016,0.168111,-0.0491944,0.517759,0.0,0.0,1.0
-0.0879844,-0.03325,0.148615,0.154556,-0.0598333,0.519778,0.0,0.0,1.0
-0.0780469,-0.0345313,0.15326,0.158194,-0.0538333,0.514537,0.0,0.0,1.0
-0.0838594,-0.0323125,0.15199,0.165028,-0.0519167,0.516667,0.0,0.0,1.0
-0.0763125,-0.0334531,0.153969,0.162792,-0.0495417,0.512546,0.0,0.0,1.0
-0.0811562,-0.0335469,0.15499,0.157833,-0.0545278,0.513093,0.0,0.0,1.0
-0.0850234,-0.0312422,0.155766,0.15275,-0.0549722,0.511333,0.0,0.0,1.0
-0.0728906,-0.0355781,0.155458,0.166181,-0.0493194,0.511657,0.0,0.0,1.0
-0.0760156,-0.0368594,0.154021,0.169125,-0.052375,0.515954,0.0,0.0,1.0
-0.0636406,-0.0373125,0.147448,0.165028,-0.0454722,0.519778,0.0,0.0,1.0
-0.0634766,-0.0404609,0.144589,0.166292,-0.0488194,0.53025,0.0,0.0,1.0
-0.0414141,-0.0422109,0.14188,0.161111,-0.0343056,0.523352,0.0,0.0,1.0
-0.0456172,-0.0421016,0.140557,0.159097,-0.0381528,0.52375,0.0,0.0,1.0
-0.0448047,-0.0437422,0.140672,0.138306,-0.0447778,0.520611,0.0,0.0,1.0
-0.036875,-0.04,0.138417,0.122833,-0.0379444,0.510889,0.0,0.0,1.0
-0.0410312,-0.0408281,0.137615,0.129056,-0.0410278,0.514278,0.0,0.0,1.0
-0.0217734,-0.0416797,0.13462,0.130722,-0.0219444,0.503037,0.0,0.0,1.0
-0.0339766,-0.0380391,0.134776,0.124236,-0.032875,0.505806,0.0,0.0,1.0
-0.0206328,-0.0401953,0.129422,0.140833,-0.0186111,0.504889,0.0,0.0,1.0
-0.0307187,-0.0401719,0.129969,0.138264,-0.0282083,0.509472,0.0,0.0,1.0
-0.0292969,-0.0400781,0.125563,0.155139,-0.0239167,0.520407,0.0,0.0,1.0
-0.00546875,-0.0419531,0.122156,0.160639,-0.0045,0.515759,0.0,0.0,1.0
0.00065625,-0.042875,0.121417,0.161083,0.000555556,0.517944,0.0,0.0,1.0
0.0060625,-0.0422187,0.119917,0.166944,0.00483333,0.52,0.0,0.0,1.0
0.000125,-0.0428594,0.119927,0.161917,0.000111111,0.514204,0.0,0.0,1.0
-0.00490625,-0.0411094,0.118885,0.16225,-0.00391667,0.515222,0.0,0.0,1.0
-0.0121719,-0.0410781,0.119271,0.165056,-0.00955556,0.521222,0.0,0.0,1.0
0.00360156,-0.0416016,0.116151,0.168153,0.00281944,0.520546,0.0,0.0,1.0
-1.5625e-05,-0.043375,0.114844,0.165861,0.0,0.516648,0.0,0.0,1.0
-0.00453906,-0.0450234,0.116599,0.165347,-0.00390278,0.517435,0.0,0.0,1.0
-0.00090625,-0.0466563,0.112938,0.160306,-0.000833333,0.518093,0.0,0.0,1.0
-0.0387578,-0.0407266,0.115099,0.140667,-0.0354722,0.523278,0.0,0.0,1.0
-0.0448437,-0.0402656,0.113802,0.135194,-0.0421944,0.521704,0.0,0.0,1.0
-0.0471562,-0.0404687,0.115667,0.145722,-0.0413889,0.521444,0.0,0.0,1.0
-0.046625,-0.0422344,0.116615,0.150694,-0.0413056,0.524778,0.0,0.0,1.0
-0.0660312,-0.0354687,0.11625,0.134958,-0.0548472,0.52588,0.0,0.0,1.0
-0.0789766,-0.0308047,0.11937,0.120111,-0.0640278,0.521759,0.0,0.0,1.0
-0.0719375,-0.0351719,0.119656,0.134278,-0.0595556,0.519889,0.0,0.0,1.0
-0.0779063,-0.0318438,0.121417,0.144,-0.0544444,0.525444,0.0,0.0,1.0
-0.0806172,-0.0385859,0.120786,0.139986,-0.0702361,0.522861,0.0,0.0,1.0
-0.0700312,-0.0358125,0.123396,0.155625,-0.0509306,0.526102,0.0,0.0,1.0
-0.0844844,-0.0326094,0.130313,0.132528,-0.0657222,0.520944,0.0,0.0,1.0
-0.0824687,-0.0316406,0.125469,0.151403,-0.0544861,0.525787,0.0,0.0,1.0
-0.0889453,-0.0319141,0.130318,0.152653,-0.0587639,0.525694,0.0,0.0,1.0
-0.092,-0.0317187,0.130271,0.153917,-0.0599167,0.525889,0.0,0.0,1.0
-0.0990547,-0.0287891,0.136547,0.149903,-0.060125,0.525657,0.0,0.0,1.0
-0.101523,-0.0277109,0.139474,0.143611,-0.0619167,0.531278,0.0,0.0,1.0
-0.0988203,-0.0277422,0.140297,0.154875,-0.0559306,0.532843,0.0,0.0,1.0
-0.106156,-0.0271094,0.146573,0.147764,-0.0615694,0.529083,0.0,0.0,1.0
-0.0998359,-0.0264766,0.147807,0.144806,-0.0576667,0.53513,0.0,0.0,1.0
-0.103383,-0.0259297,0.153234,0.145361,-0.0582778,0.537056,0.0,0.0,1.0
-0.11007,-0.0260859,0.157547,0.137528,-0.0659722,0.53837,0.0,0.0,1.0
-0.109922,-0.0240781,0.159479,0.13525,-0.0618333,0.536241,0.0,0.0,1.0
-0.10107,-0.0261328,0.170984,0.144167,-0.0579167,0.534204,0.0,0.0,1.0
-0.109203,-0.0299531,0.172625,0.144222,-0.0716944,0.538056,0.0,0.0,1.0
-0.108375,-0.0242031,0.179927,0.145083,-0.0571389,0.540815,0.0,0.0,1.0
-0.107617,-0.0266172,0.185755,0.147694,-0.0613056,0.537,0.0,0.0,1.0
-0.0971875,-0.0281563,0.188146,0.145111,-0.0595833,0.534241,0.0,0.0,1.0
-0.109297,-0.0233281,0.187375,0.132986,-0.0605972,0.531676,0.0,0.0,1.0
-0.103656,-0.0254063,0.189354,0.139931,-0.0594861,0.529917,0.0,0.0,1.0
-0.107891,-0.0234375,0.184698,0.138833,-0.0575833,0.5335,0.0,0.0,1.0
-0.114508,-0.0236328,0.185109,0.139986,-0.0610972,0.534231,0.0,0.0,1.0
-0.105781,-0.0247344,0.186323,0.132181,-0.0625694,0.531361,0.0,0.0,1.0
-0.0974297,-0.0256328,0.189661,0.135167,-0.0583889,0.527037,0.0,0.0,1.0
-0.101195,-0.0263516,0.186411,0.137194,-0.0614444,0.530426,0.0,0.0,1.0
-0.107344,-0.0231562,0.186708,0.133069,-0.0590417,0.528194,0.0,0.0,1.0
-0.102273,-0.0248672,0.190505,0.148861,-0.054,0.530833,0.0,0.0,1.0
-0.10018,-0.0254297,0.194734,0.148778,-0.0541111,0.528778,0.0,0.0,1.0
-0.115484,-0.0229062,0.199427,0.143611,-0.0581944,0.524389,0.0,0.0,1.0
-0.114219,-0.0227344,0.200448,0.145486,-0.0564028,0.521954,0.0,0.0,1.0
-0.118273,-0.0203984,0.204922,0.13325,-0.0572222,0.520685,0.0,0.0,1.0
-0.117883,-0.0209609,0.212943,0.142194,-0.0549167,0.52,0.0,0.0,1.0
-0.119469,-0.0225313,0.221062,0.141861,-0.0599444,0.519056,0.0,0.0,1.0
-0.125164,-0.0206641,0.23012,0.129806,-0.0629722,0.514037,0.0,0.0,1.0
-0.113328,-0.0223437,0.230969,0.137736,-0.0580972,0.511769,0.0,0.0,1.0
-0.122031,-0.0182656,0.237656,0.112931,-0.062375,0.50838,0.0,0.0,1.0
-0.129688,-0.0163594,0.242531,0.108222,-0.0619444,0.504519,0.0,0.0,1.0
-0.126344,-0.0169063,0.245417,0.106444,-0.0634722,0.502352,0.0,0.0,1.0
-0.123508,-0.0173828,0.245328,0.106528,-0.0637222,0.505019,0.0,0.0,1.0
-0.118766,-0.0187813,0.246885,0.111472,-0.06325,0.504778,0.0,0.0,1.0
-0.121063,-0.0177656,0.247927,0.108792,-0.0624861,0.50362,0.0,0.0,1.0
-0.12268,-0.0180859,0.250859,0.103583,-0.0677222,0.506241,0.0,0.0,1.0
-0.114664,-0.0178047,0.249453,0.104597,-0.0616806,0.503083,0.0,0.0,1.0
-0.114156,-0.0195,0.249667,0.112472,-0.0625833,0.506704,0.0,0.0,1.0
-0.119094,-0.0176875,0.251167,0.10275,-0.0648056,0.504556,0.0,0.0,1.0
-0.115852,-0.0184766,0.253943,0.10275,-0.0658333,0.504648,0.0,0.0,1.0
-0.110266,-0.0175781,0.249167,0.0984583,-0.0622083,0.508306,0.0,0.0,1.0
-0.110312,-0.0184688,0.253729,0.108292,-0.0594306,0.502935,0.0,0.0,1.0
-0.102844,-0.0206563,0.259167,0.119514,-0.0561806,0.503213,0.0,0.0,1.0
-0.0992344,-0.0236563,0.258385,0.135028,-0.0549444,0.507093,0.0,0.0,1.0
-0.100906,-0.0261406,0.26226,0.136472,-0.0611111,0.506019,0.0,0.0,1.0
-0.100711,-0.0255547,0.260547,0.138153,-0.058875,0.506546,0.0,0.0,1.0
-0.102734,-0.0258906,0.262021,0.143833,-0.0584444,0.507778,0.0,0.0,1.0
-0.1,-0.0251406,0.265135,0.141306,-0.0562222,0.503833,0.0,0.0,1.0
-0.0976016,-0.0281016,0.265651,0.150917,-0.0574444,0.503648,0.0,0.0,1.0
-0.0966406,-0.026625,0.26599,0.140208,-0.0579861,0.504768,0.0,0.0,1.0
-0.0928984,-0.0320859,0.267911,0.162167,-0.0581111,0.506296,0.0,0.0,1.0
-0.0967812,-0.0307031,0.269865,0.16425,-0.0571944,0.501852,0.0,0.0,1.0
-0.0969922,-0.0270078,0.266932,0.142944,-0.0578889,0.505,0.0,0.0,1.0
-0.0927344,-0.0300156,0.268479,0.144069,-0.0610694,0.506565,0.0,0.0,1.0
-0.0947812,-0.0282812,0.272,0.14675,-0.0577222,0.499204,0.0,0.0,1.0
-0.0955547,-0.0282891,0.272391,0.147722,-0.0578333,0.499259,0.0,0.0,1.0
-0.086875,-0.0302031,0.271115,0.141583,-0.0585833,0.502556,0.0,0.0,1.0
-0.0930078,-0.0270078,0.270026,0.136333,-0.0582222,0.503148,0.0,0.0,1.0
-0.0916484,-0.0277109,0.271036,0.140708,-0.0570417,0.50162,0.0,0.0,1.0
-0.0905859,-0.0273359,0.268891,0.134708,-0.0580972,0.505065,0.0,0.0,1.0
-0.0881406,-0.0319531,0.272938,0.155986,-0.0570694,0.501824,0.0,0.0,1.0
-0.0919688,-0.0294531,0.273115,0.148306,-0.0577222,0.500759,0.0,0.0,1.0
-0.0956406,-0.0284844,0.273604,0.147556,-0.0583611,0.501463,0.0,0.0,1.0
-0.0918437,-0.0297969,0.27301,0.151806,-0.0569722,0.502593,0.0,0.0,1.0
-0.0935,-0.0289531,0.272573,0.150694,-0.0567778,0.503685,0.0,0.0,1.0
-0.0961328,-0.0272109,0.272901,0.143361,-0.0576667,0.504056,0.0,0.0,1.0
-0.0945313,-0.027625,0.274583,0.142958,-0.0577361,0.502398,0.0,0.0,1.0
-0.0849063,-0.0337656,0.274469,0.162,-0.0559444,0.502407,0.0,0.0,1.0
-0.0798438,-0.0302031,0.275323,0.136042,-0.0560417,0.499843,0.0,0.0,1.0
-0.0840859,-0.0301641,0.275693,0.145958,-0.0549306,0.500917,0.0,0.0,1.0
-0.082125,-0.0349844,0.274469,0.160681,-0.0565139,0.502602,0.0,0.0,1.0
-0.0850859,-0.0348047,0.274974,0.162319,-0.0576528,0.500546,0.0,0.0,1.0
-0.0858047,-0.0343516,0.274797,0.163125,-0.0570972,0.498824,0.0,0.0,1.0
-0.0850625,-0.0344062,0.274479,0.161694,-0.0571944,0.499815,0.0,0.0,1.0
-0.0844922,-0.0353047,0.273557,0.163264,-0.0577361,0.50512,0.0,0.0,1.0
-0.0848281,-0.0353438,0.276198,0.165181,-0.057375,0.500491,0.0,0.0,1.0
-0.0918906,-0.0289219,0.274896,0.148083,-0.0567222,0.50287,0.0,0.0,1.0
-0.0839062,-0.0347656,0.272885,0.159125,-0.0579583,0.50412,0.0,0.0,1.0
-0.0823437,-0.0352031,0.274052,0.159097,-0.0575694,0.503935,0.0,0.0,1.0
-0.0839297,-0.0341797,0.273609,0.158736,-0.057125,0.505157,0.0,0.0,1.0
-0.0831875,-0.0346562,0.274292,0.157361,-0.0579167,0.505,0.0,0.0,1.0
-0.0885469,-0.0282344,0.274292,0.145903,-0.0541528,0.502806,0.0,0.0,1.0
-0.0911797,-0.0271016,0.272464,0.143361,-0.0544722,0.504778,0.0,0.0,1.0
-0.0911797,-0.0275234,0.272568,0.143458,-0.0552917,0.505824,0.0,0.0,1.0
-0.0846172,-0.0299453,0.27462,0.147486,-0.0542917,0.499843,0.0,0.0,1.0
-0.0869687,-0.0348594,0.275865,0.167778,-0.0571111,0.499519,0.0,0.0,1.0
-0.0851406,-0.0292969,0.275042,0.149514,-0.0527361,0.500787,0.0,0.0,1.0
-0.090625,-0.0295781,0.275052,0.156486,-0.054125,0.502713,0.0,0.0,1.0
-0.0879375,-0.0328125,0.276521,0.163278,-0.0558611,0.503426,0.0,0.0,1.0
-0.0891484,-0.0310078,0.275714,0.162861,-0.0536667,0.500796,0.0,0.0,1.0
-0.0884531,-0.029625,0.274781,0.159486,-0.0519306,0.501769,0.0,0.0,1.0
-0.0964922,-0.0276328,0.272786,0.143722,-0.0586389,0.505537,0.0,0.0,1.0
-0.086375,-0.0309219,0.275531,0.160514,-0.0525972,0.500509,0.0,0.0,1.0
-0.0881016,-0.0343828,0.277589,0.160181,-0.0597639,0.504009,0.0,0.0,1.0
-0.0886875,-0.0343906,0.277177,0.161917,-0.0595,0.504981,0.0,0.0,1.0
-0.0898594,-0.0300625,0.273823,0.161972,-0.0526944,0.501667,0.0,0.0,1.0
-0.0881484,-0.0359609,0.27862,0.160111,-0.0625833,0.505833,0.0,0.0,1.0
-0.0919844,-0.0359531,0.276062,0.167083,-0.0625833,0.510481,0.0,0.0,1.0
-0.0972578,-0.0277109,0.270891,0.148556,-0.0573333,0.507704,0.0,0.0,1.0
-0.0865625,-0.0306406,0.27326,0.154639,-0.0542222,0.501833,0.0,0.0,1.0
-0.0904766,-0.0285391,0.275359,0.146042,-0.0559028,0.500491,0.0,0.0,1.0
-0.0952578,-0.0255859,0.271995,0.134097,-0.0574306,0.505213,0.0,0.0,1.0
-0.0889141,-0.0343828,0.277057,0.1615,-0.0598333,0.504926,0.0,0.0,1.0
-0.0899219,-0.0307187,0.274427,0.157,-0.0556111,0.50163,0.0,0.0,1.0
-0.0896641,-0.0290547,0.274057,0.148111,-0.0555833,0.501056,0.0,0.0,1.0
-0.0832188,-0.0295781,0.274823,0.144472,-0.0538611,0.499815,0.0,0.0,1.0
-0.0902266,-0.0296172,0.273766,0.153181,-0.055125,0.501713,0.0,0.0,1.0
-0.0887969,-0.0301094,0.276771,0.154097,-0.0548472,0.498935,0.0,0.0,1.0
-0.0898906,-0.0285469,0.276396,0.146569,-0.0553472,0.499009,0.0,0.0,1.0
-0.0878516,-0.0304453,0.275068,0.157931,-0.0535417,0.499139,0.0,0.0,1.0
-0.0904844,-0.0295312,0.276302,0.159542,-0.0529306,0.497657,0.0,0.0,1.0
-0.0915703,-0.0294922,0.274766,0.155,-0.0550556,0.500074,0.0,0.0,1.0
-0.0896562,-0.0299219,0.27726,0.150708,-0.0562361,0.499194,0.0,0.0,1.0
-0.0887969,-0.0307969,0.278458,0.159556,-0.0541667,0.493222,0.0,0.0,1.0
-0.0967344,-0.0265312,0.276177,0.149861,-0.0541389,0.496037,0.0,0.0,1.0
-0.0934141,-0.0299766,0.275849,0.158417,-0.0558611,0.5,0.0,0.0,1.0
-0.0973438,-0.0265156,0.274198,0.148569,-0.0549028,0.499806,0.0,0.0,1.0
-0.0967969,-0.0270156,0.277229,0.146861,-0.0562778,0.495611,0.0,0.0,1.0
-0.118203,-0.0194375,0.273052,0.105319,-0.0689028,0.491583,0.0,0.0,1.0
-0.0876875,-0.0283594,0.279344,0.141431,-0.0555972,0.494176,0.0,0.0,1.0
-0.0943594,-0.0279375,0.276927,0.149389,-0.0557778,0.498037,0.0,0.0,1.0
-0.0931094,-0.0279531,0.27775,0.144694,-0.0568333,0.496463,0.0,0.0,1.0
-0.09825,-0.0268438,0.275583,0.146278,-0.0569722,0.498685,0.0,0.0,1.0
-0.0914375,-0.0289844,0.278219,0.150278,-0.0557222,0.495704,0.0,0.0,1.0
-0.0987813,-0.0269687,0.275604,0.146444,-0.0575,0.499296,0.0,0.0,1.0
-0.0976719,-0.0289375,0.274698,0.147125,-0.0607361,0.498454,0.0,0.0,1.0
-0.0932344,-0.02925,0.275344,0.158,-0.0545556,0.500815,0.0,0.0,1.0
-0.0999375,-0.025375,0.274687,0.145417,-0.0551111,0.498389,0.0,0.0,1.0
-0.0930469,-0.03,0.276156,0.158167,-0.0557778,0.499111,0.0,0.0,1.0
-0.0939531,-0.033125,0.27951,0.161042,-0.0610694,0.501528,0.0,0.0,1.0
-0.0950469,-0.0307344,0.273875,0.159014,-0.0580417,0.499046,0.0,0.0,1.0
-0.0971406,-0.0275156,0.274271,0.148556,-0.0568611,0.497648,0.0,0.0,1.0
-0.0945313,-0.0328125,0.274938,0.160056,-0.06125,0.501093,0.0,0.0,1.0
-0.101141,-0.0263437,0.273677,0.147056,-0.0572778,0.493519,0.0,0.0,1.0
-0.0927969,-0.0287188,0.27201,0.149764,-0.0562361,0.495213,0.0,0.0,1.0
-0.0998672,-0.0266953,0.272797,0.139278,-0.0605,0.493481,0.0,0.0,1.0
-0.0952656,-0.0295625,0.272115,0.157833,-0.0563889,0.496074,0.0,0.0,1.0
-0.0937031,-0.030625,0.272802,0.161389,-0.0561944,0.496796,0.0,0.0,1.0
-0.0915625,-0.0321875,0.274104,0.159514,-0.058375,0.498898,0.0,0.0,1.0
-0.0844219,-0.0324531,0.274625,0.155722,-0.0555833,0.494278,0.0,0.0,1.0
-0.0902344,-0.032125,0.274615,0.16475,-0.0556111,0.496796,0.0,0.0,1.0
-0.0873594,-0.0313125,0.273885,0.159194,-0.0543056,0.495667,0.0,0.0,1.0
-0.0927422,-0.0274766,0.271391,0.145042,-0.0555417,0.499954,0.0,0.0,1.0
-0.0923594,-0.0296719,0.273458,0.156056,-0.0555,0.496926,0.0,0.0,1.0
-0.0897812,-0.032875,0.273396,0.16275,-0.0573056,0.496667,0.0,0.0,1.0
-0.090625,-0.0320312,0.272396,0.161111,-0.0569444,0.49537,0.0,0.0,1.0
-0.0865313,-0.0340469,0.273427,0.168486,-0.0552639,0.495028,0.0,0.0,1.0
-0.0868828,-0.0327891,0.273078,0.167944,-0.0536111,0.495296,0.0,0.0,1.0
-0.0865313,-0.0340469,0.273427,0.168486,-0.0552639,0.495028,0.0,0.0,1.0
-0.0871094,-0.0330313,0.273781,0.167514,-0.0542917,0.495917,0.0,0.0,1.0
-0.0871563,-0.0331406,0.27376,0.164625,-0.0554583,0.498157,0.0,0.0,1.0
-0.0907969,-0.0307969,0.274479,0.16075,-0.0549722,0.494481,0.0,0.0,1.0
-0.0900313,-0.0318594,0.273052,0.164333,-0.0551944,0.496426,0.0,0.0,1.0
-0.0874844,-0.0303594,0.272583,0.154528,-0.0543333,0.498759,0.0,0.0,1.0
-0.0846563,-0.0324219,0.273531,0.148708,-0.0583472,0.495676,0.0,0.0,1.0
-0.092625,-0.0325469,0.269802,0.163194,-0.0583889,0.498352,0.0,0.0,1.0
-0.0944844,-0.0285469,0.268479,0.152778,-0.0558056,0.498574,0.0,0.0,1.0
-0.0896094,-0.0326094,0.26825,0.164222,-0.0562222,0.496148,0.0,0.0,1.0
-0.0912422,-0.0321328,0.269734,0.165583,-0.0559722,0.493852,0.0,0.0,1.0
-0.0895547,-0.0328984,0.268224,0.163097,-0.0570972,0.494769,0.0,0.0,1.0
-0.0889844,-0.0299063,0.263094,0.153167,-0.0548889,0.497481,0.0,0.0,1.0
-0.0899766,-0.0321016,0.262766,0.162833,-0.0560556,0.498889,0.0,0.0,1.0
-0.0871328,-0.0317266,0.257932,0.155972,-0.0560278,0.502037,0.0,0.0,1.0
-0.08975,-0.0301875,0.257125,0.154083,-0.0555556,0.503426,0.0,0.0,1.0
-0.0949062,-0.0265312,0.249854,0.151569,-0.0524861,0.508065,0.0,0.0,1.0
-0.0896797,-0.0288516,0.251245,0.148722,-0.055,0.505815,0.0,0.0,1.0
-0.0860313,-0.0292969,0.250948,0.148944,-0.0535,0.505704,0.0,0.0,1.0
-0.0868438,-0.0318438,0.252271,0.16075,-0.0543611,0.502778,0.0,0.0,1.0
-0.0889687,-0.0296719,0.251281,0.156111,-0.0534444,0.501519,0.0,0.0,1.0
-0.0867031,-0.0317187,0.250615,0.164028,-0.053,0.501426,0.0,0.0,1.0
-0.0813516,-0.0323203,0.250589,0.158472,-0.0524167,0.494704,0.0,0.0,1.0
-0.0846563,-0.0290625,0.246833,0.153889,-0.0505278,0.501537,0.0,0.0,1.0
-0.0864844,-0.0326094,0.247562,0.164792,-0.0540972,0.498565,0.0,0.0,1.0
-0.0816953,-0.0327266,0.245516,0.170889,-0.0494444,0.497926,0.0,0.0,1.0
-0.0797344,-0.0342031,0.244229,0.174319,-0.0494583,0.496472,0.0,0.0,1.0
-0.075625,-0.0354531,0.244031,0.181694,-0.0466389,0.495296,0.0,0.0,1.0
-0.0786797,-0.0341953,0.243734,0.164917,-0.0515556,0.497944,0.0,0.0,1.0
-0.0729062,-0.0369844,0.243365,0.174694,-0.0487778,0.494056,0.0,0.0,1.0
-0.0686719,-0.0395,0.244448,0.181472,-0.0472222,0.491056,0.0,0.0,1.0
-0.0722656,-0.0362656,0.243583,0.178542,-0.0464028,0.491731,0.0,0.0,1.0
-0.0702891,-0.0380234,0.243922,0.180236,-0.046875,0.489676,0.0,0.0,1.0
-0.0763672,-0.0394609,0.243922,0.187125,-0.0509028,0.492083,0.0,0.0,1.0
-0.0760625,-0.0373125,0.243125,0.185194,-0.0484167,0.492407,0.0,0.0,1.0
-0.0809688,-0.0383281,0.250031,0.180639,-0.0543056,0.503482,0.0,0.0,1.0
-0.0828438,-0.0389531,0.257094,0.183806,-0.0554722,0.520778,0.0,0.0,1.0
-0.0819375,-0.0434688,0.271,0.196847,-0.0571806,0.551602,0.0,0.0,1.0
-0.0861719,-0.0479062,0.284052,0.205667,-0.0634444,0.579259,0.0,0.0,1.0
-0.0865234,-0.0330234,0.292047,0.196861,-0.0458611,0.586037,0.0,0.0,1.0
-0.0855078,-0.0366953,0.304151,0.212611,-0.0466667,0.615333,0.0,0.0,1.0
-0.100344,-0.0394531,0.300865,0.184222,-0.0679167,0.649278,0.0,0.0,1.0
-0.0978047,-0.0516328,0.322786,0.227528,-0.0701389,0.671222,0.0,0.0,1.0
-0.101891,-0.0586719,0.338729,0.240885,-0.0628021,0.704557,0.0,0.0,1.0
-0.0991094,-0.0437344,0.349875,0.230647,-0.0492303,0.72455,0.0,0.0,1.0
-0.106359,-0.0474844,0.370729,0.228361,-0.0381944,0.754574,0.0,0.0,1.0
-0.115328,-0.0613438,0.375281,0.233465,-0.0404583,0.762831,0.0,0.0,1.0
-0.11818,-0.0651953,0.402047,0.211384,-0.0440833,0.784912,0.0,0.0,1.0
-0.105414,-0.0706328,0.434328,0.189843,-0.0469722,0.806454,0.0,0.0,1.0
-0.100289,-0.0522422,0.446766,0.168787,-0.0357083,0.827509,0.0,0.0,1.0
-0.102008,-0.0612578,0.46013,0.163579,-0.0433889,0.832718,0.0,0.0,1.0
-0.102945,-0.0621484,0.461432,0.159701,-0.0449861,0.836595,0.0,0.0,1.0
-0.104906,-0.0597031,0.45799,0.161963,-0.0435833,0.834333,0.0,0.0,1.0
-0.104797,-0.06225,0.45724,0.166542,-0.04375,0.829755,0.0,0.0,1.0
-0.106508,-0.0640234,0.455693,0.166479,-0.0450139,0.829817,0.0,0.0,1.0
-0.104625,-0.0637188,0.455729,0.171417,-0.0436111,0.82488,0.0,0.0,1.0
-0.116641,-0.0581562,0.44849,0.166185,-0.0436944,0.830111,0.0,0.0,1.0
-0.11075,-0.0593906,0.451615,0.165725,-0.0445139,0.830572,0.0,0.0,1.0
-0.111828,-0.0604844,0.446417,0.161597,-0.0454028,0.834699,0.0,0.0,1.0
-0.107469,-0.0639219,0.451823,0.167215,-0.0459444,0.829081,0.0,0.0,1.0
-0.124281,-0.0617812,0.43875,0.167683,-0.0464028,0.828613,0.0,0.0,1.0
-0.108289,-0.0637109,0.449016,0.167944,-0.0459028,0.828352,0.0,0.0,1.0
-0.109414,-0.0622109,0.44862,0.168118,-0.04575,0.828178,0.0,0.0,1.0
-0.109953,-0.0616094,0.44675,0.163442,-0.0463333,0.832854,0.0,0.0,1.0
-0.111,-0.060125,0.444979,0.167042,-0.0450972,0.829255,0.0,0.0,1.0
-0.111453,-0.0558594,0.443042,0.16616,-0.0429167,0.830137,0.0,0.0,1.0
-0.111547,-0.0584531,0.443917,0.167063,-0.0442639,0.829234,0.0,0.0,1.0
-0.116844,-0.0551562,0.439625,0.163329,-0.0443472,0.832968,0.0,0.0,1.0
-0.119258,-0.0548047,0.438328,0.163634,-0.0449861,0.832662,0.0,0.0,1.0
-0.118664,-0.0563203,0.438589,0.163463,-0.0458056,0.832833,0.0,0.0,1.0
-0.118422,-0.0568594,0.439104,0.166336,-0.0455833,0.829961,0.0,0.0,1.0
-0.111023,-0.0519297,0.443005,0.161903,-0.0433611,0.834394,0.0,0.0,1.0
-0.0962109,-0.0562422,0.451047,0.147911,-0.0536331,0.833008,0.0,0.0,1.0
-0.0805156,-0.0534531,0.461542,0.143068,-0.0543738,0.824897,0.0,0.0,1.0
-5.55112e-17,-0.144531,0.441146,0.203009,-5.55112e-17,0.793287,0.0,0.0,1.0
0.0,-0.13125,0.416813,0.199667,-5.55112e-17,0.79663,0.0,0.0,1.0
0.0,-0.139844,0.411979,0.196759,0.0,0.799537,0.0,0.0,1.0
0.001875,-0.150016,0.419531,0.210444,0.00140278,0.785852,0.0,0.0,1.0
0.00373437,-0.160172,0.427083,0.224116,0.00281944,0.772181,0.0,0.0,1.0
-0.000625,-0.149719,0.422917,0.218264,-0.000763889,0.778032,0.0,0.0,1.0
0.0,-0.139344,0.41875,0.212481,-5.55112e-17,0.783815,0.0,0.0,1.0
-0.0009375,-0.130906,0.420312,0.224088,-0.000708333,0.772208,0.0,0.0,1.0
-0.000171875,-0.154234,0.419271,0.220509,-2.77778e-05,0.775787,0.0,0.0,1.0
0.000625,-0.177563,0.418229,0.216931,0.000652778,0.779366,0.0,0.0,1.0
0.0,-0.176563,0.417708,0.226157,-5.55112e-17,0.770139,0.0,0.0,1.0
0.0,-0.170312,0.408333,0.212037,0.0,0.784259,0.0,0.0,1.0
0.0,-0.183203,0.401302,0.217245,-5.55112e-17,0.779051,0.0,0.0,1.0
0.0,-0.196094,0.394271,0.222454,-1.11022e-16,0.773843,0.0,0.0,1.0
0.0,-0.194531,0.400521,0.227083,0.0,0.769213,0.0,0.0,1.0
-0.001875,-0.185406,0.403646,0.224806,-0.00172222,0.771491,0.0,0.0,1.0
0.0,-0.176313,0.406771,0.222528,-5.55112e-17,0.773769,0.0,0.0,1.0
0.0,-0.148438,0.405208,0.21088,0.0,0.785417,0.0,0.0,1.0
0.0,-0.152734,0.391406,0.21412,-1.11022e-16,0.782176,0.0,0.0,1.0
0.0,-0.157031,0.377604,0.217361,-5.55112e-17,0.778935,0.0,0.0,1.0
0.0,-0.119531,0.402083,0.216435,0.0,0.779861,0.0,0.0,1.0
0.0,-0.0820312,0.426562,0.154167,0.0,0.719444,0.0,0.0,1.0
-2.77556e-17,-0.139844,0.348437,0.226389,-5.55112e-17,0.756481,0.0,0.0,1.0
-0.000335938,-0.138805,0.334026,0.223944,-0.000638889,0.729167,0.0,0.0,1.0
-0.000664063,-0.137758,0.31962,0.2215,-0.00133333,0.701852,0.0,0.0,1.0
-0.001,-0.136719,0.305208,0.219056,-0.00197222,0.674537,0.0,0.0,1.0
-0.00132813,-0.135672,0.290792,0.216583,-0.00263889,0.647222,0.0,0.0,1.0
-0.00166406,-0.134633,0.276391,0.214167,-0.00330556,0.619907,0.0,0.0,1.0
-0.00198438,-0.133578,0.261979,0.211694,-0.00397222,0.592593,0.0,0.0,1.0
-0.00015625,-0.113937,0.250521,0.184806,-0.000305556,0.562963,0.0,0.0,1.0
0.0,-0.110156,0.247396,0.170833,0.0,0.523148,0.0,0.0,1.0
0.0,-0.113484,0.243885,0.173611,-5.55112e-17,0.521296,0.0,0.0,1.0
0.0,-0.116797,0.240365,0.176389,0.0,0.519444,0.0,0.0,1.0
0.0,-0.120109,0.236844,0.179167,0.0,0.517593,0.0,0.0,1.0
0.0,-0.123438,0.233333,0.181944,0.0,0.515741,0.0,0.0,1.0
0.0,-0.119016,0.231073,0.186111,0.0,0.517296,0.0,0.0,1.0
0.0,-0.114578,0.228823,0.190278,0.0,0.518815,0.0,0.0,1.0
0.0,-0.110156,0.226562,0.194444,0.0,0.52037,0.0,0.0,1.0
2.77556e-17,-0.113281,0.221708,0.193528,0.0,0.522833,0.0,0.0,1.0
0.0,-0.116406,0.216833,0.192583,0.0,0.525315,0.0,0.0,1.0
2.77556e-17,-0.119531,0.211979,0.191667,0.0,0.527778,0.0,0.0,1.0
0.0,-0.123828,0.20599,0.211111,0.0,0.537963,0.0,0.0,1.0
0.0,-0.128125,0.2,0.230556,-5.55112e-17,0.548148,0.0,0.0,1.0
0.0,-0.128312,0.201167,0.229528,0.0,0.545833,0.0,0.0,1.0
0.0,-0.128516,0.202344,0.2285,0.0,0.543519,0.0,0.0,1.0
2.77556e-17,-0.128719,0.203521,0.227417,0.0,0.541204,0.0,0.0,1.0
0.0,-0.128906,0.204688,0.226389,-5.55112e-17,0.538889,0.0,0.0,1.0
0.0,-0.129094,0.205854,0.225361,0.0,0.536574,0.0,0.0,1.0
0.0,-0.129297,0.207031,0.224278,0.0,0.534259,0.0,0.0,1.0
0.0,-0.1295,0.208208,0.22325,0.0,0.531944,0.0,0.0,1.0
2.77556e-17,-0.129688,0.209375,0.222222,-5.55112e-17,0.52963,0.0,0.0,1.0
-2.77556e-17,-0.129,0.207875,0.221694,0.0,0.529685,0.0,0.0,1.0
0.0,-0.128297,0.206365,0.221139,0.0,0.529722,0.0,0.0,1.0
0.0,-0.127609,0.204865,0.220611,0.0,0.529778,0.0,0.0,1.0
0.0,-0.126906,0.203354,0.220083,0.0,0.529833,0.0,0.0,1.0
2.77556e-17,-0.126219,0.201854,0.2195,0.0,0.529889,0.0,0.0,1.0
0.0,-0.125516,0.200344,0.218972,0.0,0.529944,0.0,0.0,1.0
0.0,-0.124828,0.198844,0.218444,0.0,0.53,0.0,0.0,1.0
0.0,-0.124125,0.197333,0.217889,0.0,0.530037,0.0,0.0,1.0
0.0,-0.123438,0.195833,0.217361,0.0,0.530093,0.0,0.0,1.0
0.0,-0.12275,0.194333,0.216833,0.0,0.530148,0.0,0.0,1.0
0.0,-0.122047,0.192823,0.216278,0.0,0.530185,0.0,0.0,1.0
0.0,-0.121359,0.191323,0.21575,0.0,0.530241,0.0,0.0,1.0
0.0,-0.120656,0.189812,0.215222,0.0,0.530296,0.0,0.0,1.0
-2.77556e-17,-0.119969,0.188313,0.214639,0.0,0.530352,0.0,0.0,1.0
2.77556e-17,-0.119266,0.186802,0.214111,0.0,0.530407,0.0,0.0,1.0
0.0,-0.118578,0.185302,0.213583,0.0,0.530463,0.0,0.0,1.0
0.0,-0.117875,0.183792,0.213028,0.0,0.5305,0.0,0.0,1.0
0.0,-0.117188,0.182292,0.2125,0.0,0.530556,0.0,0.0,1.0
0.0,-0.1125,0.184375,0.227083,0.0,0.536574,0.0,0.0,1.0
0.0,-0.107813,0.186458,0.241667,0.0,0.542593,0.0,0.0,1.0
0.0,-0.110156,0.174479,0.2375,0.0,0.534259,0.0,0.0,1.0
0.0,-0.103906,0.174688,0.236111,0.0,0.52963,0.0,0.0,1.0
0.0,-0.0976562,0.174896,0.234722,0.0,0.525,0.0,0.0,1.0
0.0,-0.0914062,0.175104,0.233333,0.0,0.52037,0.0,0.0,1.0
0.0,-0.0851562,0.175313,0.231944,0.0,0.515741,0.0,0.0,1.0
0.0,-0.0789063,0.175521,0.230556,0.0,0.511111,0.0,0.0,1.0
0.0,-0.0875,0.177083,0.243056,0.0,0.528704,0.0,0.0,1.0
0.0,-0.0960938,0.178646,0.255556,0.0,0.546296,0.0,0.0,1.0
0.0,-0.0800781,0.178906,0.213194,0.0,0.521759,0.0,0.0,1.0
-1.38778e-17,-0.0640625,0.179167,0.170833,0.0,0.497222,0.0,0.0,1.0
0.0,-0.0882813,0.168229,0.2375,0.0,0.534259,0.0,0.0,1.0
1.38778e-17,-0.0769531,0.169531,0.205556,0.0,0.523148,0.0,0.0,1.0
-2.77556e-17,-0.065625,0.170833,0.173611,0.0,0.512037,0.0,0.0,1.0
-0.0676562,-0.0315781,0.16826,0.183236,-0.0368472,0.536157,0.0,0.0,1.0
-0.0680078,-0.0296172,0.166464,0.176833,-0.036,0.536926,0.0,0.0,1.0
-0.0667734,-0.0339609,0.169016,0.1825,-0.03925,0.53813,0.0,0.0,1.0
-0.0729062,-0.03225,0.166562,0.173639,-0.0428056,0.545593,0.0,0.0,1.0
-0.0694844,-0.0307813,0.16599,0.179958,-0.0375694,0.537602,0.0,0.0,1.0
-0.0717734,-0.0309609,0.165984,0.165361,-0.0424722,0.545852,0.0,0.0,1.0
-0.0804297,-0.0281641,0.161953,0.161889,-0.0442222,0.550852,0.0,0.0,1.0
-0.0757578,-0.0290859,0.164068,0.161361,-0.0431667,0.5465,0.0,0.0,1.0
-0.0708672,-0.0334922,0.165547,0.191278,-0.0392222,0.543519,0.0,0.0,1.0
-0.0713594,-0.0333594,0.165646,0.189333,-0.03975,0.542833,0.0,0.0,1.0
-0.0691484,-0.0335234,0.166182,0.180667,-0.0405556,0.54563,0.0,0.0,1.0
-0.0686094,-0.0340469,0.167,0.182806,-0.0403889,0.539722,0.0,0.0,1.0
-0.0707734,-0.0337578,0.166547,0.188,-0.0401667,0.543222,0.0,0.0,1.0
-0.0674453,-0.0345391,0.167453,0.184347,-0.0399306,0.545694,0.0,0.0,1.0
-0.07125,-0.0350625,0.168062,0.186014,-0.0424583,0.546398,0.0,0.0,1.0
-0.0701484,-0.0365703,0.170526,0.1855,-0.0436944,0.542944,0.0,0.0,1.0
-0.069,-0.0369062,0.169271,0.185722,-0.0433333,0.545259,0.0,0.0,1.0
-0.0662109,-0.0379766,0.171828,0.186167,-0.0426944,0.543648,0.0,0.0,1.0
-0.0674453,-0.0382891,0.170974,0.185806,-0.0439167,0.544778,0.0,0.0,1.0
-0.0672344,-0.0387344,0.171375,0.185111,-0.0444722,0.545389,0.0,0.0,1.0
-0.0698906,-0.0395,0.172135,0.194306,-0.0449167,0.543815,0.0,0.0,1.0
-0.0655625,-0.0404375,0.173271,0.182833,-0.0458333,0.542815,0.0,0.0,1.0
-0.0648281,-0.04025,0.171865,0.181458,-0.0454583,0.54588,0.0,0.0,1.0
-0.0664688,-0.0411563,0.171937,0.191264,-0.0452083,0.544046,0.0,0.0,1.0
-0.0667656,-0.039875,0.171844,0.179847,-0.0467917,0.545213,0.0,0.0,1.0
-0.0669844,-0.0408594,0.172458,0.183944,-0.0470278,0.54713,0.0,0.0,1.0
-0.0677656,-0.0405625,0.17274,0.182083,-0.0476944,0.546593,0.0,0.0,1.0
-0.0710313,-0.041375,0.173354,0.185389,-0.0500833,0.546426,0.0,0.0,1.0
-0.0691406,-0.04125,0.174406,0.1805,-0.0499444,0.541963,0.0,0.0,1.0
-0.0651641,-0.0443516,0.175286,0.168111,-0.0543333,0.545889,0.0,0.0,1.0
-0.0678125,-0.0408281,0.17124,0.180875,-0.048375,0.547806,0.0,0.0,1.0
-0.0683594,-0.041375,0.172656,0.184306,-0.0485,0.546944,0.0,0.0,1.0
-0.0670078,-0.0417578,0.173828,0.179625,-0.0492361,0.54612,0.0,0.0,1.0
-0.0704063,-0.0410938,0.174063,0.185597,-0.0492639,0.543157,0.0,0.0,1.0
-0.0697344,-0.0397031,0.172979,0.178903,-0.0489028,0.541435,0.0,0.0,1.0
-0.0669766,-0.0398203,0.172432,0.184528,-0.0456667,0.543463,0.0,0.0,1.0
-0.0678906,-0.0383594,0.17125,0.184583,-0.0445833,0.541556,0.0,0.0,1.0
-0.0726172,-0.0387578,0.17112,0.189361,-0.0469722,0.542222,0.0,0.0,1.0
-0.0646719,-0.0389063,0.170406,0.190319,-0.0417639,0.543843,0.0,0.0,1.0
-0.0706641,-0.0379766,0.170161,0.18525,-0.0457778,0.544648,0.0,0.0,1.0
-0.0665625,-0.0378906,0.169156,0.186806,-0.0426667,0.543093,0.0,0.0,1.0
-0.0677891,-0.0374922,0.168484,0.186944,-0.0429722,0.543944,0.0,0.0,1.0
-0.0687187,-0.0370469,0.166906,0.180139,-0.0446667,0.548389,0.0,0.0,1.0
-0.0652656,-0.0378281,0.166833,0.188667,-0.0413611,0.544019,0.0,0.0,1.0
-0.0648594,-0.0369844,0.166938,0.189681,-0.0399861,0.544917,0.0,0.0,1.0
-0.0638516,-0.0380703,0.168057,0.191458,-0.040125,0.543417,0.0,0.0,1.0
-0.0662813,-0.0372031,0.167344,0.19025,-0.0409722,0.543667,0.0,0.0,1.0
-0.0668125,-0.0359375,0.167792,0.187819,-0.0404028,0.544176,0.0,0.0,1.0
-0.0669922,-0.0366016,0.16713,0.188639,-0.0410833,0.545296,0.0,0.0,1.0
-0.0692266,-0.0358672,0.167057,0.181375,-0.0432639,0.544528,0.0,0.0,1.0
-0.0688438,-0.0329687,0.162292,0.163083,-0.0439722,0.55737,0.0,0.0,1.0
-0.0667969,-0.0356094,0.166833,0.182542,-0.0411806,0.544287,0.0,0.0,1.0
-0.064125,-0.0381406,0.16751,0.189319,-0.0408194,0.540694,0.0,0.0,1.0
-0.0661172,-0.0371953,0.167526,0.182444,-0.0426111,0.539481,0.0,0.0,1.0
-0.0624844,-0.0351562,0.166948,0.185889,-0.0373611,0.538352,0.0,0.0,1.0
-0.0650469,-0.03575,0.166656,0.183194,-0.0401111,0.541278,0.0,0.0,1.0
-0.0659531,-0.0354219,0.164729,0.185917,-0.0397222,0.545278,0.0,0.0,1.0
-0.0688203,-0.0353047,0.16588,0.186014,-0.0412917,0.543602,0.0,0.0,1.0
-0.0675625,-0.0354531,0.165323,0.177542,-0.042625,0.545694,0.0,0.0,1.0
-0.0674219,-0.0361406,0.165937,0.181667,-0.0423889,0.544815,0.0,0.0,1.0
-0.0707266,-0.0343672,0.165818,0.173611,-0.04425,0.546204,0.0,0.0,1.0
-0.0690313,-0.0366406,0.165594,0.186889,-0.0427778,0.543148,0.0,0.0,1.0
-0.0704531,-0.0345313,0.162865,0.188667,-0.04075,0.547759,0.0,0.0,1.0
-0.0711328,-0.0352266,0.162755,0.197528,-0.0401111,0.548981,0.0,0.0,1.0
-0.0682812,-0.0362344,0.166656,0.186847,-0.0418472,0.543102,0.0,0.0,1.0
-0.0651797,-0.0369609,0.166255,0.188069,-0.0404861,0.542398,0.0,0.0,1.0
-0.0645469,-0.0371875,0.166615,0.191111,-0.0396944,0.542241,0.0,0.0,1.0
