0.408467,-0.00670401,0.0835495,0.0181719,0.470172,0.229302,0.0,0.0,1.0
0.410059,-0.000760613,0.0829599,0.00215625,0.451156,0.229667,0.0,0.0,1.0
0.410059,-0.00104363,0.0880307,0.0029375,0.4515,0.22575,0.0,0.0,1.0
0.405239,0.000397995,0.0866333,-0.00114062,0.448703,0.224031,0.0,0.0,1.0
0.412695,0.00157429,0.0858019,-0.0045625,0.444687,0.215833,0.0,0.0,1.0
0.403939,-0.000371462,0.0820165,0.001,0.457375,0.207208,0.0,0.0,1.0
0.402479,-0.000681014,0.0809493,0.001875,0.452281,0.195354,0.0,0.0,1.0
0.402824,-0.000512972,0.0803066,0.00145313,0.445922,0.195781,0.0,0.0,1.0
0.398287,-0.000663325,0.0767983,0.00179688,0.452984,0.188281,0.0,0.0,1.0
0.402223,0.000707547,0.0782193,-0.00196875,0.450281,0.178917,0.0,0.0,1.0
0.400083,0.00159198,0.0776887,-0.0044375,0.445188,0.178458,0.0,0.0,1.0
0.397429,0.000318396,0.0764623,-0.000890625,0.449953,0.174906,0.0,0.0,1.0
0.397129,-8.84434e-05,0.077217,0.00021875,0.4505,0.172396,0.0,0.0,1.0
0.39367,0.00144163,0.0777535,-0.004,0.444375,0.170292,0.0,0.0,1.0
0.396067,0.00116745,0.076592,-0.00321875,0.449094,0.168833,0.0,0.0,1.0
0.393777,-0.00167158,0.07852,0.0045625,0.449,0.161458,0.0,0.0,1.0
0.396271,-0.000627948,0.0804068,0.00171875,0.4475,0.167187,0.0,0.0,1.0
0.400861,-0.000495283,0.0792925,0.00134375,0.455563,0.159146,0.0,0.0,1.0
0.379838,0.00589917,0.0695224,-0.0157344,0.444891,0.153906,0.0,0.0,1.0
0.39773,-0.00146816,0.0810377,0.004,0.459156,0.147021,0.0,0.0,1.0
0.396173,-0.000283019,0.0801297,0.00078125,0.451813,0.152938,0.0,0.0,1.0
0.397235,-0.00528892,0.0802123,0.0140938,0.464594,0.146125,0.0,0.0,1.0
0.395475,-0.000256486,0.0806073,0.00065625,0.472906,0.152292,0.0,0.0,1.0
0.391645,-0.00847288,0.0782075,0.0221719,0.466859,0.142302,0.0,0.0,1.0
0.39681,-0.00525354,0.0802358,0.0140156,0.463766,0.152469,0.0,0.0,1.0
0.404478,-0.00151238,0.0821757,0.00410938,0.461391,0.18651,0.0,0.0,1.0
0.398703,-0.000760613,0.0924882,0.002125,0.449781,0.206813,0.0,0.0,1.0
0.405256,-0.00174233,0.0923408,0.00475,0.464563,0.227375,0.0,0.0,1.0
0.4086,4.42217e-05,0.0915743,-0.000125,0.462687,0.241875,0.0,0.0,1.0
0.406044,0.00233491,0.0913325,-0.0064375,0.458875,0.247083,0.0,0.0,1.0
0.408785,0.000725236,0.0938325,-0.00201562,0.457578,0.260323,0.0,0.0,1.0
0.39727,-0.00405071,0.0869104,0.0108281,0.463391,0.25974,0.0,0.0,1.0
0.401055,0.00159198,0.0804363,-0.0044375,0.451875,0.26625,0.0,0.0,1.0
0.400825,0.00475825,0.097158,-0.0132031,0.451328,0.264156,0.0,0.0,1.0
0.39176,2.6533e-05,0.0719517,-9.375e-05,0.468156,0.266917,0.0,0.0,1.0
0.404823,-0.000707547,0.0246462,0.00203125,0.446844,0.250167,0.0,0.0,1.0
0.396058,0.000592571,0.00669222,-0.00159375,0.447531,0.247792,0.0,0.0,1.0
0.400949,-0.000902123,0.044033,0.00242188,0.464359,0.242552,0.0,0.0,1.0
0.402347,-0.000247641,0.0760142,0.0006875,0.468531,0.250688,0.0,0.0,1.0
0.406433,0.00470519,0.0646344,-0.0132813,0.449531,0.240042,0.0,0.0,1.0
0.411456,0.00215802,0.0562146,-0.006125,0.451625,0.233708,0.0,0.0,1.0
0.395625,-0.00182193,0.0492571,0.00490625,0.457031,0.232708,0.0,0.0,1.0
0.394334,-0.00470519,0.0427948,0.0126875,0.456969,0.231479,0.0,0.0,1.0
0.402718,-0.00295401,0.0488208,0.00809375,0.459219,0.225458,0.0,0.0,1.0
0.404089,-0.000645637,0.0487323,0.00178125,0.458344,0.223125,0.0,0.0,1.0
0.409369,-0.00026533,0.0476887,0.000734375,0.455859,0.221531,0.0,0.0,1.0
0.398013,-0.00182193,0.0451887,0.0049375,0.45825,0.225,0.0,0.0,1.0
0.391052,0.000698703,0.0406899,-0.001875,0.456719,0.228854,0.0,0.0,1.0
0.409121,-0.00166274,0.0286203,0.0046875,0.453312,0.230417,0.0,0.0,1.0
0.412836,0.00960495,0.0220755,-0.0267031,0.462891,0.234552,0.0,0.0,1.0
0.415525,0.00948113,0.0121108,-0.0272813,0.450437,0.223188,0.0,0.0,1.0
0.414092,0.00217571,0.00387972,-0.006,0.469406,0.227896,0.0,0.0,1.0
0.41885,0.00567807,-0.00716981,-0.0160937,0.460562,0.218896,0.0,0.0,1.0
0.414287,0.00585495,-0.0209198,-0.016125,0.470094,0.225938,0.0,0.0,1.0
0.405495,-0.000601415,-0.029717,0.00160938,0.470547,0.217094,0.0,0.0,1.0
0.409661,0.0013355,-0.0363856,-0.0036875,0.462531,0.212646,0.0,0.0,1.0
0.409245,-0.000442217,-0.0474646,0.00115625,0.471719,0.212042,0.0,0.0,1.0
0.405088,-0.00488208,-0.0578892,0.0125937,0.48975,0.213021,0.0,0.0,1.0
0.408175,0.00114092,-0.0655601,-0.003125,0.466625,0.198333,0.0,0.0,1.0
0.418063,0.00800413,-0.0705837,-0.0229844,0.454453,0.20251,0.0,0.0,1.0
0.414402,-0.000539505,-0.0806899,0.00151563,0.463109,0.186052,0.0,0.0,1.0
0.412783,0.000371462,-0.0846108,-0.00101562,0.463266,0.186906,0.0,0.0,1.0
0.410209,0.00151238,-0.0928833,-0.00409375,0.474094,0.177917,0.0,0.0,1.0
0.413632,0.0040684,-0.100613,-0.0115781,0.453859,0.171219,0.0,0.0,1.0
0.406725,0.00973762,-0.103202,-0.0271875,0.455063,0.167542,0.0,0.0,1.0
0.410917,0.00073408,-0.0956073,-0.00207813,0.456516,0.162135,0.0,0.0,1.0
0.411235,0.00213149,-0.0882724,-0.00584375,0.469031,0.157833,0.0,0.0,1.0
0.411916,-0.00102594,-0.0768514,0.0028125,0.470719,0.154687,0.0,0.0,1.0
0.42214,0.00612028,-0.0652476,-0.0178125,0.452531,0.150188,0.0,0.0,1.0
0.414463,0.00744693,-0.0695991,-0.0209688,0.458875,0.142854,0.0,0.0,1.0
0.406389,0.000344929,-0.072105,-0.00096875,0.452781,0.144083,0.0,0.0,1.0
0.415295,0.00836674,-0.0731486,-0.0240469,0.450641,0.143323,0.0,0.0,1.0
0.411368,0.00396226,-0.0837736,-0.0112187,0.453125,0.146521,0.0,0.0,1.0
0.403788,-0.000114976,-0.0852653,0.0003125,0.45575,0.147167,0.0,0.0,1.0
0.39911,-0.00320165,-0.0883962,0.0086875,0.458594,0.142271,0.0,0.0,1.0
0.404381,0.00472288,-0.0890094,-0.0129844,0.458297,0.13849,0.0,0.0,1.0
0.404151,0.000990566,-0.0932311,-0.00265625,0.469344,0.128208,0.0,0.0,1.0
0.398163,0.00144163,-0.103874,-0.00385937,0.464016,0.129115,0.0,0.0,1.0
0.401109,0.000318396,-0.101108,-0.00084375,0.468594,0.117125,0.0,0.0,1.0
0.401418,-0.00156545,-0.107647,0.00409375,0.482281,0.108833,0.0,0.0,1.0
0.398738,0.00300708,-0.10816,-0.00796875,0.467656,0.0866667,0.0,0.0,1.0
0.404239,0.00226415,-0.103927,-0.00604687,0.471672,0.0721354,0.0,0.0,1.0
0.395749,0.00221108,-0.106439,-0.00575,0.471563,0.0595833,0.0,0.0,1.0
0.400313,0.00539505,-0.104882,-0.0146406,0.459422,0.0496562,0.0,0.0,1.0
0.38977,0.000583726,-0.111509,-0.0015,0.465187,0.048125,0.0,0.0,1.0
0.390637,-0.0009375,-0.109965,0.002375,0.4805,0.0385833,0.0,0.0,1.0
0.398411,0.0016362,-0.108732,-0.00428125,0.474875,0.0286875,0.0,0.0,1.0
0.402099,0.0136026,-0.101498,-0.0372656,0.458047,0.0184062,0.0,0.0,1.0
0.381448,0.00533314,-0.0862795,-0.0135625,0.468344,0.00685417,0.0,0.0,1.0
0.370118,0.0118691,-0.0724646,-0.0300625,0.455906,0.0107708,0.0,0.0,1.0
0.372656,0.00941922,-0.0750295,-0.0238438,0.459563,0.00160417,0.0,0.0,1.0
0.394634,0.00967571,-0.0719222,-0.0256875,0.463344,-0.0091875,0.0,0.0,1.0
0.379864,0.00730542,-0.0792689,-0.0186094,0.465953,-0.00948958,0.0,0.0,1.0
0.375575,0.0106397,-0.0831545,-0.0268438,0.464687,-0.0091875,0.0,0.0,1.0
0.37921,0.0125767,-0.0730542,-0.0325313,0.457656,0.00304167,0.0,0.0,1.0
0.385083,0.0167689,-0.0670519,-0.0442187,0.455656,0.0167917,0.0,0.0,1.0
0.355498,0.0132046,-0.0799233,-0.0326719,0.448516,0.0348438,0.0,0.0,1.0
0.355489,0.00946344,-0.0772406,-0.0232813,0.450781,0.0523333,0.0,0.0,1.0
0.349741,0.00334316,-0.065625,-0.0079375,0.459969,0.0796458,0.0,0.0,1.0
0.37064,0.0136822,-0.0509965,-0.0342188,0.462531,0.113792,0.0,0.0,1.0
0.372506,0.0067217,-0.0489741,-0.0165,0.474094,0.160354,0.0,0.0,1.0
0.354481,0.0109316,-0.0559198,-0.0260625,0.464188,0.191583,0.0,0.0,1.0
0.350307,-0.0010967,-0.0520283,0.0024375,0.490094,0.221646,0.0,0.0,1.0
0.363529,4.42217e-05,-0.0412205,-9.375e-05,0.48625,0.263312,0.0,0.0,1.0
0.363856,0.0117099,-0.0470991,-0.0284375,0.467438,0.282292,0.0,0.0,1.0
0.353977,0.00170696,-0.037954,-0.003875,0.488531,0.311687,0.0,0.0,1.0
0.35564,-0.00099941,-0.0243573,0.00221875,0.496906,0.336958,0.0,0.0,1.0
0.359434,0.001875,-0.0238443,-0.00440625,0.481094,0.370333,0.0,0.0,1.0
0.360336,0.00320165,-0.0191509,-0.00754688,0.476984,0.380219,0.0,0.0,1.0
0.3675,0.00650943,-0.0138915,-0.015875,0.470031,0.392146,0.0,0.0,1.0
0.362963,0.00582842,-0.00323703,-0.0142188,0.464375,0.404687,0.0,0.0,1.0
0.373815,0.0117276,0.00900943,-0.0297344,0.460609,0.422781,0.0,0.0,1.0
0.372506,0.00479363,0.00955189,-0.011625,0.48,0.436917,0.0,0.0,1.0
0.360867,0.00120283,0.00329009,-0.00315625,0.425469,0.482458,0.0,0.0,1.0
0.359549,0.00987913,0.0101002,-0.0255625,0.434,0.493625,0.0,0.0,1.0
0.363396,-0.000707547,0.0252123,0.00182812,0.441641,0.510969,0.0,0.0,1.0
0.363255,0.0009375,0.0414269,-0.00240625,0.44225,0.513062,0.0,0.0,1.0
0.362945,0.000645637,0.0389564,-0.00165625,0.443563,0.525104,0.0,0.0,1.0
0.367801,-0.00806604,0.0445401,0.0202135,0.441651,0.534693,0.0,0.0,1.0
0.369039,0.00206958,0.0470755,-0.00542188,0.439922,0.535594,0.0,0.0,1.0
0.372081,0.00350236,0.0442807,-0.00925,0.440281,0.534729,0.0,0.0,1.0
0.373081,0.00345814,0.0419281,-0.00907812,0.443391,0.535865,0.0,0.0,1.0
0.378131,0.0024941,0.0480189,-0.0066875,0.440937,0.538625,0.0,0.0,1.0
0.375876,0.00246757,0.0494399,-0.0065625,0.439875,0.52925,0.0,0.0,1.0
0.375805,-0.00110554,0.0497111,0.00292188,0.443234,0.53174,0.0,0.0,1.0
0.380643,0.000548349,0.0459906,-0.00148437,0.442984,0.521031,0.0,0.0,1.0
0.384419,0.0145313,0.044888,-0.0400625,0.435156,0.512521,0.0,0.0,1.0
0.383269,0.00798644,0.0432252,-0.0221406,0.431734,0.505365,0.0,0.0,1.0
0.383862,0.0121344,0.0412618,-0.0331562,0.4385,0.500479,0.0,0.0,1.0
0.387559,0.0159906,0.0379953,-0.0449375,0.430687,0.4875,0.0,0.0,1.0
0.386904,0.0100649,0.0334198,-0.0278437,0.436469,0.487792,0.0,0.0,1.0
0.391804,0.00498821,0.040566,-0.0140469,0.434547,0.484156,0.0,0.0,1.0
0.390133,0.0179098,0.0351238,-0.0505312,0.431531,0.476625,0.0,0.0,1.0
0.390425,0.0178125,0.0366156,-0.050875,0.426562,0.485625,0.0,0.0,1.0
0.39245,0.0121079,0.040855,-0.0341875,0.4335,0.507167,0.0,0.0,1.0
0.39115,0.0197052,0.0390684,-0.0533359,0.428555,0.516419,0.0,0.0,1.0
0.396713,0.0236232,0.0403125,-0.0643203,0.426852,0.508279,0.0,0.0,1.0
0.393998,0.0172995,0.0392217,-0.0495156,0.429422,0.516156,0.0,0.0,1.0
0.394511,0.0215448,0.0319458,-0.0586615,0.431974,0.507599,0.0,0.0,1.0
0.397226,0.0224912,0.0355719,-0.0620299,0.433061,0.502775,0.0,0.0,1.0
0.396226,0.0225708,0.0426179,-0.0605977,0.431535,0.50729,0.0,0.0,1.0
0.395254,0.0139741,0.0427005,-0.0399688,0.43125,0.514146,0.0,0.0,1.0
0.394281,0.0271698,0.0373113,-0.0714518,0.428296,0.501697,0.0,0.0,1.0
0.394166,0.0294782,0.0322465,-0.077138,0.427294,0.497857,0.0,0.0,1.0
0.395147,0.0292571,0.0324175,-0.0775729,0.429323,0.494365,0.0,0.0,1.0
0.393334,0.0282754,0.04023,-0.0781979,0.427885,0.492208,0.0,0.0,1.0
0.392821,0.0224912,0.0482842,-0.0648594,0.425047,0.483448,0.0,0.0,1.0
0.394396,0.0259404,0.04773,-0.0741719,0.430609,0.474344,0.0,0.0,1.0
0.392972,0.0247288,0.0546934,-0.0695469,0.436328,0.469031,0.0,0.0,1.0
0.387161,0.015168,0.0785436,-0.0415312,0.441531,0.468375,0.0,0.0,1.0
0.389027,0.0221462,0.0938797,-0.0622188,0.43225,0.500979,0.0,0.0,1.0
0.391052,0.0240478,0.0907606,-0.0504219,0.416734,0.54588,0.0,0.0,1.0
0.389965,0.0166804,0.0955542,-0.0270781,0.418703,0.569318,0.0,0.0,1.0
0.390301,0.022783,0.0970637,-0.0428815,0.410413,0.56397,0.0,0.0,1.0
0.391132,0.0334847,0.0953892,-0.0639427,0.395005,0.568693,0.0,0.0,1.0
0.391716,0.028921,0.0917453,-0.048707,0.403176,0.5764,0.0,0.0,1.0
0.390699,0.0222435,0.0880248,-0.0367943,0.398451,0.587575,0.0,0.0,1.0
0.390761,0.0252771,0.0833962,-0.0365026,0.402596,0.590857,0.0,0.0,1.0
0.390884,0.0331663,0.0738561,-0.0572305,0.394199,0.581111,0.0,0.0,1.0
0.393812,0.0283284,0.0989799,-0.0444232,0.400954,0.585845,0.0,0.0,1.0
0.39168,0.0279481,0.126781,-0.0389635,0.406526,0.588255,0.0,0.0,1.0
0.391742,0.0273025,0.119393,-0.0374844,0.406188,0.589646,0.0,0.0,1.0
0.393679,0.0235613,0.108797,-0.0323594,0.412552,0.583281,0.0,0.0,1.0
0.391335,0.0152742,0.109004,-0.0207031,0.407638,0.588195,0.0,0.0,1.0
0.394617,0.022217,0.0816863,-0.0307344,0.410224,0.585609,0.0,0.0,1.0
0.392158,0.0157075,0.0607075,-0.0214375,0.415542,0.580292,0.0,0.0,1.0
0.394935,0.0348644,0.0750943,-0.0633464,0.400815,0.566888,0.0,0.0,1.0
0.39712,0.0318308,0.1026,-0.0567995,0.410456,0.560904,0.0,0.0,1.0
0.397995,0.0374292,0.112193,-0.0712578,0.412289,0.545404,0.0,0.0,1.0
0.390752,0.0293013,0.0889092,-0.0521563,0.431719,0.537896,0.0,0.0,1.0
0.396041,0.0451327,0.0547583,-0.0965234,0.433617,0.490794,0.0,0.0,1.0
0.389823,0.0106132,0.0467453,-0.0277188,0.466156,0.486417,0.0,0.0,1.0
0.397907,0.0324941,0.0390094,-0.0856562,0.471063,0.437479,0.0,0.0,1.0
0.396916,0.0383314,0.0259198,-0.104,0.456625,0.414667,0.0,0.0,1.0
0.398429,0.0438945,0.0164917,-0.115824,0.450762,0.433392,0.0,0.0,1.0
0.396182,0.0452211,0.0155248,-0.113983,0.455608,0.433165,0.0,0.0,1.0
0.392326,0.037102,0.0169281,-0.0980781,0.463266,0.432656,0.0,0.0,1.0
0.391645,0.0337146,0.0190448,-0.0887344,0.464484,0.398885,0.0,0.0,1.0
0.391132,0.0284965,0.0506958,-0.0738594,0.470984,0.321219,0.0,0.0,1.0
0.389522,0.0352889,0.0569811,-0.0928125,0.462187,0.215167,0.0,0.0,1.0
0.386303,0.0404186,0.0630189,-0.10525,0.462906,0.100938,0.0,0.0,1.0
0.388797,0.0383667,0.0794929,-0.102094,0.455969,0.0294167,0.0,0.0,1.0
0.386498,0.0277535,0.0932901,-0.0723438,0.462781,-0.0392083,0.0,0.0,1.0
0.385967,0.0500943,0.104057,-0.132781,0.454562,-0.151646,0.0,0.0,1.0
0.385914,0.0510495,0.0966391,-0.135125,0.455094,-0.162396,0.0,0.0,1.0
0.385118,0.0316097,0.0948231,-0.082875,0.458594,-0.103937,0.0,0.0,1.0
0.385259,0.0343337,0.120908,-0.0904844,0.456234,-0.110969,0.0,0.0,1.0
0.384012,0.0411881,0.163603,-0.107453,0.459422,-0.16551,0.0,0.0,1.0
0.380112,0.040454,0.153042,-0.103159,0.465191,-0.230481,0.0,0.0,1.0
0.378821,0.02273,0.111686,-0.0574875,0.467581,-0.291054,0.0,0.0,1.0
0.372762,0.0217129,0.0882488,-0.0535719,0.471422,-0.342906,0.0,0.0,1.0
0.375088,0.0286557,0.0923467,-0.0724984,0.462655,-0.403311,0.0,0.0,1.0
0.37837,0.0273379,0.103508,-0.0695563,0.464069,-0.460921,0.0,0.0,1.0
0.369313,0.0151504,0.113355,-0.0361171,0.481248,-0.482799,0.0,0.0,1.0
0.372187,0.0336085,0.108667,-0.0773131,0.458976,-0.470242,0.0,0.0,1.0
0.368225,0.0239682,0.0767217,-0.0594,0.4636,-0.431129,0.0,0.0,1.0
0.368084,0.0291333,0.0681604,-0.0701828,0.476883,-0.398214,0.0,0.0,1.0
0.360195,0.00339623,0.0806958,-0.00774219,0.49402,-0.388555,0.0,0.0,1.0
0.36834,0.0257282,0.0844399,-0.0622453,0.475286,-0.404399,0.0,0.0,1.0
0.355162,0.00411262,0.0811851,-0.00936406,0.488467,-0.412145,0.0,0.0,1.0
0.363538,0.0197229,0.0791156,-0.047125,0.474997,-0.396165,0.0,0.0,1.0
0.348945,-0.000548349,0.0858019,0.00121406,0.494452,-0.389739,0.0,0.0,1.0
0.358656,0.0167512,0.100861,-0.0392391,0.478211,-0.370682,0.0,0.0,1.0
0.356843,0.0128685,0.10898,-0.0300328,0.477414,-0.321922,0.0,0.0,1.0
0.358337,0.0156545,0.120814,-0.0369531,0.474203,-0.233615,0.0,0.0,1.0
0.348732,8.84434e-05,0.129788,-0.00021875,0.48075,-0.145521,0.0,0.0,1.0
0.350156,0.00397111,0.144322,-0.0090625,0.478687,-0.0612083,0.0,0.0,1.0
0.358302,0.0278243,0.151262,-0.0660938,0.471063,0.0136042,0.0,0.0,1.0
0.357435,0.0299116,0.131651,-0.0715,0.466469,0.0873958,0.0,0.0,1.0
0.357196,0.0383048,0.15227,-0.090375,0.472406,0.153771,0.0,0.0,1.0
0.35885,0.0420637,0.19079,-0.102312,0.460469,0.160812,0.0,0.0,1.0
0.35296,0.0223585,0.186297,-0.0524688,0.469063,0.161104,0.0,0.0,1.0
0.353738,0.024145,0.1423,-0.0564531,0.472234,0.145552,0.0,0.0,1.0
0.352482,0.0314858,0.101262,-0.0743125,0.465906,0.159104,0.0,0.0,1.0
0.35273,0.0317689,0.0969458,-0.0745781,0.469172,0.175385,0.0,0.0,1.0
0.351483,0.0330336,0.121409,-0.0762031,0.475516,0.164802,0.0,0.0,1.0
0.347131,0.0234463,0.125772,-0.0510937,0.497312,0.152854,0.0,0.0,1.0
0.351651,0.0530307,0.0975943,-0.126266,0.460891,0.18124,0.0,0.0,1.0
0.354481,0.0563915,0.0790566,-0.135031,0.462063,0.216479,0.0,0.0,1.0
0.354366,0.052102,0.0713149,-0.124156,0.464063,0.235188,0.0,0.0,1.0
0.352765,0.0572583,0.0568868,-0.135531,0.465,0.265646,0.0,0.0,1.0
0.352748,0.0489269,0.0445991,-0.11225,0.479875,0.302,0.0,0.0,1.0
0.355419,0.075513,0.0373113,-0.183344,0.456906,0.325458,0.0,0.0,1.0
0.350652,0.060964,0.0347347,-0.142953,0.466703,0.349156,0.0,0.0,1.0
0.351633,0.0779894,0.0475708,-0.185844,0.452719,0.359552,0.0,0.0,1.0
0.352818,0.0775825,0.0589858,-0.178055,0.452336,0.373107,0.0,0.0,1.0
0.347751,0.0885407,0.0678597,-0.201789,0.438445,0.36731,0.0,0.0,1.0
0.346185,0.104009,0.0774646,-0.247378,0.417034,0.345013,0.0,0.0,1.0
0.348777,0.0999853,0.0827182,-0.239365,0.425302,0.341583,0.0,0.0,1.0
0.262818,0.189888,0.0822995,-0.484398,0.25868,0.291701,0.0,0.0,1.0
0.269213,0.184608,0.080737,-0.469523,0.267992,0.296107,0.0,0.0,1.0
0.343426,0.074487,0.083066,-0.162233,0.457796,0.384697,0.0,0.0,1.0
0.304475,-0.00130896,0.0914976,0.002125,0.583,0.399917,0.0,0.0,1.0
0.193488,-0.249366,0.0932017,0.21721,0.495991,0.338392,0.0,0.0,1.0
0.199882,-0.236798,0.0921344,0.201725,0.505975,0.347626,0.0,0.0,1.0
0.115879,-0.336563,0.0975,0.381086,0.24593,0.410669,0.0,0.0,1.0
0.00419222,-0.30237,0.0697759,0.558372,0.00339062,0.437461,0.0,0.0,1.0
-0.225345,-0.201094,0.050454,0.502456,-0.172674,0.393779,0.0,0.0,1.0
-0.163753,-0.221453,0.0624705,0.54325,-0.104562,0.42574,0.0,0.0,1.0
-0.0617689,-0.26395,0.0757547,0.537971,-0.0412031,0.457862,0.0,0.0,1.0
-0.183096,-0.215625,0.0700118,0.524197,-0.111822,0.448931,0.0,0.0,1.0
-0.20441,-0.205631,0.066875,0.49887,-0.125245,0.467193,0.0,0.0,1.0
-0.154042,-0.222409,0.0615743,0.516617,-0.0858594,0.479216,0.0,0.0,1.0
-0.101108,-0.244175,0.0609434,0.515281,-0.0609687,0.480552,0.0,0.0,1.0
-0.138343,-0.221179,0.0630778,0.504182,-0.0778594,0.491651,0.0,0.0,1.0
-0.116692,-0.230572,0.0686792,0.502203,-0.067875,0.49363,0.0,0.0,1.0
-0.166963,-0.214847,0.0745165,0.500307,-0.0929063,0.495526,0.0,0.0,1.0
-0.129835,-0.22332,0.0804127,0.506982,-0.0737344,0.488852,0.0,0.0,1.0
-0.100206,-0.230377,0.0860967,0.499362,-0.05875,0.496471,0.0,0.0,1.0
-0.114976,-0.223072,0.0855542,0.507305,-0.0654844,0.488529,0.0,0.0,1.0
-0.170917,-0.207285,0.0886616,0.48304,-0.101072,0.503119,0.0,0.0,1.0
-0.104611,-0.231545,0.0914387,0.492984,-0.0628594,0.502849,0.0,0.0,1.0
-0.102541,-0.226716,0.0910377,0.484122,-0.0615156,0.511711,0.0,0.0,1.0
-0.065908,-0.241698,0.0910613,0.475779,-0.0429375,0.520055,0.0,0.0,1.0
-0.164452,-0.204463,0.0836792,0.465341,-0.113997,0.495341,0.0,0.0,1.0
-0.138803,-0.212919,0.0650472,0.484812,-0.0875625,0.500146,0.0,0.0,1.0
0.00122052,-0.263066,0.0539505,0.478849,0.000953125,0.516984,0.0,0.0,1.0
-0.0431781,-0.242547,0.0519458,0.519414,-0.0291406,0.476419,0.0,0.0,1.0
-0.0388443,-0.245094,0.0690094,0.543905,-0.0345612,0.43565,0.0,0.0,1.0
-0.0472995,-0.234233,0.0653302,0.538379,-0.0519102,0.416572,0.0,0.0,1.0
-0.004148,-0.250339,0.0397818,0.517719,-0.00625,0.404312,0.0,0.0,1.0
-0.0280542,-0.238921,0.0268514,0.528609,-0.0395781,0.388177,0.0,0.0,1.0
-0.00424528,-0.244157,0.0479599,0.501672,-0.00645312,0.33099,0.0,0.0,1.0
0.00774764,-0.246403,0.0402594,0.484812,0.0123125,0.293167,0.0,0.0,1.0
0.00242335,-0.246209,0.0446698,0.48625,0.00384375,0.262104,0.0,0.0,1.0
0.0162294,-0.250958,0.0485436,0.473594,0.0268438,0.232792,0.0,0.0,1.0
0.0166804,-0.247252,0.0471344,0.458187,0.0280937,0.221104,0.0,0.0,1.0
0.0203597,-0.246934,0.0501297,0.448875,0.0349375,0.18925,0.0,0.0,1.0
0.0137087,-0.244652,0.0454953,0.443188,0.023625,0.155833,0.0,0.0,1.0
0.0179009,-0.247111,0.050283,0.432609,0.0318906,0.133594,0.0,0.0,1.0
-0.00705778,-0.236179,0.0526061,0.455219,-0.0114375,0.118146,0.0,0.0,1.0
-0.00642983,-0.233729,0.0583078,0.444719,-0.0105313,0.111833,0.0,0.0,1.0
0.04125,-0.247553,0.0677005,0.395391,0.0806094,0.108719,0.0,0.0,1.0
0.0260024,-0.241132,0.0685613,0.397781,0.0491875,0.107521,0.0,0.0,1.0
0.030911,-0.242273,0.0698762,0.391719,0.0596563,0.0962917,0.0,0.0,1.0
0.0423379,-0.241512,0.0695106,0.372078,0.0857969,0.0916354,0.0,0.0,1.0
0.0488738,-0.244864,0.0714387,0.364938,0.102344,0.0857708,0.0,0.0,1.0
0.0448673,-0.240946,0.0664564,0.366375,0.0920938,0.0879375,0.0,0.0,1.0
0.0511733,-0.236197,0.0583255,0.355484,0.106141,0.0806563,0.0,0.0,1.0
0.0501386,-0.23564,0.0526238,0.351312,0.104969,0.0799375,0.0,0.0,1.0
0.0475737,-0.234879,0.0465861,0.363594,0.0959375,0.0733542,0.0,0.0,1.0
0.0488384,-0.233791,0.0470047,0.352625,0.101094,0.0686458,0.0,0.0,1.0
0.0448408,-0.229935,0.0273349,0.358328,0.0897969,0.0661146,0.0,0.0,1.0
0.0427358,-0.230979,0.0118868,0.358875,0.0858437,0.0596458,0.0,0.0,1.0
0.058691,-0.230218,-0.00154481,0.341234,0.123578,0.0541771,0.0,0.0,1.0
0.0566126,-0.229608,-0.0112795,0.327469,0.123906,0.0585833,0.0,0.0,1.0
0.0593632,-0.229104,-0.0164387,0.31875,0.133188,0.0645,0.0,0.0,1.0
0.0648732,-0.225062,-0.0293101,0.314078,0.145078,0.0551771,0.0,0.0,1.0
0.063467,-0.22362,-0.0375,0.310453,0.142672,0.0579479,0.0,0.0,1.0
0.0544104,-0.224116,-0.037783,0.319453,0.119141,0.0511979,0.0,0.0,1.0
0.0661203,-0.221445,-0.0680071,0.302906,0.150875,0.0499375,0.0,0.0,1.0
0.0607075,-0.221639,-0.0650943,0.305094,0.137656,0.057875,0.0,0.0,1.0
0.0573998,-0.219375,-0.0791627,0.309063,0.127188,0.0612083,0.0,0.0,1.0
0.0598673,-0.216996,-0.0771757,0.306828,0.132141,0.0611771,0.0,0.0,1.0
0.0653154,-0.216023,-0.0879776,0.301656,0.146,0.0582292,0.0,0.0,1.0
0.0649263,-0.216111,-0.097612,0.304969,0.143594,0.05875,0.0,0.0,1.0
0.0622818,-0.212742,-0.112642,0.300391,0.137672,0.0611979,0.0,0.0,1.0
0.0629009,-0.210831,-0.124469,0.294719,0.140437,0.0708125,0.0,0.0,1.0
0.0626179,-0.207612,-0.131215,0.297719,0.136281,0.07525,0.0,0.0,1.0
0.0609994,-0.202491,-0.122305,0.296781,0.129875,0.0914375,0.0,0.0,1.0
0.0575147,-0.204154,-0.106303,0.303859,0.120609,0.0915521,0.0,0.0,1.0
0.0574882,-0.203809,-0.0912972,0.303781,0.120375,0.0995208,0.0,0.0,1.0
0.0582842,-0.205843,-0.0757783,0.299969,0.124812,0.101729,0.0,0.0,1.0
0.0533137,-0.203261,-0.0627712,0.304375,0.111125,0.0991667,0.0,0.0,1.0
0.0513325,-0.203101,-0.0666038,0.308953,0.105328,0.103406,0.0,0.0,1.0
0.0623172,-0.199864,-0.0806132,0.299719,0.129688,0.0939375,0.0,0.0,1.0
0.0383048,-0.199024,-0.0909729,0.321281,0.0740625,0.0980625,0.0,0.0,1.0
0.05449,-0.200881,-0.0993337,0.300953,0.113516,0.0978854,0.0,0.0,1.0
0.0629452,-0.198281,-0.111244,0.307125,0.126844,0.0920208,0.0,0.0,1.0
0.0583992,-0.196159,-0.124416,0.310187,0.11525,0.0880833,0.0,0.0,1.0
0.0606987,-0.196831,-0.134145,0.306047,0.121828,0.0853229,0.0,0.0,1.0
0.0742836,-0.191153,-0.138909,0.290953,0.152328,0.0801979,0.0,0.0,1.0
0.077105,-0.190153,-0.147017,0.285953,0.160047,0.0751771,0.0,0.0,1.0
0.0868337,-0.187376,-0.138278,0.281094,0.180656,0.0715,0.0,0.0,1.0
0.0815537,-0.187261,-0.125006,0.278562,0.171125,0.0702083,0.0,0.0,1.0
0.0574528,-0.191374,-0.122111,0.315891,0.108641,0.0672188,0.0,0.0,1.0
0.0667482,-0.191613,-0.120914,0.29925,0.133406,0.0597292,0.0,0.0,1.0
0.0611851,-0.188048,-0.117594,0.303156,0.118437,0.0516042,0.0,0.0,1.0
0.0362883,-0.187297,-0.104805,0.345422,0.0614219,0.0423646,0.0,0.0,1.0
0.0245519,-0.183449,-0.0951061,0.362219,0.0388125,0.0373125,0.0,0.0,1.0
0.0432488,-0.188278,-0.0758137,0.334406,0.076,0.0386042,0.0,0.0,1.0
0.0106221,-0.174525,-0.0649351,0.380594,0.0152187,0.0269167,0.0,0.0,1.0
0.00745578,-0.176241,-0.0613031,0.383156,0.0106875,0.0252292,0.0,0.0,1.0
0.0138945,-0.174932,-0.0494752,0.381594,0.019875,0.0266458,0.0,0.0,1.0
-0.00841981,-0.17066,-0.0249764,0.398187,-0.01125,0.0255833,0.0,0.0,1.0
-0.0111527,-0.168246,-0.00712854,0.396219,-0.0147812,0.0235,0.0,0.0,1.0
-0.00976415,-0.16714,-0.00475236,0.398594,-0.0128125,0.0229375,0.0,0.0,1.0
-0.015,-0.167777,0.00642689,0.40725,-0.0192812,0.0201458,0.0,0.0,1.0
-0.0803597,-0.143172,0.00751179,0.409453,-0.0877031,0.00738542,0.0,0.0,1.0
-0.0836321,-0.142801,0.00378538,0.402063,-0.0927188,0.00477083,0.0,0.0,1.0
-0.0224292,-0.156651,-0.00183962,0.402063,-0.0272813,0.0116042,0.0,0.0,1.0
-0.0232252,-0.154475,-0.00834906,0.405844,-0.0275938,-0.002625,0.0,0.0,1.0
-0.0812618,-0.139175,-0.0119104,0.408297,-0.0864531,-0.0134271,0.0,0.0,1.0
-0.0613267,-0.144923,-0.0179245,0.414656,-0.0669063,-0.00929167,0.0,0.0,1.0
-0.0258874,-0.151229,-0.0197818,0.421156,-0.029,-0.0118125,0.0,0.0,1.0
-0.0430454,-0.143446,-0.0191686,0.416969,-0.0461875,-0.0173542,0.0,0.0,1.0
-0.0346875,-0.146621,-0.0222877,0.423844,-0.0374688,-0.020625,0.0,0.0,1.0
-0.0768485,-0.135522,-0.0190389,0.4175,-0.0778437,-0.0322292,0.0,0.0,1.0
-0.014717,-0.148815,-0.0219693,0.4045,-0.0169063,-0.0188125,0.0,0.0,1.0
-0.0336704,-0.144932,-0.0272936,0.414531,-0.03675,-0.0291458,0.0,0.0,1.0
-0.0624941,-0.134133,-0.0293632,0.412406,-0.0634375,-0.0273958,0.0,0.0,1.0
-0.0516775,-0.131896,-0.0320342,0.404656,-0.0525625,-0.0281458,0.0,0.0,1.0
-0.0458756,-0.132585,-0.0346403,0.394719,-0.0480938,-0.0225,0.0,0.0,1.0
-0.0441775,-0.132815,-0.0396167,0.402297,-0.0455156,-0.0324271,0.0,0.0,1.0
-0.0457783,-0.135389,-0.0443868,0.399656,-0.0484063,-0.0210417,0.0,0.0,1.0
-0.0578597,-0.1249,-0.0451887,0.384531,-0.0586562,-0.01225,0.0,0.0,1.0
-0.0592925,-0.124847,-0.0450943,0.383109,-0.0603281,-0.0105313,0.0,0.0,1.0
-0.0510672,-0.123856,-0.0510967,0.379516,-0.0520156,0.000302083,0.0,0.0,1.0
-0.0341126,-0.128552,-0.0576474,0.375156,-0.0364688,0.00808333,0.0,0.0,1.0
-0.0471138,-0.122698,-0.0561851,0.380922,-0.0473594,0.00784375,0.0,0.0,1.0
-0.0472642,-0.122671,-0.0601533,0.382203,-0.0473594,0.0150313,0.0,0.0,1.0
-0.0465743,-0.121008,-0.065283,0.385031,-0.0456875,0.0194792,0.0,0.0,1.0
-0.0450177,-0.118921,-0.0695991,0.3715,-0.0449688,0.0291875,0.0,0.0,1.0
-0.0343249,-0.122415,-0.0753833,0.367781,-0.0356563,0.040125,0.0,0.0,1.0
-0.0440625,-0.118355,-0.0813443,0.376844,-0.0431875,0.0366042,0.0,0.0,1.0
-0.0568603,-0.110988,-0.0816568,0.375781,-0.0524063,0.0449167,0.0,0.0,1.0
-0.0495018,-0.109785,-0.0864328,0.36425,-0.0465625,0.0572917,0.0,0.0,1.0
-0.0465301,-0.110032,-0.0932134,0.373625,-0.04275,0.0590417,0.0,0.0,1.0
-0.0379599,-0.107246,-0.0974646,0.389969,-0.0325937,0.0585,0.0,0.0,1.0
-0.0348202,-0.105628,-0.102636,0.363375,-0.0315938,0.0830625,0.0,0.0,1.0
-0.0440979,-0.104805,-0.106863,0.363328,-0.0397031,0.0884271,0.0,0.0,1.0
-0.0328656,-0.102046,-0.108361,0.385281,-0.0271563,0.086,0.0,0.0,1.0
-0.0371197,-0.0976327,-0.111126,0.3535,-0.032,0.115583,0.0,0.0,1.0
-0.0355985,-0.0980749,-0.117824,0.361172,-0.0301719,0.121927,0.0,0.0,1.0
-0.0364387,-0.0965979,-0.119705,0.356125,-0.0308437,0.125437,0.0,0.0,1.0
-0.042727,-0.0943956,-0.121669,0.364328,-0.0345469,0.126885,0.0,0.0,1.0
-0.0287087,-0.0993927,-0.128443,0.357219,-0.0249375,0.136354,0.0,0.0,1.0
-0.0247642,-0.0968278,-0.130613,0.350313,-0.021375,0.149708,0.0,0.0,1.0
-0.0255425,-0.0949351,-0.134116,0.360188,-0.021,0.15,0.0,0.0,1.0
-0.023411,-0.0956515,-0.134794,0.367516,-0.0190156,0.147365,0.0,0.0,1.0
-0.028638,-0.0960318,-0.133726,0.372219,-0.0230625,0.149021,0.0,0.0,1.0
-0.0371462,-0.0940861,-0.136545,0.339516,-0.0321406,0.175969,0.0,0.0,1.0
-0.0272671,-0.0932459,-0.141409,0.331609,-0.0239219,0.194052,0.0,0.0,1.0
-0.0271344,-0.0927771,-0.144823,0.326531,-0.0240625,0.215896,0.0,0.0,1.0
-0.0239505,-0.0930778,-0.150896,0.332141,-0.0209531,0.224615,0.0,0.0,1.0
-0.0443544,-0.0886822,-0.150348,0.332359,-0.0369219,0.24224,0.0,0.0,1.0
-0.0449558,-0.0875678,-0.151221,0.314187,-0.0390938,0.265063,0.0,0.0,1.0
-0.0375973,-0.0878331,-0.151798,0.311109,-0.0331406,0.27726,0.0,0.0,1.0
-0.0282665,-0.0876828,-0.157087,0.314906,-0.0245625,0.287354,0.0,0.0,1.0
-0.0469988,-0.084375,-0.153007,0.320563,-0.038625,0.290458,0.0,0.0,1.0
-0.0396757,-0.0849057,-0.15388,0.299844,-0.0350625,0.313229,0.0,0.0,1.0
-0.0442925,-0.0843396,-0.149646,0.312766,-0.0372656,0.308906,0.0,0.0,1.0
-0.0154422,-0.0949351,-0.155755,0.301344,-0.0151875,0.330063,0.0,0.0,1.0
-0.0413738,-0.0839505,-0.1548,0.287594,-0.0376875,0.344771,0.0,0.0,1.0
-0.0381279,-0.0840124,-0.154746,0.278656,-0.035875,0.353604,0.0,0.0,1.0
-0.0352978,-0.0870902,-0.155242,0.273609,-0.0350781,0.36974,0.0,0.0,1.0
-0.0470519,-0.0844634,-0.165554,0.263469,-0.0470937,0.380167,0.0,0.0,1.0
-0.0512529,-0.078918,-0.176963,0.273453,-0.0461719,0.386698,0.0,0.0,1.0
-0.0418779,-0.0837117,-0.202223,0.259844,-0.042125,0.399938,0.0,0.0,1.0
-0.0345814,-0.0828361,-0.21309,0.270875,-0.033,0.404917,0.0,0.0,1.0
-0.0429304,-0.0786792,-0.223455,0.244984,-0.0430469,0.424969,0.0,0.0,1.0
-0.0376946,-0.0821639,-0.234906,0.2475,-0.0390625,0.428583,0.0,0.0,1.0
-0.0423555,-0.0812353,-0.251869,0.252047,-0.0426094,0.431073,0.0,0.0,1.0
-0.0513591,-0.0801209,-0.260159,0.249297,-0.0515156,0.435823,0.0,0.0,1.0
-0.0309021,-0.079316,-0.26638,0.249344,-0.0306875,0.450312,0.0,0.0,1.0
-0.0381368,-0.0779009,-0.273915,0.234359,-0.0395469,0.457052,0.0,0.0,1.0
-0.0404009,-0.0766804,-0.272889,0.224703,-0.0430469,0.472823,0.0,0.0,1.0
-0.0336704,-0.077839,-0.279864,0.233906,-0.0349687,0.467958,0.0,0.0,1.0
-0.0355985,-0.0749027,-0.283803,0.240344,-0.034625,0.475313,0.0,0.0,1.0
-0.0261173,-0.0762294,-0.290195,0.226406,-0.0274375,0.488313,0.0,0.0,1.0
-0.0221639,-0.0778125,-0.29217,0.231906,-0.0232187,0.48725,0.0,0.0,1.0
-0.0462824,-0.0739475,-0.286256,0.205094,-0.0520938,0.506375,0.0,0.0,1.0
-0.0311851,-0.0741509,-0.28421,0.221531,-0.0325937,0.50425,0.0,0.0,1.0
-0.034316,-0.0726297,-0.281604,0.222,-0.0350313,0.506813,0.0,0.0,1.0
-0.0290802,-0.074434,-0.283703,0.211344,-0.0319688,0.516458,0.0,0.0,1.0
-0.037783,-0.0742925,-0.279387,0.206375,-0.0424687,0.522812,0.0,0.0,1.0
-0.0238267,-0.0756368,-0.2748,0.217625,-0.0258438,0.525937,0.0,0.0,1.0
-0.0213325,-0.0761144,-0.269163,0.207359,-0.0244531,0.539302,0.0,0.0,1.0
-0.024145,-0.0731781,-0.268019,0.204406,-0.0269687,0.542792,0.0,0.0,1.0
-0.0378007,-0.0699764,-0.267111,0.19525,-0.0422813,0.557187,0.0,0.0,1.0
-0.0188827,-0.0717718,-0.267836,0.193859,-0.0218281,0.559385,0.0,0.0,1.0
-0.0156899,-0.0707193,-0.266097,0.201172,-0.0172031,0.560594,0.0,0.0,1.0
-0.0308491,-0.0730012,-0.258691,0.190437,-0.0369375,0.565,0.0,0.0,1.0
-0.028638,-0.0710731,-0.257417,0.183156,-0.0346875,0.575188,0.0,0.0,1.0
-0.0381456,-0.0694723,-0.25977,0.181016,-0.0457031,0.576552,0.0,0.0,1.0
-0.029204,-0.0699587,-0.260307,0.187125,-0.0340937,0.576104,0.0,0.0,1.0
-0.0207577,-0.0674558,-0.254699,0.181969,-0.0240312,0.579625,0.0,0.0,1.0
-0.0294693,-0.0715507,-0.260106,0.173937,-0.0378437,0.589646,0.0,0.0,1.0
-0.0306633,-0.0723025,-0.257801,0.171531,-0.0403438,0.588083,0.0,0.0,1.0
-0.0145489,-0.0673496,-0.261327,0.171047,-0.0178906,0.589385,0.0,0.0,1.0
-0.0335643,-0.0693131,-0.258827,0.163094,-0.0445312,0.589792,0.0,0.0,1.0
-0.0130631,-0.0659169,-0.255041,0.178469,-0.0150625,0.587854,0.0,0.0,1.0
-0.0123379,-0.0698261,-0.256527,0.175469,-0.0153437,0.586583,0.0,0.0,1.0
-0.0191392,-0.0717099,-0.248349,0.169078,-0.0253281,0.587052,0.0,0.0,1.0
-0.0137972,-0.0687028,-0.243208,0.166156,-0.0178125,0.589729,0.0,0.0,1.0
-0.0266392,-0.0692335,-0.227807,0.159656,-0.0360312,0.591333,0.0,0.0,1.0
-0.02227,-0.0691804,-0.220731,0.157813,-0.0304688,0.593896,0.0,0.0,1.0
-0.0118514,-0.0691097,-0.216474,0.167531,-0.01525,0.592062,0.0,0.0,1.0
-0.0178921,-0.0690478,-0.212081,0.158063,-0.0244063,0.596313,0.0,0.0,1.0
-0.015796,-0.0685259,-0.204139,0.158125,-0.021375,0.599958,0.0,0.0,1.0
-0.0143897,-0.0697022,-0.193614,0.152531,-0.0205313,0.604458,0.0,0.0,1.0
-0.0210142,-0.0685613,-0.198514,0.155891,-0.0288281,0.601323,0.0,0.0,1.0
-0.0182282,-0.0675265,-0.204051,0.15025,-0.0255625,0.605208,0.0,0.0,1.0
-0.0178479,-0.0668632,-0.208833,0.149781,-0.024875,0.601396,0.0,0.0,1.0
-0.016194,-0.0696315,-0.20661,0.152656,-0.0230625,0.593938,0.0,0.0,1.0
-0.0165743,-0.0674823,-0.211958,0.146328,-0.0238594,0.581531,0.0,0.0,1.0
-0.00584611,-0.0670312,-0.209039,0.154938,-0.007875,0.566625,0.0,0.0,1.0
-0.0146728,-0.068181,-0.210572,0.148797,-0.0209844,0.557594,0.0,0.0,1.0
-0.0122229,-0.0646167,-0.214788,0.152844,-0.016125,0.542146,0.0,0.0,1.0
-0.0145578,-0.0649175,-0.214658,0.151969,-0.0194062,0.522917,0.0,0.0,1.0
-0.0120018,-0.0651032,-0.217329,0.148844,-0.016375,0.510813,0.0,0.0,1.0
-0.0117895,-0.0643779,-0.215949,0.145375,-0.0163125,0.491542,0.0,0.0,1.0
-0.0113561,-0.0651297,-0.215755,0.140437,-0.0164375,0.478583,0.0,0.0,1.0
-0.0080395,-0.063069,-0.232282,0.134844,-0.0117188,0.466125,0.0,0.0,1.0
-0.0009375,-0.0615212,-0.243597,0.143266,-0.00126563,0.450323,0.0,0.0,1.0
-0.00730542,-0.0634847,-0.241651,0.142,-0.0101875,0.437708,0.0,0.0,1.0
-0.0148496,-0.0620607,-0.237423,0.148672,-0.0193594,0.42476,0.0,0.0,1.0
-0.00662441,-0.0622199,-0.236409,0.141625,-0.00909375,0.420479,0.0,0.0,1.0
-0.000442217,-0.0583019,-0.245318,0.140531,-0.0005625,0.414688,0.0,0.0,1.0
-0.0131781,-0.0599116,-0.244552,0.135703,-0.0181406,0.408573,0.0,0.0,1.0
-0.00860554,-0.0599912,-0.242093,0.136859,-0.0117656,0.397156,0.0,0.0,1.0
-0.0103921,-0.059319,-0.238732,0.137781,-0.0139687,0.386125,0.0,0.0,1.0
-0.00960495,-0.0608667,-0.240118,0.144156,-0.0126563,0.377667,0.0,0.0,1.0
0.000132665,-0.0581692,-0.251008,0.134094,0.0001875,0.373563,0.0,0.0,1.0
1.38778e-17,-0.0566038,-0.259434,0.1375,0.0,0.370833,0.0,0.0,1.0
-0.00541274,-0.0574882,-0.261321,0.12425,-0.0078125,0.366417,0.0,0.0,1.0
0.0,-0.0583726,-0.258255,0.121875,0.0,0.35625,0.0,0.0,1.0
-0.00495283,-0.0590802,-0.25316,0.122141,-0.00745312,0.34901,0.0,0.0,1.0
0.0,-0.0566038,-0.254717,0.128125,0.0,0.34375,0.0,0.0,1.0
0.0,-0.0566038,-0.257075,0.128125,0.0,0.33125,0.0,0.0,1.0
-0.0073408,-0.0570991,-0.256639,0.129641,-0.0100781,0.325698,0.0,0.0,1.0
-0.00541274,-0.057895,-0.252559,0.124266,-0.00785938,0.321448,0.0,0.0,1.0
0.0,-0.0566038,-0.247642,0.128125,-2.77556e-17,0.310417,0.0,0.0,1.0
0.0,-0.0548349,-0.241745,0.11875,0.0,0.3125,0.0,0.0,1.0
-0.000512972,-0.0554363,-0.248927,0.121625,-0.00071875,0.306229,0.0,0.0,1.0
-0.00580189,-0.0551887,-0.245967,0.123094,-0.008125,0.304062,0.0,0.0,1.0
0.0,-0.053066,-0.242925,0.11875,0.0,0.304167,0.0,0.0,1.0
0.0,-0.053066,-0.242925,0.115625,0.0,0.297917,0.0,0.0,1.0
0.0,-0.0548349,-0.239387,0.121875,0.0,0.29375,0.0,0.0,1.0
0.0,-0.0548349,-0.239387,0.125,0.0,0.279167,0.0,0.0,1.0
0.0,-0.0566038,-0.252358,0.1125,0.0,0.279167,0.0,0.0,1.0
1.38778e-17,-0.0548349,-0.258255,0.11875,0.0,0.270833,0.0,0.0,1.0
-0.00366156,-0.0556486,-0.266073,0.116312,-0.00546875,0.269479,0.0,0.0,1.0
0.00180425,-0.0553479,-0.27737,0.109984,0.00282812,0.261365,0.0,0.0,1.0
0.0,-0.053066,-0.278302,0.1125,0.0,0.254167,0.0,0.0,1.0
-0.00363502,-0.0543308,-0.27898,0.109187,-0.00565625,0.245271,0.0,0.0,1.0
0.0,-0.053066,-0.278302,0.10625,-1.38778e-17,0.2375,0.0,0.0,1.0
0.0,-0.053066,-0.278302,0.1125,0.0,0.229167,0.0,0.0,1.0
1.38778e-17,-0.053066,-0.275943,0.115625,0.0,0.21875,0.0,0.0,1.0
0.0,-0.0548349,-0.274764,0.115625,-2.77556e-17,0.210417,0.0,0.0,1.0
0.0,-0.0548349,-0.274764,0.11875,-1.38778e-17,0.2,0.0,0.0,1.0
0.0,-0.053066,-0.271226,0.1125,-2.77556e-17,0.195833,0.0,0.0,1.0
0.0,-0.053066,-0.268868,0.1125,-1.38778e-17,0.191667,0.0,0.0,1.0
1.38778e-17,-0.0512972,-0.26533,0.1125,0.0,0.183333,0.0,0.0,1.0
0.0,-0.053066,-0.259434,0.103125,-1.38778e-17,0.18125,0.0,0.0,1.0
-0.00535083,-0.0574794,-0.25273,0.101922,-0.00942187,0.170448,0.0,0.0,1.0
0.00247642,-0.0512441,-0.246686,0.104453,0.00379688,0.164198,0.0,0.0,1.0
0.00417453,-0.0526592,-0.238738,0.115844,0.00590625,0.153542,0.0,0.0,1.0
0.0,-0.0512972,-0.227594,0.109375,0.0,0.147917,0.0,0.0,1.0
0.00566038,-0.0506604,-0.221297,0.114156,0.007875,0.142937,0.0,0.0,1.0
0.0,-0.0495283,-0.209906,0.1,0.0,0.1375,0.0,0.0,1.0
0.00442217,-0.0492807,-0.205189,0.109281,0.00621875,0.129167,0.0,0.0,1.0
0.0,-0.0512972,-0.196934,0.109375,-1.38778e-17,0.11875,0.0,0.0,1.0
0.00766804,-0.0485466,-0.189876,0.108469,0.0107187,0.1185,0.0,0.0,1.0
0.0,-0.0495283,-0.183962,0.103125,-6.93889e-18,0.114583,0.0,0.0,1.0
0.0,-0.0495283,-0.174528,0.10625,-6.93889e-18,0.116667,0.0,0.0,1.0
6.93889e-18,-0.0477594,-0.163915,0.103125,-6.93889e-18,0.114583,0.0,0.0,1.0
6.93889e-18,-0.0477594,-0.154481,0.109375,0.0,0.11875,0.0,0.0,1.0
0.00834906,-0.0458844,-0.145566,0.101812,0.01175,0.128042,0.0,0.0,1.0
0.00990566,-0.0451946,-0.138267,0.0975,0.0143125,0.130917,0.0,0.0,1.0
0.0,-0.0477594,-0.126179,0.1,-1.38778e-17,0.133333,0.0,0.0,1.0
0.0,-0.0459906,-0.115566,0.103125,0.0,0.135417,0.0,0.0,1.0
0.0,-0.0477594,-0.107311,0.096875,-1.38778e-17,0.147917,0.0,0.0,1.0
0.000778302,-0.0461144,-0.10612,0.0984688,0.001125,0.144604,0.0,0.0,1.0
0.00412146,-0.0460083,-0.103892,0.101703,0.00579687,0.147031,0.0,0.0,1.0
0.00504127,-0.0452123,-0.0995637,0.101109,0.00704688,0.14649,0.0,0.0,1.0
0.0,-0.0442217,-0.0955189,0.09375,0.0,0.15,0.0,0.0,1.0
0.0,-0.0442217,-0.0931604,0.096875,-1.38778e-17,0.152083,0.0,0.0,1.0
0.0,-0.0442217,-0.0955189,0.103125,0.0,0.152083,0.0,0.0,1.0
3.46945e-18,-0.0424528,-0.0943396,0.103125,0.0,0.15625,0.0,0.0,1.0
3.46945e-18,-0.0424528,-0.0966981,0.090625,0.0,0.160417,0.0,0.0,1.0
0.00276828,-0.0427978,-0.0961969,0.093,0.004,0.156417,0.0,0.0,1.0
3.46945e-18,-0.0424528,-0.0966981,0.096875,0.0,0.15625,0.0,0.0,1.0
0.00983491,-0.0408785,-0.0964505,0.101812,0.0123125,0.161833,0.0,0.0,1.0
0.0,-0.0424528,-0.0919811,0.096875,0.0,0.164583,0.0,0.0,1.0
0.00311321,-0.0415861,-0.0909552,0.0936094,0.00432813,0.178698,0.0,0.0,1.0
0.00291863,-0.040967,-0.0855542,0.08775,0.00425,0.186708,0.0,0.0,1.0
0.00321934,-0.0416215,-0.0814976,0.0908438,0.00459375,0.188042,0.0,0.0,1.0
-0.00374116,-0.0423555,-0.0769399,0.0924063,-0.00534375,0.1885,0.0,0.0,1.0
0.0,-0.0389151,-0.0754717,0.0875,0.0,0.191667,0.0,0.0,1.0
0.00263561,-0.042895,-0.0729717,0.0813125,0.00434375,0.189187,0.0,0.0,1.0
-1.76887e-05,-0.0388797,-0.0704835,0.0868125,-3.125e-05,0.182354,0.0,0.0,1.0
0.00438679,-0.0395873,-0.0691038,0.0927813,0.00584375,0.179708,0.0,0.0,1.0
0.0,-0.0389151,-0.0707547,0.090625,0.0,0.172917,0.0,0.0,1.0
0.0,-0.0389151,-0.0707547,0.09375,0.0,0.166667,0.0,0.0,1.0
0.0,-0.0389151,-0.0660377,0.09375,0.0,0.166667,0.0,0.0,1.0
0.0,-0.0389151,-0.0636792,0.078125,0.0,0.160417,0.0,0.0,1.0
0.0,-0.0389151,-0.0683962,0.078125,0.0,0.15625,0.0,0.0,1.0
-0.00364387,-0.0407193,-0.0660849,0.0836406,-0.00554687,0.153198,0.0,0.0,1.0
-0.00407724,-0.0405513,-0.0660083,0.086375,-0.00596875,0.147229,0.0,0.0,1.0
-0.00686321,-0.0403656,-0.0600236,0.084875,-0.0101875,0.140208,0.0,0.0,1.0
-0.0043691,-0.0408432,-0.0565802,0.0925938,-0.006,0.134729,0.0,0.0,1.0
0.0,-0.0371462,-0.0554245,0.0875,0.0,0.133333,0.0,0.0,1.0
0.00714623,-0.0362441,-0.0521816,0.0844375,0.0095625,0.126333,0.0,0.0,1.0
-0.00585495,-0.0387559,-0.0468632,0.0827031,-0.00854687,0.124802,0.0,0.0,1.0
0.00473172,-0.0360407,-0.0443691,0.0839219,0.00632813,0.117594,0.0,0.0,1.0
0.0,-0.0389151,-0.0400943,0.08125,-6.93889e-18,0.1125,0.0,0.0,1.0
8.84434e-05,-0.0350413,-0.0393868,0.0903125,0.000125,0.11025,0.0,0.0,1.0
-8.67362e-19,-0.0353774,-0.0377358,0.08125,0.0,0.104167,0.0,0.0,1.0
0.0,-0.0353774,-0.0353774,0.08125,0.0,0.104167,0.0,0.0,1.0
8.67362e-19,-0.0336085,-0.0389151,0.071875,-6.93889e-18,0.10625,0.0,0.0,1.0
8.67362e-19,-0.0336085,-0.0412736,0.075,0.0,0.1,0.0,0.0,1.0
1.73472e-18,-0.0336085,-0.0459906,0.071875,-6.93889e-18,0.102083,0.0,0.0,1.0
0.0,-0.0336085,-0.053066,0.075,-6.93889e-18,0.108333,0.0,0.0,1.0
0.0,-0.0336085,-0.0648585,0.078125,0.0,0.10625,0.0,0.0,1.0
0.0,-0.0336085,-0.0742925,0.06875,0.0,0.1125,0.0,0.0,1.0
0.0,-0.0336085,-0.0813679,0.071875,-6.93889e-18,0.110417,0.0,0.0,1.0
0.0,-0.0336085,-0.0908019,0.075,-6.93889e-18,0.108333,0.0,0.0,1.0
0.00172465,-0.0311055,-0.10056,0.0780156,0.00214062,0.109677,0.0,0.0,1.0
0.0,-0.0300708,-0.107311,0.065625,-1.38778e-17,0.110417,0.0,0.0,1.0
0.0,-0.0300708,-0.114387,0.06875,0.0,0.108333,0.0,0.0,1.0
-8.84434e-06,-0.0300619,-0.119098,0.071875,-3.125e-05,0.109438,0.0,0.0,1.0
0.0,-0.0300708,-0.121462,0.06875,-6.93889e-18,0.1125,0.0,0.0,1.0
0.0,-0.0283019,-0.122642,0.071875,-6.93889e-18,0.110417,0.0,0.0,1.0
6.93889e-18,-0.0300708,-0.126179,0.06875,-1.38778e-17,0.1125,0.0,0.0,1.0
6.93889e-18,-0.0300708,-0.126179,0.06875,-1.38778e-17,0.1125,0.0,0.0,1.0
-0.00669517,-0.0289652,-0.123213,0.0709687,-0.00853125,0.120667,0.0,0.0,1.0
-0.0064033,-0.0281073,-0.119257,0.0679063,-0.00825,0.122521,0.0,0.0,1.0
-0.00454599,-0.0283019,-0.117771,0.0642188,-0.00625,0.126854,0.0,0.0,1.0
0.0,-0.0283019,-0.113208,0.06875,0.0,0.129167,0.0,0.0,1.0
-0.00511203,-0.0275767,-0.110849,0.0675625,-0.0065,0.129167,0.0,0.0,1.0
-0.00441333,-0.0265596,-0.109581,0.0623125,-0.005875,0.140375,0.0,0.0,1.0
0.0,-0.0283019,-0.106132,0.0625,0.0,0.1375,0.0,0.0,1.0
0.0,-0.0283019,-0.103774,0.059375,0.0,0.13125,0.0,0.0,1.0
0.00104363,-0.0296108,-0.0996109,0.0670156,0.00145313,0.12299,0.0,0.0,1.0
-0.00898585,-0.0276474,-0.0941863,0.0686875,-0.0112813,0.116896,0.0,0.0,1.0
-0.00588149,-0.0260996,-0.092329,0.0623281,-0.00767187,0.109969,0.0,0.0,1.0
-0.00693396,-0.026533,-0.0883491,0.0613125,-0.009375,0.072125,0.0,0.0,1.0
-0.00020342,-0.0281338,-0.0888502,0.06225,-0.00028125,0.0418125,0.0,0.0,1.0
0.0,-0.026533,-0.0813679,0.059375,0.0,0.03125,0.0,0.0,1.0
-0.00470519,-0.02625,-0.0739859,0.0581875,-0.006625,0.0274583,0.0,0.0,1.0
0.0,-0.0283019,-0.0660377,0.0625,-1.73472e-18,0.0291667,0.0,0.0,1.0
0.0,-0.026533,-0.057783,0.059375,0.0,0.0104167,0.0,0.0,1.0
1.73472e-18,-0.026533,-0.0483491,0.059375,0.0,0.00625,0.0,0.0,1.0
8.67362e-19,-0.026533,-0.0412736,0.053125,8.67362e-19,-0.00625,0.0,0.0,1.0
8.67362e-19,-0.026533,-0.0341981,0.05625,8.67362e-19,-0.0125,0.0,0.0,1.0
0.000636792,-0.0284434,-0.0230896,0.0624219,0.000890625,-0.0236146,0.0,0.0,1.0
8.67362e-19,-0.0283019,-0.0141509,0.05625,1.73472e-18,-0.025,0.0,0.0,1.0
-0.00294517,-0.0272317,-0.0037559,0.0625938,-0.004,-0.0286875,0.0,0.0,1.0
-0.00392689,-0.0275767,0.00336085,0.0624219,-0.00542188,-0.0326771,0.0,0.0,1.0
-0.000521816,-0.028293,0.00960495,0.0595937,-0.00078125,-0.0365417,0.0,0.0,1.0
0.0,-0.0300708,0.0176887,0.05,0.0,-0.0333333,0.0,0.0,1.0
-0.00314858,-0.0289033,0.0255896,0.0556875,-0.00509375,-0.0375625,0.0,0.0,1.0
-0.00399764,-0.0287441,0.0282429,0.0565625,-0.00634375,-0.0367292,0.0,0.0,1.0
0.0,-0.0283019,0.0283019,0.053125,0.0,-0.0395833,0.0,0.0,1.0
-3.46945e-18,-0.0300708,0.0294811,0.046875,0.0,-0.0354167,0.0,0.0,1.0
-0.00302476,-0.027329,0.029316,0.0535313,-0.0048125,-0.0387708,0.0,0.0,1.0
0.0,-0.0283019,0.0259434,0.05,3.46945e-18,-0.0416667,0.0,0.0,1.0
-0.00236144,-0.0289475,0.0259729,0.05425,-0.0039375,-0.046625,0.0,0.0,1.0
-0.0029717,-0.0275059,0.0270165,0.0525937,-0.004875,-0.0460625,0.0,0.0,1.0
-0.00356427,-0.0277624,0.0273526,0.0565781,-0.00545313,-0.0494896,0.0,0.0,1.0
0.0,-0.0283019,0.0259434,0.05625,0.0,-0.05,0.0,0.0,1.0
3.46945e-18,-0.026533,0.0247642,0.05625,3.46945e-18,-0.0583333,0.0,0.0,1.0
-0.00118514,-0.0279481,0.0243042,0.0545313,-0.001875,-0.0568125,0.0,0.0,1.0
0.0,-0.0283019,0.0259434,0.05625,3.46945e-18,-0.0583333,0.0,0.0,1.0
0.0,-0.026533,0.0271226,0.059375,0.0,-0.0645833,0.0,0.0,1.0
0.0,-0.0283019,0.0306604,0.05625,0.0,-0.0666667,0.0,0.0,1.0
-3.46945e-18,-0.0247642,0.0353774,0.05625,0.0,-0.0708333,0.0,0.0,1.0
0.0,-0.026533,0.0389151,0.046875,0.0,-0.0729167,0.0,0.0,1.0
0.0,-0.026533,0.0436321,0.05,0.0,-0.0833333,0.0,0.0,1.0
-0.00417453,-0.0282311,0.0491981,0.051625,-0.007125,-0.0834167,0.0,0.0,1.0
-0.00565153,-0.0275501,0.0547936,0.049875,-0.00971875,-0.0943958,0.0,0.0,1.0
0.0,-0.026533,0.0601415,0.05,0.0,-0.1,0.0,0.0,1.0
-0.00382075,-0.0257547,0.0663208,0.04725,-0.0065,-0.116,0.0,0.0,1.0
-0.00551002,-0.0261881,0.0765625,0.0486875,-0.00925,-0.124208,0.0,0.0,1.0
-0.00645637,-0.0249764,0.0819929,0.0455937,-0.0110312,-0.133583,0.0,0.0,1.0
-0.0062441,-0.0245519,0.0892099,0.044125,-0.0108438,-0.140813,0.0,0.0,1.0
-0.0048467,-0.0263208,0.0972406,0.0556563,-0.00715625,-0.158333,0.0,0.0,1.0
-0.00375,-0.0255071,0.106486,0.046375,-0.0064375,-0.177292,0.0,0.0,1.0
0.0,-0.026533,0.114387,0.04375,0.0,-0.1875,0.0,0.0,1.0
-0.00591686,-0.0247199,0.0843219,0.0469844,-0.00970312,-0.209948,0.0,0.0,1.0
-0.00714623,-0.0254717,0.0637028,0.0441719,-0.0128594,-0.219927,0.0,0.0,1.0
-0.009375,-0.0254009,0.0696698,0.0441875,-0.0168125,-0.231708,0.0,0.0,1.0
-0.0108697,-0.0257636,0.0713974,0.0432031,-0.0202344,-0.239531,0.0,0.0,1.0
-0.00847288,-0.0267807,0.0671344,0.049875,-0.0141875,-0.25025,0.0,0.0,1.0
-0.00316627,-0.0245519,0.0577241,0.0614375,-0.0039375,-0.255125,0.0,0.0,1.0
-0.00986144,-0.0270902,0.0404304,0.0472656,-0.0176406,-0.254115,0.0,0.0,1.0
-0.00675708,-0.0253833,0.0251769,0.0478125,-0.0112187,-0.263354,0.0,0.0,1.0
-0.00675708,-0.027046,0.0111675,0.0477969,-0.0119531,-0.26851,0.0,0.0,1.0
-0.00428066,-0.0274882,-0.00165094,0.0529375,-0.0069375,-0.269167,0.0,0.0,1.0
-0.00322818,-0.0260996,-0.000277123,0.0569219,-0.00460937,-0.280469,0.0,0.0,1.0
-0.00410377,-0.025684,-0.0166038,0.0580781,-0.00567188,-0.286219,0.0,0.0,1.0
-0.020342,-0.0185731,-0.0377358,0.0359375,-0.0328125,-0.289583,0.0,0.0,1.0
-0.0103125,-0.0275413,-0.0595755,0.0450312,-0.0196563,-0.295292,0.0,0.0,1.0
-0.00497936,-0.0255336,-0.0753479,0.0527031,-0.00751563,-0.295094,0.0,0.0,1.0
-0.00497052,-0.0269752,-0.0932547,0.0527188,-0.0079375,-0.303146,0.0,0.0,1.0
-0.00370578,-0.0278685,-0.0931781,0.0523125,-0.00615625,-0.303896,0.0,0.0,1.0
-0.00598762,-0.027214,-0.0656781,0.052875,-0.009625,-0.299042,0.0,0.0,1.0
-0.00295401,-0.0267983,-0.0548349,0.0571875,-0.0043125,-0.309375,0.0,0.0,1.0
-0.00302476,-0.0266215,-0.0337736,0.0535156,-0.00470312,-0.311594,0.0,0.0,1.0
-0.00329894,-0.0264004,0.00599646,0.0524688,-0.0051875,-0.303688,0.0,0.0,1.0
0.0,-0.026533,0.0129717,0.05,2.77556e-17,-0.3,0.0,0.0,1.0
-0.00336085,-0.0267983,-0.0173703,0.0535156,-0.00526563,-0.311281,0.0,0.0,1.0
0.0,-0.026533,-0.107311,0.05625,0.0,-0.3125,0.0,0.0,1.0
0.0,-0.026533,-0.114387,0.05625,0.0,-0.308333,0.0,0.0,1.0
3.53774e-05,-0.028125,-0.139033,0.049,6.25e-05,-0.302667,0.0,0.0,1.0
0.0,-0.026533,-0.128538,0.053125,0.0,-0.310417,0.0,0.0,1.0
-0.0136645,-0.0263473,-0.114841,0.0358281,-0.0313594,-0.312865,0.0,0.0,1.0
-0.0149204,-0.0267541,-0.115772,0.036625,-0.034,-0.317083,0.0,0.0,1.0
0.00329894,-0.0297081,-0.105242,0.0524844,0.00582812,-0.312906,0.0,0.0,1.0
-0.0143101,-0.0272406,-0.0820165,0.03825,-0.0317812,-0.326562,0.0,0.0,1.0
-0.0163443,-0.0249057,-0.0558019,0.0385,-0.033,-0.329667,0.0,0.0,1.0
-0.000176887,-0.0286557,-0.0482311,0.0499531,-0.000296875,-0.329135,0.0,0.0,1.0
-0.015,-0.0278243,-0.0339033,0.0424062,-0.0307187,-0.33875,0.0,0.0,1.0
-0.0130366,-0.0258432,-0.0359434,0.03775,-0.027875,-0.335667,0.0,0.0,1.0
-0.015796,-0.0236851,-0.0473113,0.0446563,-0.0261563,-0.344167,0.0,0.0,1.0
-0.0145047,-0.0240035,-0.0621108,0.041,-0.0265,-0.3415,0.0,0.0,1.0
-0.0154599,-0.0249764,-0.0773113,0.0455,-0.0264688,-0.347354,0.0,0.0,1.0
-0.015513,-0.0249057,-0.0904363,0.0411094,-0.0293281,-0.348885,0.0,0.0,1.0
-0.01523,-0.0232606,-0.102594,0.0404062,-0.0274062,-0.345833,0.0,0.0,1.0
-0.0151061,-0.0248349,-0.120259,0.03125,-0.0374688,-0.349229,0.0,0.0,1.0
-0.0138856,-0.0244988,-0.127901,0.0367813,-0.0288437,-0.348542,0.0,0.0,1.0
-0.0176887,-0.0194575,-0.143868,0.03125,-0.034375,-0.3375,0.0,0.0,1.0
-0.0194575,-0.020342,-0.153892,0.034375,-0.0359375,-0.338542,0.0,0.0,1.0
-0.0158048,-0.0222435,-0.162671,0.0373594,-0.0293594,-0.336656,0.0,0.0,1.0
-0.017388,-0.0212264,-0.172983,0.036875,-0.03125,-0.332458,0.0,0.0,1.0
-0.00879127,-0.0269399,-0.167712,0.0466563,-0.0158438,-0.329417,0.0,0.0,1.0
0.0,-0.026533,-0.163915,0.046875,0.0,-0.322917,0.0,0.0,1.0
-0.00298054,-0.0287353,-0.158567,0.0473437,-0.005625,-0.320479,0.0,0.0,1.0
-0.0138149,-0.0263031,-0.156038,0.0354063,-0.0320312,-0.328375,0.0,0.0,1.0
-0.0262146,-0.0075,-0.145118,0.0115781,-0.0529531,-0.323406,0.0,0.0,1.0
-0.0176887,-0.0212264,-0.134434,0.03125,-0.0375,-0.333333,0.0,0.0,1.0
-0.000548349,-0.0286026,-0.126156,0.0430312,-0.00115625,-0.345417,0.0,0.0,1.0
0.0,-0.0283019,-0.113208,0.04375,0.0,-0.35,0.0,0.0,1.0
0.0,-0.0283019,-0.0990566,0.04375,0.0,-0.354167,0.0,0.0,1.0
0.0,-0.0318396,-0.0872642,0.04375,0.0,-0.358333,0.0,0.0,1.0
-0.00390035,-0.0316716,-0.0732724,0.0425312,-0.0090625,-0.360854,0.0,0.0,1.0
0.0,-0.0283019,-0.0613208,0.04375,0.0,-0.3625,0.0,0.0,1.0
0.00420106,-0.0283992,-0.0539917,0.0445938,0.00834375,-0.361875,0.0,0.0,1.0
-5.3066e-05,-0.03,-0.0497052,0.043625,-9.375e-05,-0.366562,0.0,0.0,1.0
-0.00129127,-0.0287264,-0.0424882,0.0398125,-0.00290625,-0.359146,0.0,0.0,1.0
-8.67362e-19,-0.0300708,-0.0341981,0.04375,0.0,-0.366667,0.0,0.0,1.0
-8.67362e-19,-0.0336085,-0.0247642,0.04375,0.0,-0.3625,0.0,0.0,1.0
8.67362e-19,-0.0300708,-0.0200472,0.04375,0.0,-0.3625,0.0,0.0,1.0
0.0,-0.0318396,-0.00707547,0.04375,0.0,-0.3625,0.0,0.0,1.0
0.00397111,-0.0321315,-0.00169222,0.0420625,0.00946875,-0.355396,0.0,0.0,1.0
3.46945e-18,-0.0283019,0.00235849,0.04375,0.0,-0.366667,0.0,0.0,1.0
0.00416568,-0.0272494,0.0012441,0.0440938,0.00803125,-0.35975,0.0,0.0,1.0
0.0,-0.0318396,-0.00471698,0.040625,0.0,-0.364583,0.0,0.0,1.0
0.0,-0.0318396,-0.00707547,0.0375,0.0,-0.370833,0.0,0.0,1.0
-0.00137972,-0.0327594,-0.0127358,0.0395156,-0.00357813,-0.375719,0.0,0.0,1.0
-1.73472e-18,-0.0300708,-0.0176887,0.040625,0.0,-0.38125,0.0,0.0,1.0
8.67362e-19,-0.0336085,-0.0224057,0.0375,0.0,-0.379167,0.0,0.0,1.0
-0.00112323,-0.0326798,-0.0260083,0.0421875,-0.00271875,-0.382187,0.0,0.0,1.0
0.00506781,-0.0318838,-0.0278833,0.0418125,0.0120625,-0.384083,0.0,0.0,1.0
0.00353774,-0.0337677,-0.0317335,0.040625,0.0091875,-0.387375,0.0,0.0,1.0
0.0,-0.0353774,-0.0330189,0.0375,2.77556e-17,-0.391667,0.0,0.0,1.0
0.0,-0.0318396,-0.0400943,0.040625,2.77556e-17,-0.39375,0.0,0.0,1.0
0.00660672,-0.0326975,-0.0404068,0.0437813,0.0154063,-0.392208,0.0,0.0,1.0
1.73472e-18,-0.0318396,-0.0448113,0.040625,2.77556e-17,-0.39375,0.0,0.0,1.0
0.00231722,-0.0338031,-0.050566,0.0411406,0.00598437,-0.391281,0.0,0.0,1.0
0.00217571,-0.0336262,-0.0550943,0.0383437,0.0059375,-0.385688,0.0,0.0,1.0
0.0,-0.0336085,-0.0625,0.0375,2.77556e-17,-0.3875,0.0,0.0,1.0
0.0,-0.0336085,-0.067217,0.040625,2.77556e-17,-0.385417,0.0,0.0,1.0
0.0,-0.0328656,-0.0705896,0.0361562,0.0,-0.377979,0.0,0.0,1.0
0.00329009,-0.0351651,-0.0754009,0.0406875,0.008875,-0.365792,0.0,0.0,1.0
0.00466981,-0.0355542,-0.0797406,0.0439687,0.0117813,-0.36175,0.0,0.0,1.0
0.00194575,-0.0371816,-0.0860613,0.041375,0.00546875,-0.357812,0.0,0.0,1.0
0.00845519,-0.0333255,-0.0889623,0.0447656,0.0196406,-0.351594,0.0,0.0,1.0
0.00523585,-0.0361203,-0.0929953,0.0431094,0.0136719,-0.345156,0.0,0.0,1.0
-0.0036704,-0.0342895,-0.0991804,0.0396563,-0.00990625,-0.34725,0.0,0.0,1.0
0.0,-0.0371462,-0.104953,0.040625,0.0,-0.34375,0.0,0.0,1.0
0.0053862,-0.0327329,-0.114216,0.0443906,0.0123906,-0.336823,0.0,0.0,1.0
0.00482901,-0.0333432,-0.125495,0.0426563,0.0117813,-0.341917,0.0,0.0,1.0
0.00569575,-0.0324233,-0.137724,0.0435937,0.0132188,-0.341125,0.0,0.0,1.0
0.0,-0.0336085,-0.145047,0.0375,0.0,-0.345833,0.0,0.0,1.0
0.00593455,-0.032043,-0.14727,0.0419375,0.0141563,-0.342771,0.0,0.0,1.0
0.0,-0.0371462,-0.15684,0.0375,0.0,-0.341667,0.0,0.0,1.0
