0.0246667,-0.0638229,-0.00151042,0.0418426,0.118917,0.537583,0.0,0.0,1.0
0.0196146,-0.0705521,0.0102917,0.0417037,0.104852,0.525556,0.0,0.0,1.0
0.016974,-0.0769323,0.0172344,0.0442222,0.0933333,0.519333,0.0,0.0,1.0
0.0120521,-0.0903854,0.0247708,0.0484815,0.0710185,0.51713,0.0,0.0,1.0
0.0236615,-0.064901,0.0228385,0.0468519,0.103574,0.518537,0.0,0.0,1.0
0.0172865,-0.0729115,0.0235052,0.04425,0.0900093,0.51488,0.0,0.0,1.0
0.0120104,-0.0771563,0.0295208,0.0418426,0.0699722,0.512435,0.0,0.0,1.0
0.0113333,-0.0767187,0.0349896,0.0418704,0.0655926,0.512648,0.0,0.0,1.0
0.00988542,-0.0801563,0.0374792,0.0418241,0.0598981,0.518454,0.0,0.0,1.0
0.00885937,-0.0828177,0.0420156,0.0435648,0.0532315,0.51862,0.0,0.0,1.0
0.009875,-0.0807813,0.0416354,0.0421667,0.0598148,0.518056,0.0,0.0,1.0
0.0214687,-0.0649375,0.0470729,0.0472222,0.0933148,0.528796,0.0,0.0,1.0
0.0657552,-0.0286406,0.0727656,0.0556667,0.106907,0.537167,0.0,0.0,1.0
0.0222708,-0.0793125,0.0793333,0.0692593,0.0805741,0.535463,0.0,0.0,1.0
0.0178021,-0.0804688,0.0870625,0.0657222,0.0688889,0.52887,0.0,0.0,1.0
0.0202448,-0.0686927,0.0831302,0.0447407,0.0982222,0.518037,0.0,0.0,1.0
0.0195104,-0.0813437,0.0951458,0.0522407,0.096037,0.526833,0.0,0.0,1.0
0.00904167,-0.0947187,0.11574,0.0551019,0.0491389,0.521231,0.0,0.0,1.0
0.00825,-0.0989792,0.116792,0.0545926,0.0472407,0.520352,0.0,0.0,1.0
0.0093125,-0.0934271,0.113469,0.0456296,0.0602778,0.511056,0.0,0.0,1.0
0.00810417,-0.0893333,0.114146,0.0422037,0.0542222,0.509907,0.0,0.0,1.0
0.00782292,-0.0870729,0.120021,0.0423056,0.0508796,0.507861,0.0,0.0,1.0
0.00805729,-0.0801302,0.122547,0.0454352,0.0449167,0.512361,0.0,0.0,1.0
0.00854167,-0.0749479,0.126219,0.0406759,0.04975,0.510306,0.0,0.0,1.0
0.00989583,-0.0743958,0.126125,0.0427407,0.0544444,0.512704,0.0,0.0,1.0
0.00984375,-0.0763854,0.129229,0.0431852,0.055037,0.514963,0.0,0.0,1.0
0.0106042,-0.0744792,0.134875,0.0434167,0.0574722,0.519231,0.0,0.0,1.0
0.0124896,-0.0771875,0.14451,0.049537,0.0615185,0.527241,0.0,0.0,1.0
0.0116771,-0.0735,0.150802,0.048037,0.0564815,0.522926,0.0,0.0,1.0
0.0136458,-0.0757292,0.155437,0.0473796,0.0689537,0.522509,0.0,0.0,1.0
0.0101875,-0.0777708,0.158083,0.0429722,0.0582685,0.516435,0.0,0.0,1.0
0.0113281,-0.0742448,0.165849,0.0401019,0.06625,0.513768,0.0,0.0,1.0
0.0114896,-0.0741146,0.166875,0.0416574,0.0646019,0.517065,0.0,0.0,1.0
0.0125417,-0.0673958,0.17275,0.0436389,0.0612315,0.511787,0.0,0.0,1.0
0.0110573,-0.0678281,0.175839,0.0427222,0.055463,0.511148,0.0,0.0,1.0
0.0113594,-0.0685885,0.175776,0.0504722,0.048787,0.511361,0.0,0.0,1.0
0.01125,-0.0652396,0.178365,0.0423704,0.0547222,0.510352,0.0,0.0,1.0
0.0104063,-0.0633333,0.181635,0.0455556,0.0457222,0.510685,0.0,0.0,1.0
0.0129271,-0.0619896,0.182042,0.0430463,0.0588611,0.512139,0.0,0.0,1.0
0.0114583,-0.0603958,0.184479,0.0499815,0.0437593,0.507852,0.0,0.0,1.0
0.012776,-0.0565365,0.187234,0.0487778,0.0467963,0.511167,0.0,0.0,1.0
0.015526,-0.0505365,0.191453,0.0447685,0.0553796,0.512231,0.0,0.0,1.0
0.0149375,-0.0521979,0.191677,0.0520556,0.0473333,0.508574,0.0,0.0,1.0
0.015,-0.0506875,0.195521,0.0466667,0.0514815,0.51037,0.0,0.0,1.0
0.0164479,-0.0473125,0.194885,0.0416667,0.0590556,0.509759,0.0,0.0,1.0
0.0175521,-0.0482604,0.196,0.04875,0.0549167,0.51862,0.0,0.0,1.0
0.0156875,-0.0516875,0.195146,0.0464815,0.0551111,0.514333,0.0,0.0,1.0
0.0211302,-0.0460573,0.194453,0.0379537,0.0810463,0.51588,0.0,0.0,1.0
0.0146667,-0.0506771,0.194365,0.0486296,0.0483148,0.51513,0.0,0.0,1.0
0.0170104,-0.0491562,0.194937,0.0441389,0.0598796,0.514435,0.0,0.0,1.0
0.0190365,-0.0504844,0.195536,0.0488796,0.0621389,0.516694,0.0,0.0,1.0
0.0207135,-0.048599,0.194734,0.0420833,0.0756019,0.514435,0.0,0.0,1.0
0.0296042,-0.0175625,0.201792,0.0178704,0.0919815,0.496519,0.0,0.0,1.0
0.0258542,-0.0305833,0.203292,0.0273519,0.0913889,0.504926,0.0,0.0,1.0
0.02175,-0.0377188,0.202719,0.0346111,0.0749259,0.506944,0.0,0.0,1.0
0.0240104,-0.0342188,0.203896,0.0304907,0.0851204,0.50712,0.0,0.0,1.0
0.0246042,-0.0338854,0.204844,0.030463,0.0865,0.509185,0.0,0.0,1.0
0.0243646,-0.0347813,0.204271,0.0301574,0.0888241,0.511398,0.0,0.0,1.0
0.0251458,-0.0342292,0.205667,0.0310926,0.087463,0.509593,0.0,0.0,1.0
0.0292292,-0.0131667,0.204979,0.0128241,0.0948796,0.495731,0.0,0.0,1.0
0.0219896,-0.031125,0.204802,0.0264815,0.0816667,0.500593,0.0,0.0,1.0
0.024401,-0.0327135,0.206151,0.0327407,0.0770741,0.502444,0.0,0.0,1.0
0.0231406,-0.0300156,0.203995,0.0276852,0.0793333,0.500278,0.0,0.0,1.0
0.0248125,-0.0269896,0.20001,0.0240648,0.0879722,0.495639,0.0,0.0,1.0
0.029026,-0.00506771,0.191714,0.00468519,0.0990185,0.500852,0.0,0.0,1.0
0.028526,0.0141615,0.181724,-0.0144259,0.0885556,0.498241,0.0,0.0,1.0
0.0269792,-0.000458333,0.181646,0.000398148,0.0976204,0.496343,0.0,0.0,1.0
0.0277604,-0.000291667,0.17674,0.000268519,0.0942685,0.494713,0.0,0.0,1.0
0.0249167,-0.00354167,0.177021,0.0030463,0.0918796,0.49512,0.0,0.0,1.0
0.0289635,0.0109844,0.169849,-0.0103704,0.097,0.505778,0.0,0.0,1.0
0.03275,-0.0204792,0.176062,0.0258704,0.0819444,0.507407,0.0,0.0,1.0
0.0253594,-0.0269635,0.160693,0.0866296,0.0249444,0.514574,0.0,0.0,1.0
0.0338021,-0.0273854,0.154292,0.0834722,0.0350463,0.520065,0.0,0.0,1.0
0.0306823,-0.0264115,0.151099,0.0839074,0.0305185,0.522018,0.0,0.0,1.0
0.00461458,-0.0320833,0.149677,0.0885,0.0052963,0.5045,0.0,0.0,1.0
0.0324479,-0.0250104,0.139875,0.0780556,0.0328704,0.519667,0.0,0.0,1.0
-0.000875,-0.0322604,0.14049,0.0789074,-0.00114815,0.498648,0.0,0.0,1.0
-0.000619792,-0.0333073,0.135911,0.0795926,-0.000814815,0.49763,0.0,0.0,1.0
-0.00211458,-0.0323958,0.136052,0.0777685,-0.00278704,0.496898,0.0,0.0,1.0
-0.002125,-0.0323125,0.131417,0.0788518,-0.00275926,0.498093,0.0,0.0,1.0
-0.00444792,-0.0339271,0.132292,0.079037,-0.00603704,0.498148,0.0,0.0,1.0
6.25e-05,-0.0320937,0.124156,0.0806204,8.33333e-05,0.499454,0.0,0.0,1.0
0.0004375,-0.0323646,0.119615,0.07775,0.000564815,0.493472,0.0,0.0,1.0
0.010276,-0.0286198,0.115651,0.0748241,0.0124167,0.500083,0.0,0.0,1.0
0.0260156,-0.0256302,0.124745,0.0333981,0.0630833,0.503472,0.0,0.0,1.0
0.0128854,-0.0316146,0.114125,0.0778241,0.0165463,0.507046,0.0,0.0,1.0
-0.0185,-0.0295521,0.11699,0.0848889,-0.0203519,0.49987,0.0,0.0,1.0
-0.0286042,-0.0280729,0.116094,0.0755648,-0.0335833,0.501491,0.0,0.0,1.0
-0.0230729,-0.0274062,0.114125,0.0896852,-0.0222778,0.497074,0.0,0.0,1.0
-0.0264583,-0.0283229,0.113948,0.0906667,-0.0261296,0.4985,0.0,0.0,1.0
-0.0254792,-0.0284167,0.111979,0.0877685,-0.0260833,0.498287,0.0,0.0,1.0
-0.0329375,-0.0271667,0.110208,0.0826667,-0.0342037,0.4955,0.0,0.0,1.0
-0.0341146,-0.0267396,0.10875,0.0839815,-0.0343333,0.496833,0.0,0.0,1.0
-0.0324115,-0.0280365,0.110339,0.0847407,-0.0339074,0.496278,0.0,0.0,1.0
-0.033349,-0.0273698,0.110005,0.0836944,-0.0344722,0.496787,0.0,0.0,1.0
-0.0327708,-0.0248542,0.109917,0.0782037,-0.0329259,0.499315,0.0,0.0,1.0
-0.0273125,-0.0256146,0.11101,0.0933704,-0.0236667,0.499593,0.0,0.0,1.0
-0.0256302,-0.0258698,0.112078,0.0947963,-0.0221111,0.50187,0.0,0.0,1.0
-0.0226615,-0.0262656,0.114703,0.098037,-0.0191852,0.498111,0.0,0.0,1.0
-0.0265781,-0.027099,0.116276,0.0903148,-0.0252037,0.499296,0.0,0.0,1.0
-0.027125,-0.0267083,0.116563,0.0903796,-0.0253241,0.499417,0.0,0.0,1.0
-0.0230833,-0.0265521,0.120281,0.0929815,-0.0208519,0.496352,0.0,0.0,1.0
-0.0259115,-0.0265052,0.121089,0.0976852,-0.0222222,0.496611,0.0,0.0,1.0
-0.02625,-0.0257083,0.12125,0.0941111,-0.0226481,0.497315,0.0,0.0,1.0
-0.0283958,-0.0255938,0.122302,0.0976944,-0.0235093,0.497176,0.0,0.0,1.0
-0.0313854,-0.0254896,0.122271,0.0921852,-0.0274259,0.495722,0.0,0.0,1.0
-0.0333542,-0.0245521,0.120052,0.0940093,-0.0275278,0.500639,0.0,0.0,1.0
-0.0357396,-0.0251563,0.121292,0.0925926,-0.0307037,0.498037,0.0,0.0,1.0
-0.0453698,-0.0258177,0.116484,0.0927407,-0.0399074,0.502685,0.0,0.0,1.0
-0.0506979,-0.0250417,0.115719,0.0839167,-0.0478241,0.496472,0.0,0.0,1.0
-0.0494323,-0.0263073,0.115099,0.0832593,-0.0493704,0.495519,0.0,0.0,1.0
-0.0509062,-0.0269687,0.114375,0.0867222,-0.050037,0.499278,0.0,0.0,1.0
-0.035849,-0.0235365,0.118849,0.111981,-0.0238148,0.505389,0.0,0.0,1.0
-0.0424167,-0.0234687,0.114969,0.121407,-0.0259259,0.520259,0.0,0.0,1.0
-0.0403438,-0.0244375,0.116406,0.126667,-0.0245926,0.519741,0.0,0.0,1.0
-0.0381406,-0.0259635,0.119703,0.123556,-0.0253333,0.52037,0.0,0.0,1.0
-0.0339948,-0.0277656,0.123432,0.124611,-0.0239444,0.519667,0.0,0.0,1.0
-0.0347969,-0.028224,0.128286,0.117648,-0.0263704,0.520685,0.0,0.0,1.0
-0.0387865,-0.028151,0.130964,0.117296,-0.0294259,0.518463,0.0,0.0,1.0
-0.0418906,-0.0274635,0.138349,0.119574,-0.0304259,0.516741,0.0,0.0,1.0
-0.0491615,-0.0236615,0.142016,0.112074,-0.0327963,0.517759,0.0,0.0,1.0
-0.0586562,-0.0221667,0.148615,0.103037,-0.0398889,0.519778,0.0,0.0,1.0
-0.0520312,-0.0230208,0.15326,0.105463,-0.0358889,0.514537,0.0,0.0,1.0
-0.0559063,-0.0215417,0.15199,0.110019,-0.0346111,0.516667,0.0,0.0,1.0
-0.050875,-0.0223021,0.153969,0.108528,-0.0330278,0.512546,0.0,0.0,1.0
-0.0541042,-0.0223646,0.15499,0.105222,-0.0363519,0.513093,0.0,0.0,1.0
-0.0566823,-0.0208281,0.155766,0.101833,-0.0366481,0.511333,0.0,0.0,1.0
-0.0485937,-0.0237188,0.155458,0.110787,-0.0328796,0.511657,0.0,0.0,1.0
-0.0506771,-0.0245729,0.154021,0.11275,-0.0349167,0.515954,0.0,0.0,1.0
-0.0424271,-0.024875,0.147448,0.110019,-0.0303148,0.519778,0.0,0.0,1.0
-0.0423177,-0.026974,0.144589,0.110861,-0.0325463,0.53025,0.0,0.0,1.0
-0.0276094,-0.0281406,0.14188,0.107407,-0.0228704,0.523352,0.0,0.0,1.0
-0.0304115,-0.0280677,0.140557,0.106065,-0.0254352,0.52375,0.0,0.0,1.0
-0.0298698,-0.0291615,0.140672,0.0922037,-0.0298519,0.520611,0.0,0.0,1.0
-0.0245833,-0.0266667,0.138417,0.0818889,-0.0252963,0.510889,0.0,0.0,1.0
-0.0273542,-0.0272187,0.137615,0.086037,-0.0273519,0.514278,0.0,0.0,1.0
-0.0145156,-0.0277865,0.13462,0.0871481,-0.0146296,0.503037,0.0,0.0,1.0
-0.022651,-0.0253594,0.134776,0.0828241,-0.0219167,0.505806,0.0,0.0,1.0
-0.0137552,-0.0267969,0.129422,0.0938889,-0.0124074,0.504889,0.0,0.0,1.0
-0.0204792,-0.0267812,0.129969,0.0921759,-0.0188056,0.509472,0.0,0.0,1.0
-0.0195312,-0.0267188,0.125563,0.103426,-0.0159444,0.520407,0.0,0.0,1.0
-0.00364583,-0.0279687,0.122156,0.107093,-0.003,0.515759,0.0,0.0,1.0
0.0004375,-0.0285833,0.121417,0.107389,0.00037037,0.517944,0.0,0.0,1.0
0.00404167,-0.0281458,0.119917,0.111296,0.00322222,0.52,0.0,0.0,1.0
8.33333e-05,-0.0285729,0.119927,0.107944,7.40741e-05,0.514204,0.0,0.0,1.0
-0.00327083,-0.0274062,0.118885,0.108167,-0.00261111,0.515222,0.0,0.0,1.0
-0.00811458,-0.0273854,0.119271,0.110037,-0.00637037,0.521222,0.0,0.0,1.0
0.00240104,-0.0277344,0.116151,0.112102,0.00187963,0.520546,0.0,0.0,1.0
-1.04167e-05,-0.0289167,0.114844,0.110574,0.0,0.516648,0.0,0.0,1.0
-0.00302604,-0.0300156,0.116599,0.110231,-0.00260185,0.517435,0.0,0.0,1.0
-0.000604167,-0.0311042,0.112938,0.10687,-0.000555556,0.518093,0.0,0.0,1.0
-0.0258385,-0.027151,0.115099,0.0937778,-0.0236481,0.523278,0.0,0.0,1.0
-0.0298958,-0.0268438,0.113802,0.0901296,-0.0281296,0.521704,0.0,0.0,1.0
-0.0314375,-0.0269792,0.115667,0.0971482,-0.0275926,0.521444,0.0,0.0,1.0
-0.0310833,-0.0281563,0.116615,0.100463,-0.027537,0.524778,0.0,0.0,1.0
-0.0440208,-0.0236458,0.11625,0.0899722,-0.0365648,0.52588,0.0,0.0,1.0
-0.052651,-0.0205365,0.11937,0.0800741,-0.0426852,0.521759,0.0,0.0,1.0
-0.0479583,-0.0234479,0.119656,0.0895185,-0.0397037,0.519889,0.0,0.0,1.0
-0.0519375,-0.0212292,0.121417,0.096,-0.0362963,0.525444,0.0,0.0,1.0
-0.0537448,-0.025724,0.120786,0.0933241,-0.0468241,0.522861,0.0,0.0,1.0
-0.0466875,-0.023875,0.123396,0.10375,-0.0339537,0.526102,0.0,0.0,1.0
-0.0563229,-0.0217396,0.130313,0.0883519,-0.0438148,0.520944,0.0,0.0,1.0
-0.0549792,-0.0210938,0.125469,0.100935,-0.0363241,0.525787,0.0,0.0,1.0
-0.0592969,-0.021276,0.130318,0.101769,-0.0391759,0.525694,0.0,0.0,1.0
-0.0613333,-0.0211458,0.130271,0.102611,-0.0399444,0.525889,0.0,0.0,1.0
-0.0660365,-0.0191927,0.136547,0.0999352,-0.0400833,0.525657,0.0,0.0,1.0
-0.0676823,-0.018474,0.139474,0.0957407,-0.0412778,0.531278,0.0,0.0,1.0
-0.0658802,-0.0184948,0.140297,0.10325,-0.037287,0.532843,0.0,0.0,1.0
-0.0707708,-0.0180729,0.146573,0.0985093,-0.0410463,0.529083,0.0,0.0,1.0
-0.0665573,-0.017651,0.147807,0.096537,-0.0384444,0.53513,0.0,0.0,1.0
-0.0689219,-0.0172865,0.153234,0.0969074,-0.0388519,0.537056,0.0,0.0,1.0
-0.0733802,-0.0173906,0.157547,0.0916852,-0.0439815,0.53837,0.0,0.0,1.0
-0.0732813,-0.0160521,0.159479,0.0901667,-0.0412222,0.536241,0.0,0.0,1.0
-0.0673802,-0.0174219,0.170984,0.0961111,-0.0386111,0.534204,0.0,0.0,1.0
-0.0728021,-0.0199687,0.172625,0.0961481,-0.0477963,0.538056,0.0,0.0,1.0
-0.07225,-0.0161354,0.179927,0.0967222,-0.0380926,0.540815,0.0,0.0,1.0
-0.0717448,-0.0177448,0.185755,0.098463,-0.0408704,0.537,0.0,0.0,1.0
-0.0647917,-0.0187708,0.188146,0.0967407,-0.0397222,0.534241,0.0,0.0,1.0
-0.0728646,-0.0155521,0.187375,0.0886574,-0.0403981,0.531676,0.0,0.0,1.0
-0.0691042,-0.0169375,0.189354,0.093287,-0.0396574,0.529917,0.0,0.0,1.0
-0.0719271,-0.015625,0.184698,0.0925556,-0.0383889,0.5335,0.0,0.0,1.0
-0.0763385,-0.0157552,0.185109,0.0933241,-0.0407315,0.534231,0.0,0.0,1.0
-0.0705208,-0.0164896,0.186323,0.0881204,-0.041713,0.531361,0.0,0.0,1.0
-0.0649531,-0.0170885,0.189661,0.0901111,-0.0389259,0.527037,0.0,0.0,1.0
-0.0674635,-0.0175677,0.186411,0.091463,-0.040963,0.530426,0.0,0.0,1.0
-0.0715625,-0.0154375,0.186708,0.088713,-0.0393611,0.528194,0.0,0.0,1.0
-0.0681823,-0.0165781,0.190505,0.0992407,-0.036,0.530833,0.0,0.0,1.0
-0.0667865,-0.0169531,0.194734,0.0991852,-0.0360741,0.528778,0.0,0.0,1.0
-0.0769896,-0.0152708,0.199427,0.0957407,-0.0387963,0.524389,0.0,0.0,1.0
-0.0761458,-0.0151563,0.200448,0.0969907,-0.0376019,0.521954,0.0,0.0,1.0
-0.078849,-0.013599,0.204922,0.0888333,-0.0381481,0.520685,0.0,0.0,1.0
-0.0785885,-0.013974,0.212943,0.0947963,-0.0366111,0.52,0.0,0.0,1.0
-0.0796458,-0.0150208,0.221062,0.0945741,-0.039963,0.519056,0.0,0.0,1.0
-0.0834427,-0.013776,0.23012,0.086537,-0.0419815,0.514037,0.0,0.0,1.0
-0.0755521,-0.0148958,0.230969,0.0918241,-0.0387315,0.511769,0.0,0.0,1.0
-0.0813542,-0.0121771,0.237656,0.075287,-0.0415833,0.50838,0.0,0.0,1.0
-0.0864583,-0.0109063,0.242531,0.0721482,-0.0412963,0.504519,0.0,0.0,1.0
-0.0842292,-0.0112708,0.245417,0.070963,-0.0423148,0.502352,0.0,0.0,1.0
-0.0823385,-0.0115885,0.245328,0.0710185,-0.0424815,0.505019,0.0,0.0,1.0
-0.0791771,-0.0125208,0.246885,0.0743148,-0.0421667,0.504778,0.0,0.0,1.0
-0.0807083,-0.0118438,0.247927,0.0725278,-0.0416574,0.50362,0.0,0.0,1.0
-0.0817865,-0.0120573,0.250859,0.0690556,-0.0451481,0.506241,0.0,0.0,1.0
-0.0764427,-0.0118698,0.249453,0.0697315,-0.0411204,0.503083,0.0,0.0,1.0
-0.0761042,-0.013,0.249667,0.0749815,-0.0417222,0.506704,0.0,0.0,1.0
-0.0793958,-0.0117917,0.251167,0.0685,-0.0432037,0.504556,0.0,0.0,1.0
-0.0772344,-0.0123177,0.253943,0.0685,-0.0438889,0.504648,0.0,0.0,1.0
-0.0735104,-0.0117188,0.249167,0.0656389,-0.0414722,0.508306,0.0,0.0,1.0
-0.0735417,-0.0123125,0.253729,0.0721944,-0.0396204,0.502935,0.0,0.0,1.0
-0.0685625,-0.0137708,0.259167,0.0796759,-0.0374537,0.503213,0.0,0.0,1.0
-0.0661563,-0.0157708,0.258385,0.0900185,-0.0366296,0.507093,0.0,0.0,1.0
-0.0672708,-0.0174271,0.26226,0.0909815,-0.0407407,0.506019,0.0,0.0,1.0
-0.0671406,-0.0170365,0.260547,0.0921018,-0.03925,0.506546,0.0,0.0,1.0
-0.0684896,-0.0172604,0.262021,0.0958889,-0.038963,0.507778,0.0,0.0,1.0
-0.0666667,-0.0167604,0.265135,0.0942037,-0.0374815,0.503833,0.0,0.0,1.0
-0.0650677,-0.0187344,0.265651,0.100611,-0.0382963,0.503648,0.0,0.0,1.0
-0.0644271,-0.01775,0.26599,0.0934722,-0.0386574,0.504768,0.0,0.0,1.0
-0.0619323,-0.0213906,0.267911,0.108111,-0.0387407,0.506296,0.0,0.0,1.0
-0.0645208,-0.0204687,0.269865,0.1095,-0.0381296,0.501852,0.0,0.0,1.0
-0.0646615,-0.0180052,0.266932,0.0952963,-0.0385926,0.505,0.0,0.0,1.0
-0.0618229,-0.0200104,0.268479,0.0960463,-0.040713,0.506565,0.0,0.0,1.0
-0.0631875,-0.0188542,0.272,0.0978333,-0.0384815,0.499204,0.0,0.0,1.0
-0.0637031,-0.0188594,0.272391,0.0984815,-0.0385556,0.499259,0.0,0.0,1.0
-0.0579167,-0.0201354,0.271115,0.0943889,-0.0390556,0.502556,0.0,0.0,1.0
-0.0620052,-0.0180052,0.270026,0.0908889,-0.0388148,0.503148,0.0,0.0,1.0
-0.061099,-0.018474,0.271036,0.0938056,-0.0380278,0.50162,0.0,0.0,1.0
-0.0603906,-0.018224,0.268891,0.0898056,-0.0387315,0.505065,0.0,0.0,1.0
-0.0587604,-0.0213021,0.272938,0.103991,-0.0380463,0.501824,0.0,0.0,1.0
-0.0613125,-0.0196354,0.273115,0.0988704,-0.0384815,0.500759,0.0,0.0,1.0
-0.0637604,-0.0189896,0.273604,0.0983704,-0.0389074,0.501463,0.0,0.0,1.0
-0.0612292,-0.0198646,0.27301,0.101204,-0.0379815,0.502593,0.0,0.0,1.0
-0.0623333,-0.0193021,0.272573,0.100463,-0.0378519,0.503685,0.0,0.0,1.0
-0.0640885,-0.0181406,0.272901,0.0955741,-0.0384444,0.504056,0.0,0.0,1.0
-0.0630208,-0.0184167,0.274583,0.0953056,-0.0384907,0.502398,0.0,0.0,1.0
-0.0566042,-0.0225104,0.274469,0.108,-0.0372963,0.502407,0.0,0.0,1.0
-0.0532292,-0.0201354,0.275323,0.0906944,-0.0373611,0.499843,0.0,0.0,1.0
-0.0560573,-0.0201094,0.275693,0.0973056,-0.0366204,0.500917,0.0,0.0,1.0
-0.05475,-0.0233229,0.274469,0.10712,-0.0376759,0.502602,0.0,0.0,1.0
-0.056724,-0.0232031,0.274974,0.108213,-0.0384352,0.500546,0.0,0.0,1.0
-0.0572031,-0.022901,0.274797,0.10875,-0.0380648,0.498824,0.0,0.0,1.0
-0.0567083,-0.0229375,0.274479,0.107796,-0.0381296,0.499815,0.0,0.0,1.0
-0.0563281,-0.0235365,0.273557,0.108843,-0.0384907,0.50512,0.0,0.0,1.0
-0.0565521,-0.0235625,0.276198,0.11012,-0.03825,0.500491,0.0,0.0,1.0
-0.0612604,-0.0192812,0.274896,0.0987222,-0.0378148,0.50287,0.0,0.0,1.0
-0.0559375,-0.0231771,0.272885,0.106083,-0.0386389,0.50412,0.0,0.0,1.0
-0.0548958,-0.0234687,0.274052,0.106065,-0.0383796,0.503935,0.0,0.0,1.0
-0.0559531,-0.0227865,0.273609,0.105824,-0.0380833,0.505157,0.0,0.0,1.0
-0.0554583,-0.0231042,0.274292,0.104907,-0.0386111,0.505,0.0,0.0,1.0
-0.0590313,-0.0188229,0.274292,0.0972685,-0.0361019,0.502806,0.0,0.0,1.0
-0.0607865,-0.0180677,0.272464,0.0955741,-0.0363148,0.504778,0.0,0.0,1.0
-0.0607865,-0.018349,0.272568,0.0956389,-0.0368611,0.505824,0.0,0.0,1.0
-0.0564115,-0.0199635,0.27462,0.0983241,-0.0361944,0.499843,0.0,0.0,1.0
-0.0579792,-0.0232396,0.275865,0.111852,-0.0380741,0.499519,0.0,0.0,1.0
-0.0567604,-0.0195312,0.275042,0.0996759,-0.0351574,0.500787,0.0,0.0,1.0
-0.0604167,-0.0197187,0.275052,0.104324,-0.0360833,0.502713,0.0,0.0,1.0
-0.058625,-0.021875,0.276521,0.108852,-0.0372407,0.503426,0.0,0.0,1.0
-0.0594323,-0.0206719,0.275714,0.108574,-0.0357778,0.500796,0.0,0.0,1.0
-0.0589687,-0.01975,0.274781,0.106324,-0.0346204,0.501769,0.0,0.0,1.0
-0.0643281,-0.0184219,0.272786,0.0958148,-0.0390926,0.505537,0.0,0.0,1.0
-0.0575833,-0.0206146,0.275531,0.107009,-0.0350648,0.500509,0.0,0.0,1.0
-0.0587344,-0.0229219,0.277589,0.106787,-0.0398426,0.504009,0.0,0.0,1.0
-0.059125,-0.0229271,0.277177,0.107944,-0.0396667,0.504981,0.0,0.0,1.0
-0.0599063,-0.0200417,0.273823,0.107981,-0.0351296,0.501667,0.0,0.0,1.0
-0.0587656,-0.023974,0.27862,0.106741,-0.0417222,0.505833,0.0,0.0,1.0
-0.0613229,-0.0239688,0.276062,0.111389,-0.0417222,0.510481,0.0,0.0,1.0
-0.0648385,-0.018474,0.270891,0.099037,-0.0382222,0.507704,0.0,0.0,1.0
-0.0577083,-0.0204271,0.27326,0.103093,-0.0361481,0.501833,0.0,0.0,1.0
-0.0603177,-0.019026,0.275359,0.0973611,-0.0372685,0.500491,0.0,0.0,1.0
-0.0635052,-0.0170573,0.271995,0.0893981,-0.038287,0.505213,0.0,0.0,1.0
-0.059276,-0.0229219,0.277057,0.107667,-0.0398889,0.504926,0.0,0.0,1.0
-0.0599479,-0.0204792,0.274427,0.104667,-0.0370741,0.50163,0.0,0.0,1.0
-0.059776,-0.0193698,0.274057,0.0987407,-0.0370556,0.501056,0.0,0.0,1.0
-0.0554792,-0.0197187,0.274823,0.0963148,-0.0359074,0.499815,0.0,0.0,1.0
-0.060151,-0.0197448,0.273766,0.10212,-0.03675,0.501713,0.0,0.0,1.0
-0.0591979,-0.0200729,0.276771,0.102731,-0.0365648,0.498935,0.0,0.0,1.0
-0.0599271,-0.0190313,0.276396,0.097713,-0.0368981,0.499009,0.0,0.0,1.0
-0.0585677,-0.0202969,0.275068,0.105287,-0.0356944,0.499139,0.0,0.0,1.0
-0.0603229,-0.0196875,0.276302,0.106361,-0.035287,0.497657,0.0,0.0,1.0
-0.0610469,-0.0196615,0.274766,0.103333,-0.0367037,0.500074,0.0,0.0,1.0
-0.0597708,-0.0199479,0.27726,0.100472,-0.0374907,0.499194,0.0,0.0,1.0
-0.0591979,-0.0205313,0.278458,0.10637,-0.0361111,0.493222,0.0,0.0,1.0
-0.0644896,-0.0176875,0.276177,0.0999074,-0.0360926,0.496037,0.0,0.0,1.0
-0.062276,-0.0199844,0.275849,0.105611,-0.0372407,0.5,0.0,0.0,1.0
-0.0648958,-0.0176771,0.274198,0.0990463,-0.0366019,0.499806,0.0,0.0,1.0
-0.0645313,-0.0180104,0.277229,0.0979074,-0.0375185,0.495611,0.0,0.0,1.0
-0.0788021,-0.0129583,0.273052,0.070213,-0.0459352,0.491583,0.0,0.0,1.0
-0.0584583,-0.0189063,0.279344,0.094287,-0.0370648,0.494176,0.0,0.0,1.0
-0.0629063,-0.018625,0.276927,0.0995926,-0.0371852,0.498037,0.0,0.0,1.0
-0.0620729,-0.0186354,0.27775,0.096463,-0.0378889,0.496463,0.0,0.0,1.0
-0.0655,-0.0178958,0.275583,0.0975185,-0.0379815,0.498685,0.0,0.0,1.0
-0.0609583,-0.0193229,0.278219,0.100185,-0.0371481,0.495704,0.0,0.0,1.0
-0.0658542,-0.0179792,0.275604,0.0976296,-0.0383333,0.499296,0.0,0.0,1.0
-0.0651146,-0.0192917,0.274698,0.0980833,-0.0404907,0.498454,0.0,0.0,1.0
-0.0621562,-0.0195,0.275344,0.105333,-0.0363704,0.500815,0.0,0.0,1.0
-0.066625,-0.0169167,0.274687,0.0969444,-0.0367407,0.498389,0.0,0.0,1.0
-0.0620313,-0.02,0.276156,0.105444,-0.0371852,0.499111,0.0,0.0,1.0
-0.0626354,-0.0220833,0.27951,0.107361,-0.040713,0.501528,0.0,0.0,1.0
-0.0633646,-0.0204896,0.273875,0.106009,-0.0386944,0.499046,0.0,0.0,1.0
-0.0647604,-0.0183438,0.274271,0.099037,-0.0379074,0.497648,0.0,0.0,1.0
-0.0630208,-0.021875,0.274938,0.106704,-0.0408333,0.501093,0.0,0.0,1.0
-0.0674271,-0.0175625,0.273677,0.098037,-0.0381852,0.493519,0.0,0.0,1.0
-0.0618646,-0.0191458,0.27201,0.0998426,-0.0374907,0.495213,0.0,0.0,1.0
-0.0665781,-0.0177969,0.272797,0.0928519,-0.0403333,0.493481,0.0,0.0,1.0
-0.0635104,-0.0197083,0.272115,0.105222,-0.0375926,0.496074,0.0,0.0,1.0
-0.0624687,-0.0204167,0.272802,0.107593,-0.037463,0.496796,0.0,0.0,1.0
-0.0610417,-0.0214583,0.274104,0.106343,-0.0389167,0.498898,0.0,0.0,1.0
-0.0562812,-0.0216354,0.274625,0.103815,-0.0370556,0.494278,0.0,0.0,1.0
-0.0601562,-0.0214167,0.274615,0.109833,-0.0370741,0.496796,0.0,0.0,1.0
-0.0582396,-0.020875,0.273885,0.10613,-0.0362037,0.495667,0.0,0.0,1.0
-0.0618281,-0.0183177,0.271391,0.0966944,-0.0370278,0.499954,0.0,0.0,1.0
-0.0615729,-0.0197813,0.273458,0.104037,-0.037,0.496926,0.0,0.0,1.0
-0.0598542,-0.0219167,0.273396,0.1085,-0.0382037,0.496667,0.0,0.0,1.0
-0.0604167,-0.0213542,0.272396,0.107407,-0.037963,0.49537,0.0,0.0,1.0
-0.0576875,-0.0226979,0.273427,0.112324,-0.0368426,0.495028,0.0,0.0,1.0
-0.0579219,-0.0218594,0.273078,0.111963,-0.0357407,0.495296,0.0,0.0,1.0
-0.0576875,-0.0226979,0.273427,0.112324,-0.0368426,0.495028,0.0,0.0,1.0
-0.0580729,-0.0220208,0.273781,0.111676,-0.0361944,0.495917,0.0,0.0,1.0
-0.0581042,-0.0220938,0.27376,0.10975,-0.0369722,0.498157,0.0,0.0,1.0
-0.0605313,-0.0205313,0.274479,0.107167,-0.0366481,0.494481,0.0,0.0,1.0
-0.0600208,-0.0212396,0.273052,0.109556,-0.0367963,0.496426,0.0,0.0,1.0
-0.0583229,-0.0202396,0.272583,0.103019,-0.0362222,0.498759,0.0,0.0,1.0
-0.0564375,-0.0216146,0.273531,0.0991389,-0.0388981,0.495676,0.0,0.0,1.0
-0.06175,-0.0216979,0.269802,0.108796,-0.0389259,0.498352,0.0,0.0,1.0
-0.0629896,-0.0190313,0.268479,0.101852,-0.0372037,0.498574,0.0,0.0,1.0
-0.0597396,-0.0217396,0.26825,0.109481,-0.0374815,0.496148,0.0,0.0,1.0
-0.0608281,-0.0214219,0.269734,0.110389,-0.0373148,0.493852,0.0,0.0,1.0
-0.0597031,-0.0219323,0.268224,0.108731,-0.0380648,0.494769,0.0,0.0,1.0
-0.0593229,-0.0199375,0.263094,0.102111,-0.0365926,0.497481,0.0,0.0,1.0
-0.0599844,-0.021401,0.262766,0.108556,-0.0373704,0.498889,0.0,0.0,1.0
-0.0580885,-0.021151,0.257932,0.103981,-0.0373519,0.502037,0.0,0.0,1.0
-0.0598333,-0.020125,0.257125,0.102722,-0.037037,0.503426,0.0,0.0,1.0
-0.0632708,-0.0176875,0.249854,0.101046,-0.0349907,0.508065,0.0,0.0,1.0
-0.0597865,-0.0192344,0.251245,0.0991481,-0.0366667,0.505815,0.0,0.0,1.0
-0.0573542,-0.0195312,0.250948,0.0992963,-0.0356667,0.505704,0.0,0.0,1.0
-0.0578958,-0.0212292,0.252271,0.107167,-0.0362407,0.502778,0.0,0.0,1.0
-0.0593125,-0.0197813,0.251281,0.104074,-0.0356296,0.501519,0.0,0.0,1.0
-0.0578021,-0.0211458,0.250615,0.109352,-0.0353333,0.501426,0.0,0.0,1.0
-0.0542344,-0.0215469,0.250589,0.105648,-0.0349444,0.494704,0.0,0.0,1.0
-0.0564375,-0.019375,0.246833,0.102593,-0.0336852,0.501537,0.0,0.0,1.0
-0.0576563,-0.0217396,0.247562,0.109861,-0.0360648,0.498565,0.0,0.0,1.0
-0.0544635,-0.0218177,0.245516,0.113926,-0.032963,0.497926,0.0,0.0,1.0
-0.0531562,-0.0228021,0.244229,0.116213,-0.0329722,0.496472,0.0,0.0,1.0
-0.0504167,-0.0236354,0.244031,0.12113,-0.0310926,0.495296,0.0,0.0,1.0
-0.0524531,-0.0227969,0.243734,0.109944,-0.0343704,0.497944,0.0,0.0,1.0
-0.0486042,-0.0246562,0.243365,0.116463,-0.0325185,0.494056,0.0,0.0,1.0
-0.0457813,-0.0263333,0.244448,0.120981,-0.0314815,0.491056,0.0,0.0,1.0
-0.0481771,-0.0241771,0.243583,0.119028,-0.0309352,0.491731,0.0,0.0,1.0
-0.0468594,-0.025349,0.243922,0.120157,-0.03125,0.489676,0.0,0.0,1.0
-0.0509115,-0.0263073,0.243922,0.12475,-0.0339352,0.492083,0.0,0.0,1.0
-0.0507083,-0.024875,0.243125,0.123463,-0.0322778,0.492407,0.0,0.0,1.0
-0.0539792,-0.0255521,0.250031,0.120426,-0.0362037,0.503482,0.0,0.0,1.0
-0.0552292,-0.0259687,0.257094,0.122537,-0.0369815,0.520778,0.0,0.0,1.0
-0.054625,-0.0289792,0.271,0.131231,-0.0381204,0.551602,0.0,0.0,1.0
-0.0574479,-0.0319375,0.284052,0.137111,-0.0422963,0.579259,0.0,0.0,1.0
-0.0576823,-0.0220156,0.292047,0.131241,-0.0305741,0.586037,0.0,0.0,1.0
-0.0570052,-0.0244635,0.304151,0.141741,-0.0311111,0.615333,0.0,0.0,1.0
-0.0668958,-0.0263021,0.300865,0.122815,-0.0452778,0.649278,0.0,0.0,1.0
-0.0652031,-0.0344219,0.322786,0.151685,-0.0467593,0.671222,0.0,0.0,1.0
-0.0679271,-0.0391146,0.338729,0.168546,-0.0498241,0.716491,0.0,0.0,1.0
-0.0660729,-0.0291563,0.349875,0.159194,-0.03825,0.732694,0.0,0.0,1.0
-0.0709063,-0.0316563,0.370729,0.168796,-0.0420185,0.779407,0.0,0.0,1.0
-0.0768854,-0.0408958,0.375281,0.184194,-0.0539537,0.805657,0.0,0.0,1.0
-0.0787865,-0.0434635,0.402047,0.18413,-0.0587778,0.849722,0.0,0.0,1.0
-0.070276,-0.0470885,0.434328,0.167,-0.0626296,0.867111,0.0,0.0,1.0
-0.0668594,-0.0348281,0.446766,0.154593,-0.0476111,0.890611,0.0,0.0,1.0
-0.0680052,-0.0408385,0.46013,0.151722,-0.0578519,0.896722,0.0,0.0,1.0
-0.0686302,-0.0414323,0.461432,0.149806,-0.0599907,0.901602,0.0,0.0,1.0
-0.0699375,-0.0398021,0.45799,0.151407,-0.0581111,0.899481,0.0,0.0,1.0
-0.0698646,-0.0415,0.45724,0.157056,-0.0583333,0.898796,0.0,0.0,1.0
-0.0710052,-0.0426823,0.455693,0.159583,-0.0600278,0.902713,0.0,0.0,1.0
-0.06975,-0.0424792,0.455729,0.161074,-0.0581481,0.895074,0.0,0.0,1.0
-0.0777604,-0.0387708,0.44849,0.163556,-0.0582593,0.909259,0.0,0.0,1.0
-0.0738333,-0.0395937,0.451615,0.155676,-0.0593611,0.898361,0.0,0.0,1.0
-0.0745521,-0.0403229,0.446417,0.156944,-0.060537,0.908518,0.0,0.0,1.0
-0.0716458,-0.0426146,0.451823,0.157528,-0.06125,0.898157,0.0,0.0,1.0
-0.0828542,-0.0411875,0.43875,0.174324,-0.0618611,0.922417,0.0,0.0,1.0
-0.0721927,-0.042474,0.449016,0.158333,-0.0612037,0.897907,0.0,0.0,1.0
-0.0729427,-0.041474,0.44862,0.156694,-0.0610093,0.895102,0.0,0.0,1.0
-0.0733021,-0.0410729,0.44675,0.153991,-0.061787,0.900398,0.0,0.0,1.0
-0.074,-0.0400833,0.444979,0.155907,-0.0601296,0.896074,0.0,0.0,1.0
-0.0743021,-0.0372396,0.443042,0.152787,-0.0572315,0.893157,0.0,0.0,1.0
-0.0743646,-0.0389687,0.443917,0.155176,-0.0590278,0.894935,0.0,0.0,1.0
-0.0778958,-0.0367708,0.439625,0.15313,-0.0591296,0.899333,0.0,0.0,1.0
-0.0795052,-0.0365365,0.438328,0.153093,-0.0599815,0.898667,0.0,0.0,1.0
-0.0791094,-0.0375469,0.438589,0.153704,-0.0610741,0.899926,0.0,0.0,1.0
-0.0789479,-0.0379063,0.439104,0.155639,-0.0607685,0.897083,0.0,0.0,1.0
-0.0740156,-0.0346198,0.443005,0.140056,-0.0578148,0.882574,0.0,0.0,1.0
-0.0641406,-0.0374948,0.451047,0.124102,-0.06125,0.87125,0.0,0.0,1.0
-0.0536771,-0.0356354,0.461542,0.11275,-0.0536204,0.850954,0.0,0.0,1.0
0.0,-0.0963542,0.441146,0.186111,-5.55112e-17,0.869444,0.0,0.0,1.0
0.0,-0.0875,0.416813,0.169926,-1.11022e-16,0.851852,0.0,0.0,1.0
0.0,-0.0932292,0.411979,0.161111,-5.55112e-17,0.844444,0.0,0.0,1.0
0.00125,-0.10001,0.419531,0.19263,0.00187037,0.864352,0.0,0.0,1.0
0.00248958,-0.106781,0.427083,0.22413,0.00375926,0.884259,0.0,0.0,1.0
-0.000416667,-0.0998125,0.422917,0.196574,-0.00101852,0.85463,0.0,0.0,1.0
0.0,-0.0928958,0.41875,0.169111,-5.55112e-17,0.825,0.0,0.0,1.0
-0.000625,-0.0872708,0.420312,0.185204,-0.000944444,0.825926,0.0,0.0,1.0
-0.000114583,-0.102823,0.419271,0.181667,-3.7037e-05,0.827778,0.0,0.0,1.0
0.000416667,-0.118375,0.418229,0.17813,0.00087037,0.82963,0.0,0.0,1.0
-5.55112e-17,-0.117708,0.417708,0.189815,0.0,0.828704,0.0,0.0,1.0
0.0,-0.113542,0.408333,0.174074,-1.11022e-16,0.833333,0.0,0.0,1.0
0.0,-0.122135,0.401302,0.176389,0.0,0.826389,0.0,0.0,1.0
0.0,-0.130729,0.394271,0.178704,-5.55112e-17,0.819444,0.0,0.0,1.0
0.0,-0.129688,0.400521,0.20463,-5.55112e-17,0.849074,0.0,0.0,1.0
-0.00125,-0.123604,0.403646,0.203444,-0.0022963,0.851852,0.0,0.0,1.0
0.0,-0.117542,0.406771,0.202259,0.0,0.85463,0.0,0.0,1.0
0.0,-0.0989583,0.405208,0.176852,-5.55112e-17,0.839815,0.0,0.0,1.0
-2.77556e-17,-0.101823,0.391406,0.186111,0.0,0.847222,0.0,0.0,1.0
-2.77556e-17,-0.104687,0.377604,0.19537,0.0,0.85463,0.0,0.0,1.0
0.0,-0.0796875,0.402083,0.149074,0.0,0.787037,0.0,0.0,1.0
0.0,-0.0546875,0.426562,0.102778,0.0,0.719444,0.0,0.0,1.0
0.0,-0.0932292,0.348437,0.150926,-5.55112e-17,0.756481,0.0,0.0,1.0
-0.000223958,-0.0925365,0.334026,0.149296,-0.000425926,0.729167,0.0,0.0,1.0
-0.000442708,-0.0918385,0.31962,0.147667,-0.000888889,0.701852,0.0,0.0,1.0
-0.000666667,-0.0911458,0.305208,0.146037,-0.00131481,0.674537,0.0,0.0,1.0
-0.000885417,-0.0904479,0.290792,0.144389,-0.00175926,0.647222,0.0,0.0,1.0
-0.00110938,-0.0897552,0.276391,0.142778,-0.0022037,0.619907,0.0,0.0,1.0
-0.00132292,-0.0890521,0.261979,0.14113,-0.00264815,0.592593,0.0,0.0,1.0
-0.000104167,-0.0759583,0.250521,0.123204,-0.000203704,0.562963,0.0,0.0,1.0
-2.77556e-17,-0.0734375,0.247396,0.113889,0.0,0.523148,0.0,0.0,1.0
0.0,-0.0756563,0.243885,0.115741,-5.55112e-17,0.521296,0.0,0.0,1.0
0.0,-0.0778646,0.240365,0.117593,0.0,0.519444,0.0,0.0,1.0
0.0,-0.0800729,0.236844,0.119444,0.0,0.517593,0.0,0.0,1.0
2.77556e-17,-0.0822917,0.233333,0.121296,0.0,0.515741,0.0,0.0,1.0
0.0,-0.0793438,0.231073,0.124074,0.0,0.517296,0.0,0.0,1.0
0.0,-0.0763854,0.228823,0.126852,0.0,0.518815,0.0,0.0,1.0
0.0,-0.0734375,0.226562,0.12963,0.0,0.52037,0.0,0.0,1.0
0.0,-0.0755208,0.221708,0.129019,-5.55112e-17,0.522833,0.0,0.0,1.0
0.0,-0.0776042,0.216833,0.128389,0.0,0.525315,0.0,0.0,1.0
0.0,-0.0796875,0.211979,0.127778,0.0,0.527778,0.0,0.0,1.0
0.0,-0.0825521,0.20599,0.140741,0.0,0.537963,0.0,0.0,1.0
0.0,-0.0854167,0.2,0.153704,-5.55112e-17,0.548148,0.0,0.0,1.0
0.0,-0.0855417,0.201167,0.153019,0.0,0.545833,0.0,0.0,1.0
0.0,-0.0856771,0.202344,0.152333,0.0,0.543519,0.0,0.0,1.0
0.0,-0.0858125,0.203521,0.151611,0.0,0.541204,0.0,0.0,1.0
0.0,-0.0859375,0.204688,0.150926,0.0,0.538889,0.0,0.0,1.0
0.0,-0.0860625,0.205854,0.150241,0.0,0.536574,0.0,0.0,1.0
0.0,-0.0861979,0.207031,0.149519,0.0,0.534259,0.0,0.0,1.0
0.0,-0.0863333,0.208208,0.148833,0.0,0.531944,0.0,0.0,1.0
0.0,-0.0864583,0.209375,0.148148,0.0,0.52963,0.0,0.0,1.0
-2.77556e-17,-0.086,0.207875,0.147796,0.0,0.529685,0.0,0.0,1.0
2.77556e-17,-0.0855312,0.206365,0.147426,0.0,0.529722,0.0,0.0,1.0
0.0,-0.0850729,0.204865,0.147074,0.0,0.529778,0.0,0.0,1.0
0.0,-0.0846042,0.203354,0.146722,0.0,0.529833,0.0,0.0,1.0
0.0,-0.0841458,0.201854,0.146333,0.0,0.529889,0.0,0.0,1.0
0.0,-0.0836771,0.200344,0.145981,-5.55112e-17,0.529944,0.0,0.0,1.0
0.0,-0.0832188,0.198844,0.14563,0.0,0.53,0.0,0.0,1.0
0.0,-0.08275,0.197333,0.145259,-5.55112e-17,0.530037,0.0,0.0,1.0
-2.77556e-17,-0.0822917,0.195833,0.144907,0.0,0.530093,0.0,0.0,1.0
0.0,-0.0818333,0.194333,0.144556,0.0,0.530148,0.0,0.0,1.0
0.0,-0.0813646,0.192823,0.144185,0.0,0.530185,0.0,0.0,1.0
0.0,-0.0809062,0.191323,0.143833,-5.55112e-17,0.530241,0.0,0.0,1.0
0.0,-0.0804375,0.189812,0.143481,0.0,0.530296,0.0,0.0,1.0
0.0,-0.0799792,0.188313,0.143093,0.0,0.530352,0.0,0.0,1.0
0.0,-0.0795104,0.186802,0.142741,0.0,0.530407,0.0,0.0,1.0
0.0,-0.0790521,0.185302,0.142389,0.0,0.530463,0.0,0.0,1.0
-2.77556e-17,-0.0785833,0.183792,0.142019,0.0,0.5305,0.0,0.0,1.0
0.0,-0.078125,0.182292,0.141667,-5.55112e-17,0.530556,0.0,0.0,1.0
0.0,-0.075,0.184375,0.151389,0.0,0.536574,0.0,0.0,1.0
0.0,-0.071875,0.186458,0.161111,0.0,0.542593,0.0,0.0,1.0
-2.77556e-17,-0.0734375,0.174479,0.158333,0.0,0.534259,0.0,0.0,1.0
-2.77556e-17,-0.0692708,0.174688,0.157407,0.0,0.52963,0.0,0.0,1.0
-2.77556e-17,-0.0651042,0.174896,0.156481,0.0,0.525,0.0,0.0,1.0
-1.38778e-17,-0.0609375,0.175104,0.155556,0.0,0.52037,0.0,0.0,1.0
-1.38778e-17,-0.0567708,0.175313,0.15463,0.0,0.515741,0.0,0.0,1.0
-1.38778e-17,-0.0526042,0.175521,0.153704,0.0,0.511111,0.0,0.0,1.0
0.0,-0.0583333,0.177083,0.162037,0.0,0.528704,0.0,0.0,1.0
0.0,-0.0640625,0.178646,0.17037,0.0,0.546296,0.0,0.0,1.0
-1.38778e-17,-0.0533854,0.178906,0.14213,0.0,0.521759,0.0,0.0,1.0
0.0,-0.0427083,0.179167,0.113889,0.0,0.497222,0.0,0.0,1.0
-2.77556e-17,-0.0588542,0.168229,0.158333,0.0,0.534259,0.0,0.0,1.0
-1.38778e-17,-0.0513021,0.169531,0.137037,0.0,0.523148,0.0,0.0,1.0
-2.77556e-17,-0.04375,0.170833,0.115741,0.0,0.512037,0.0,0.0,1.0
-0.0451042,-0.0210521,0.16826,0.122157,-0.0245648,0.536157,0.0,0.0,1.0
-0.0453385,-0.0197448,0.166464,0.117889,-0.024,0.536926,0.0,0.0,1.0
-0.0445156,-0.0226406,0.169016,0.121667,-0.0261667,0.53813,0.0,0.0,1.0
-0.0486042,-0.0215,0.166562,0.115759,-0.028537,0.545593,0.0,0.0,1.0
-0.0463229,-0.0205208,0.16599,0.119972,-0.0250463,0.537602,0.0,0.0,1.0
-0.047849,-0.0206406,0.165984,0.110241,-0.0283148,0.545852,0.0,0.0,1.0
-0.0536198,-0.018776,0.161953,0.107926,-0.0294815,0.550852,0.0,0.0,1.0
-0.0505052,-0.0193906,0.164068,0.107574,-0.0287778,0.5465,0.0,0.0,1.0
-0.0472448,-0.0223281,0.165547,0.127519,-0.0261481,0.543519,0.0,0.0,1.0
-0.0475729,-0.0222396,0.165646,0.126222,-0.0265,0.542833,0.0,0.0,1.0
-0.046099,-0.022349,0.166182,0.120444,-0.027037,0.54563,0.0,0.0,1.0
-0.0457396,-0.0226979,0.167,0.12187,-0.0269259,0.539722,0.0,0.0,1.0
-0.0471823,-0.0225052,0.166547,0.125333,-0.0267778,0.543222,0.0,0.0,1.0
-0.0449635,-0.023026,0.167453,0.122898,-0.0266204,0.545694,0.0,0.0,1.0
-0.0475,-0.023375,0.168062,0.124009,-0.0283056,0.546398,0.0,0.0,1.0
-0.0467656,-0.0243802,0.170526,0.123667,-0.0291296,0.542944,0.0,0.0,1.0
-0.046,-0.0246042,0.169271,0.123815,-0.0288889,0.545259,0.0,0.0,1.0
-0.0441406,-0.0253177,0.171828,0.124111,-0.028463,0.543648,0.0,0.0,1.0
-0.0449635,-0.025526,0.170974,0.12387,-0.0292778,0.544778,0.0,0.0,1.0
-0.0448229,-0.0258229,0.171375,0.123407,-0.0296481,0.545389,0.0,0.0,1.0
-0.0465938,-0.0263333,0.172135,0.129537,-0.0299444,0.543815,0.0,0.0,1.0
-0.0437083,-0.0269583,0.173271,0.121889,-0.0305556,0.542815,0.0,0.0,1.0
-0.0432188,-0.0268333,0.171865,0.120972,-0.0303056,0.54588,0.0,0.0,1.0
-0.0443125,-0.0274375,0.171937,0.127509,-0.0301389,0.544046,0.0,0.0,1.0
-0.0445104,-0.0265833,0.171844,0.119898,-0.0311944,0.545213,0.0,0.0,1.0
-0.0446563,-0.0272396,0.172458,0.12263,-0.0313519,0.54713,0.0,0.0,1.0
-0.0451771,-0.0270417,0.17274,0.121389,-0.0317963,0.546593,0.0,0.0,1.0
-0.0473542,-0.0275833,0.173354,0.123593,-0.0333889,0.546426,0.0,0.0,1.0
-0.0460938,-0.0275,0.174406,0.120333,-0.0332963,0.541963,0.0,0.0,1.0
-0.0434427,-0.0295677,0.175286,0.112074,-0.0362222,0.545889,0.0,0.0,1.0
-0.0452083,-0.0272187,0.17124,0.120583,-0.03225,0.547806,0.0,0.0,1.0
-0.0455729,-0.0275833,0.172656,0.12287,-0.0323333,0.546944,0.0,0.0,1.0
-0.0446719,-0.0278385,0.173828,0.11975,-0.0328241,0.54612,0.0,0.0,1.0
-0.0469375,-0.0273958,0.174063,0.123731,-0.0328426,0.543157,0.0,0.0,1.0
-0.0464896,-0.0264688,0.172979,0.119269,-0.0326019,0.541435,0.0,0.0,1.0
-0.044651,-0.0265469,0.172432,0.123019,-0.0304444,0.543463,0.0,0.0,1.0
-0.0452604,-0.0255729,0.17125,0.123056,-0.0297222,0.541556,0.0,0.0,1.0
-0.0484115,-0.0258385,0.17112,0.126241,-0.0313148,0.542222,0.0,0.0,1.0
-0.0431146,-0.0259375,0.170406,0.12688,-0.0278426,0.543843,0.0,0.0,1.0
-0.0471094,-0.0253177,0.170161,0.1235,-0.0305185,0.544648,0.0,0.0,1.0
-0.044375,-0.0252604,0.169156,0.124537,-0.0284444,0.543093,0.0,0.0,1.0
-0.0451927,-0.0249948,0.168484,0.12463,-0.0286481,0.543944,0.0,0.0,1.0
-0.0458125,-0.0246979,0.166906,0.120093,-0.0297778,0.548389,0.0,0.0,1.0
-0.0435104,-0.0252187,0.166833,0.125778,-0.0275741,0.544019,0.0,0.0,1.0
-0.0432396,-0.0246562,0.166938,0.126454,-0.0266574,0.544917,0.0,0.0,1.0
-0.0425677,-0.0253802,0.168057,0.127639,-0.02675,0.543417,0.0,0.0,1.0
-0.0441875,-0.0248021,0.167344,0.126833,-0.0273148,0.543667,0.0,0.0,1.0
-0.0445417,-0.0239583,0.167792,0.125213,-0.0269352,0.544176,0.0,0.0,1.0
-0.0446615,-0.024401,0.16713,0.125759,-0.0273889,0.545296,0.0,0.0,1.0
-0.046151,-0.0239115,0.167057,0.120917,-0.0288426,0.544528,0.0,0.0,1.0
-0.0458958,-0.0219792,0.162292,0.108722,-0.0293148,0.55737,0.0,0.0,1.0
-0.0445312,-0.0237396,0.166833,0.121694,-0.0274537,0.544287,0.0,0.0,1.0
-0.04275,-0.0254271,0.16751,0.126213,-0.027213,0.540694,0.0,0.0,1.0
-0.0440781,-0.0247969,0.167526,0.12163,-0.0284074,0.539481,0.0,0.0,1.0
-0.0416562,-0.0234375,0.166948,0.123926,-0.0249074,0.538352,0.0,0.0,1.0
-0.0433646,-0.0238333,0.166656,0.12213,-0.0267407,0.541278,0.0,0.0,1.0
-0.0439687,-0.0236146,0.164729,0.123944,-0.0264815,0.545278,0.0,0.0,1.0
-0.0458802,-0.0235365,0.16588,0.124009,-0.0275278,0.543602,0.0,0.0,1.0
-0.0450417,-0.0236354,0.165323,0.118361,-0.0284167,0.545694,0.0,0.0,1.0
-0.0449479,-0.0240938,0.165937,0.121111,-0.0282593,0.544815,0.0,0.0,1.0
-0.047151,-0.0229115,0.165818,0.115741,-0.0295,0.546204,0.0,0.0,1.0
-0.0460208,-0.0244271,0.165594,0.124593,-0.0285185,0.543148,0.0,0.0,1.0
-0.0469688,-0.0230208,0.162865,0.125778,-0.0271667,0.547759,0.0,0.0,1.0
-0.0474219,-0.0234844,0.162755,0.131685,-0.0267407,0.548981,0.0,0.0,1.0
-0.0455208,-0.0241563,0.166656,0.124565,-0.0278981,0.543102,0.0,0.0,1.0
-0.0434531,-0.0246406,0.166255,0.12538,-0.0269907,0.542398,0.0,0.0,1.0
-0.0430312,-0.0247917,0.166615,0.127407,-0.026463,0.542241,0.0,0.0,1.0
