0.0430937,0.0033125,-0.126375,-0.00820833,0.0309167,-0.812833,0.0,0.0,1.0
0.0426641,0.00126563,-0.13268,-0.00315833,0.0304021,-0.807246,0.0,0.0,1.0
0.0437109,-0.000859375,-0.142461,0.00209271,0.0316927,-0.802495,0.0,0.0,1.0
0.0150273,-0.0369258,-0.14459,0.0309698,0.0318615,-0.795291,0.0,0.0,1.0
0.047707,0.00276953,-0.15184,-0.0069724,0.0336578,-0.795085,0.0,0.0,1.0
0.047375,0.00429688,-0.157937,-0.0106542,0.0339927,-0.790461,0.0,0.0,1.0
0.0461445,0.00434766,-0.166816,-0.0106068,0.0336224,-0.788185,0.0,0.0,1.0
0.0463242,0.00809766,-0.173105,-0.0201979,0.0330031,-0.783909,0.0,0.0,1.0
0.0495469,0.00349219,-0.18032,-0.00894844,0.0343807,-0.77862,0.0,0.0,1.0
0.0484844,0.0068125,-0.187312,-0.0171531,0.0342208,-0.776273,0.0,0.0,1.0
0.0486289,0.00609766,-0.194176,-0.0149375,0.0352875,-0.774683,0.0,0.0,1.0
0.0491484,0.00792969,-0.199953,-0.0199464,0.034738,-0.769582,0.0,0.0,1.0
0.0484297,0.00608594,-0.205563,-0.0164495,0.0318557,-0.764283,0.0,0.0,1.0
0.0511484,0.00540625,-0.214508,-0.0145432,0.0338245,-0.761699,0.0,0.0,1.0
0.052582,0.00766016,-0.221035,-0.0198443,0.0360839,-0.76074,0.0,0.0,1.0
0.0523203,0.00589844,-0.226812,-0.014738,0.037238,-0.758207,0.0,0.0,1.0
0.05275,0.00755469,-0.231117,-0.0194661,0.0364036,-0.754081,0.0,0.0,1.0
0.0585195,0.00854297,-0.241035,-0.0234391,0.0379078,-0.748429,0.0,0.0,1.0
0.0563398,0.00671484,-0.243824,-0.0172073,0.0390823,-0.745916,0.0,0.0,1.0
0.0548984,0.0105625,-0.247039,-0.0267188,0.0385833,-0.74051,0.0,0.0,1.0
0.0559766,0.00808594,-0.252703,-0.0204661,0.0393099,-0.73657,0.0,0.0,1.0
0.0562656,0.00964844,-0.257477,-0.0247281,0.0390198,-0.73077,0.0,0.0,1.0
0.0612656,0.00807031,-0.264148,-0.0220729,0.0398333,-0.725573,0.0,0.0,1.0
0.0596719,0.00946094,-0.267477,-0.0246771,0.0406667,-0.721177,0.0,0.0,1.0
0.0616992,0.00994922,-0.273152,-0.0265365,0.0411198,-0.711286,0.0,0.0,1.0
0.0619961,0.0117695,-0.274059,-0.0318385,0.0407448,-0.707245,0.0,0.0,1.0
0.0653516,0.0107266,-0.277219,-0.0297917,0.0418229,-0.701385,0.0,0.0,1.0
0.0648594,0.0123281,-0.27975,-0.032776,0.0433802,-0.694682,0.0,0.0,1.0
0.0672266,0.00976562,-0.280492,-0.0268698,0.0434427,-0.689734,0.0,0.0,1.0
0.0649062,0.0118594,-0.279328,-0.0309896,0.0441667,-0.683615,0.0,0.0,1.0
0.0677344,0.0103281,-0.277625,-0.0272187,0.0456875,-0.680448,0.0,0.0,1.0
0.0733125,0.0103047,-0.278211,-0.0287344,0.0467656,-0.674359,0.0,0.0,1.0
0.0750234,0.0101094,-0.276352,-0.0288125,0.0467917,-0.669146,0.0,0.0,1.0
0.0745,0.0108359,-0.277461,-0.0306615,0.0468073,-0.660755,0.0,0.0,1.0
0.0790625,0.00946094,-0.27918,-0.026099,0.0509531,-0.652078,0.0,0.0,1.0
0.077832,0.00833984,-0.274496,-0.0226979,0.0508437,-0.651083,0.0,0.0,1.0
0.0792422,0.0111953,-0.277109,-0.030875,0.0510833,-0.643771,0.0,0.0,1.0
0.0832266,0.011875,-0.273992,-0.0332813,0.0528021,-0.639,0.0,0.0,1.0
0.0818398,0.0109414,-0.27202,-0.0307708,0.0517292,-0.628958,0.0,0.0,1.0
0.0827188,0.0119687,-0.270078,-0.033901,0.0519427,-0.62137,0.0,0.0,1.0
0.0839648,0.012957,-0.26859,-0.0367396,0.0526562,-0.613354,0.0,0.0,1.0
0.085625,0.0132734,-0.26468,-0.0383437,0.0527083,-0.605302,0.0,0.0,1.0
0.0914609,0.0104922,-0.265578,-0.0313646,0.0543854,-0.597833,0.0,0.0,1.0
0.0918203,0.0111875,-0.264148,-0.0324896,0.0562083,-0.590865,0.0,0.0,1.0
0.0931758,0.0106367,-0.262301,-0.0306042,0.0575625,-0.580729,0.0,0.0,1.0
0.0988867,0.00983984,-0.259262,-0.0298802,0.0578906,-0.572609,0.0,0.0,1.0
0.0990938,0.00948437,-0.256406,-0.0281927,0.0592656,-0.56513,0.0,0.0,1.0
0.101609,0.00967969,-0.257617,-0.0290937,0.0600937,-0.555729,0.0,0.0,1.0
0.102246,0.0102617,-0.257746,-0.0308698,0.0604323,-0.548505,0.0,0.0,1.0
0.105715,0.00951172,-0.260129,-0.0288385,0.0620052,-0.540859,0.0,0.0,1.0
0.109125,0.00951563,-0.263484,-0.029901,0.0617031,-0.531047,0.0,0.0,1.0
0.110367,0.008625,-0.263852,-0.0269792,0.0627708,-0.525021,0.0,0.0,1.0
0.111367,0.00822656,-0.268016,-0.0255208,0.0637917,-0.516875,0.0,0.0,1.0
0.11491,0.00798828,-0.26716,-0.0251198,0.0649531,-0.510557,0.0,0.0,1.0
0.114598,0.00728516,-0.271254,-0.0222083,0.066875,-0.502437,0.0,0.0,1.0
0.115344,0.0076875,-0.273906,-0.0233437,0.0675417,-0.495177,0.0,0.0,1.0
0.123711,0.00659375,-0.274789,-0.0214687,0.0675625,-0.486969,0.0,0.0,1.0
0.119586,0.00707031,-0.280875,-0.0218333,0.0688542,-0.479479,0.0,0.0,1.0
0.11859,0.00533984,-0.285879,-0.0160469,0.0701615,-0.471547,0.0,0.0,1.0
0.121848,0.00486328,-0.28977,-0.014849,0.0709427,-0.464057,0.0,0.0,1.0
0.122984,0.00473438,-0.292,-0.0145625,0.071125,-0.456375,0.0,0.0,1.0
0.12382,0.0035,-0.294602,-0.0107812,0.0714167,-0.448823,0.0,0.0,1.0
0.12675,0.00421875,-0.299609,-0.0132917,0.0714896,-0.440365,0.0,0.0,1.0
0.127094,0.00314063,-0.302531,-0.00974479,0.0728177,-0.433047,0.0,0.0,1.0
0.129875,0.000804688,-0.306352,-0.00254167,0.0730312,-0.427406,0.0,0.0,1.0
0.128297,0.000625,-0.310922,-0.00194271,0.0738698,-0.422109,0.0,0.0,1.0
0.128434,0.000324219,-0.314238,-0.000989583,0.0751354,-0.416583,0.0,0.0,1.0
0.130457,-0.000136719,-0.319348,0.000427083,0.0736354,-0.410458,0.0,0.0,1.0
0.130703,7.8125e-05,-0.322016,-0.000239583,0.0740104,-0.406271,0.0,0.0,1.0
0.132199,-0.00288672,-0.32666,0.00901042,0.0753021,-0.402958,0.0,0.0,1.0
0.132297,-0.00242969,-0.331914,0.00769271,0.0742448,-0.399703,0.0,0.0,1.0
0.131953,-0.00439062,-0.337109,0.0136979,0.0751771,-0.398896,0.0,0.0,1.0
0.130703,-0.00539062,-0.341016,0.016526,0.0757865,-0.397328,0.0,0.0,1.0
0.129965,-0.00637891,-0.345934,0.019625,0.0751354,-0.395802,0.0,0.0,1.0
0.129996,-0.00593359,-0.352113,0.0183646,0.0746771,-0.395125,0.0,0.0,1.0
0.129016,-0.00646875,-0.359656,0.0198646,0.0746875,-0.394385,0.0,0.0,1.0
0.127773,-0.00776563,-0.368883,0.0234063,0.0753646,-0.395146,0.0,0.0,1.0
0.126992,-0.00861719,-0.378047,0.0259687,0.0748854,-0.396292,0.0,0.0,1.0
0.127203,-0.00996875,-0.384844,0.0308021,0.0731875,-0.396865,0.0,0.0,1.0
0.126305,-0.0101484,-0.392031,0.0313542,0.0726979,-0.398781,0.0,0.0,1.0
0.124035,-0.0104648,-0.398973,0.0315104,0.0732187,-0.401104,0.0,0.0,1.0
0.123211,-0.0107578,-0.406891,0.0325417,0.0724375,-0.402771,0.0,0.0,1.0
0.122461,-0.0120703,-0.412391,0.0365938,0.0718333,-0.404094,0.0,0.0,1.0
0.122066,-0.0118867,-0.420176,0.0362656,0.0711094,-0.407255,0.0,0.0,1.0
0.120484,-0.0124922,-0.428367,0.0381667,0.0701458,-0.409646,0.0,0.0,1.0
0.115891,-0.0135078,-0.435008,0.0397188,0.0700729,-0.412542,0.0,0.0,1.0
0.115129,-0.0127539,-0.44348,0.0380313,0.0686458,-0.414177,0.0,0.0,1.0
0.116855,-0.0124805,-0.450051,0.0379896,0.0682396,-0.414813,0.0,0.0,1.0
0.113598,-0.0131055,-0.457863,0.0400365,0.0661094,-0.418266,0.0,0.0,1.0
0.110262,-0.0138945,-0.462426,0.04125,0.0660417,-0.420375,0.0,0.0,1.0
0.111609,-0.0142578,-0.470586,0.0425938,0.0664062,-0.423667,0.0,0.0,1.0
0.110641,-0.0137578,-0.476773,0.041849,0.0646615,-0.425766,0.0,0.0,1.0
0.108242,-0.0141719,-0.482555,0.0422448,0.0645365,-0.429776,0.0,0.0,1.0
0.105969,-0.0145781,-0.486984,0.0436406,0.0629323,-0.432724,0.0,0.0,1.0
0.102055,-0.0152734,-0.491406,0.044,0.0629896,-0.436052,0.0,0.0,1.0
0.102734,-0.0140391,-0.496508,0.0420521,0.0610104,-0.440604,0.0,0.0,1.0
0.0980937,-0.015125,-0.499156,0.0440885,0.059849,-0.443839,0.0,0.0,1.0
0.0984141,-0.0145938,-0.504992,0.0433229,0.0589271,-0.450021,0.0,0.0,1.0
0.0959375,-0.0153437,-0.507156,0.0450365,0.0581094,-0.455036,0.0,0.0,1.0
0.0952734,-0.0153828,-0.508734,0.0452865,0.0575573,-0.459943,0.0,0.0,1.0
0.0935078,-0.0137656,-0.508008,0.040099,0.0570885,-0.463099,0.0,0.0,1.0
0.0906563,-0.0143359,-0.508477,0.041625,0.0555104,-0.467573,0.0,0.0,1.0
0.0885234,-0.0153984,-0.508281,0.0445417,0.0544063,-0.472615,0.0,0.0,1.0
0.0858203,-0.0157812,-0.506602,0.0435365,0.0552969,-0.476526,0.0,0.0,1.0
0.0833906,-0.0160078,-0.505273,0.0440052,0.0539323,-0.481234,0.0,0.0,1.0
0.0821133,-0.0154805,-0.504129,0.0433177,0.0521719,-0.486297,0.0,0.0,1.0
0.0788789,-0.0178477,-0.501246,0.0491667,0.0509062,-0.489823,0.0,0.0,1.0
0.0793477,-0.0153555,-0.499613,0.0426875,0.05075,-0.494292,0.0,0.0,1.0
0.0751562,-0.0170078,-0.494461,0.0461562,0.0492188,-0.497875,0.0,0.0,1.0
0.0747578,-0.0172109,-0.491297,0.0476198,0.0480469,-0.50263,0.0,0.0,1.0
0.0741602,-0.0167539,-0.487801,0.0456146,0.0484271,-0.506625,0.0,0.0,1.0
0.0755898,-0.0146523,-0.483816,0.0413021,0.0476771,-0.510583,0.0,0.0,1.0
0.0746328,-0.0118984,-0.479156,0.0326562,0.0483333,-0.514281,0.0,0.0,1.0
0.0713867,-0.0142383,-0.474715,0.0395677,0.0456615,-0.51987,0.0,0.0,1.0
0.0712188,-0.0155547,-0.47282,0.0434375,0.0453333,-0.526438,0.0,0.0,1.0
0.0165078,0.0665703,-0.468203,-0.0438906,0.044526,-0.528693,0.0,0.0,1.0
0.0677695,-0.0139883,-0.465535,0.0388021,0.0434375,-0.531156,0.0,0.0,1.0
0.017625,0.0631562,-0.460266,-0.0420625,0.0470417,-0.534229,0.0,0.0,1.0
0.0175391,0.0612578,-0.456469,-0.0415208,0.046,-0.539292,0.0,0.0,1.0
0.0164219,0.0607656,-0.45175,-0.0430573,0.0412031,-0.542068,0.0,0.0,1.0
0.0581562,-0.0179297,-0.446898,0.0445052,0.041651,-0.545245,0.0,0.0,1.0
0.0167734,0.0580078,-0.441266,-0.039901,0.043349,-0.546443,0.0,0.0,1.0
0.0584297,-0.0146875,-0.438305,0.0381875,0.0399479,-0.549948,0.0,0.0,1.0
0.0595156,-0.0145469,-0.434797,0.0385,0.0399792,-0.552854,0.0,0.0,1.0
0.0163828,0.0565078,-0.4295,-0.0389948,0.0421927,-0.556422,0.0,0.0,1.0
0.0161797,0.0552891,-0.423656,-0.0415833,0.03825,-0.561708,0.0,0.0,1.0
0.0144336,0.0538242,-0.421855,-0.0375312,0.0367917,-0.561656,0.0,0.0,1.0
0.0135781,0.0548125,-0.417719,-0.0360208,0.03675,-0.563708,0.0,0.0,1.0
0.0140664,0.0528008,-0.416223,-0.0363698,0.0363073,-0.566891,0.0,0.0,1.0
0.0535742,-0.0138555,-0.410496,0.0354531,0.037224,-0.569089,0.0,0.0,1.0
0.0579492,-0.00692578,-0.410551,0.0196042,0.0363958,-0.568708,0.0,0.0,1.0
0.0173086,0.0459883,-0.407098,-0.0348542,0.0406146,-0.571802,0.0,0.0,1.0
0.05175,-0.0106406,-0.407547,0.0273646,0.0357917,-0.571385,0.0,0.0,1.0
0.0506992,-0.00944922,-0.401793,0.0235677,0.0361406,-0.573286,0.0,0.0,1.0
0.0495859,-0.0112578,-0.400281,0.0273802,0.0362344,-0.576797,0.0,0.0,1.0
0.0504258,-0.0103164,-0.399707,0.0252396,0.036625,-0.577781,0.0,0.0,1.0
0.0153359,0.0439297,-0.396719,-0.0354687,0.0337604,-0.579375,0.0,0.0,1.0
0.0436914,-0.0154648,-0.395168,0.0369219,0.0325365,-0.580203,0.0,0.0,1.0
0.0509023,-0.00370703,-0.391918,0.00852604,0.0393281,-0.578891,0.0,0.0,1.0
0.0162734,0.0425078,-0.390156,-0.0327604,0.0375417,-0.582865,0.0,0.0,1.0
0.0473203,-0.00101562,-0.38732,0.00229167,0.037375,-0.581958,0.0,0.0,1.0
0.0206875,0.0349297,-0.38332,-0.0317396,0.0404687,-0.582708,0.0,0.0,1.0
0.0464922,-0.0106953,-0.382453,0.0273229,0.0323542,-0.58401,0.0,0.0,1.0
0.0122578,0.0430937,-0.380133,-0.0321302,0.0292344,-0.584401,0.0,0.0,1.0
0.045543,-0.00613672,-0.380121,0.0142188,0.0349375,-0.583885,0.0,0.0,1.0
0.0175703,0.0348828,-0.377625,-0.0278646,0.0391146,-0.587792,0.0,0.0,1.0
0.0174141,0.0346172,-0.375734,-0.0298594,0.035901,-0.588026,0.0,0.0,1.0
0.0180273,0.0319648,-0.374262,-0.0264427,0.0387448,-0.591911,0.0,0.0,1.0
0.0372734,-0.0117578,-0.377047,0.0259375,0.0300521,-0.594385,0.0,0.0,1.0
0.0143984,0.0319453,-0.373906,-0.0257396,0.0317604,-0.597417,0.0,0.0,1.0
0.0151602,0.0326367,-0.373684,-0.0268021,0.0328229,-0.597667,0.0,0.0,1.0
0.0173555,0.0301602,-0.376355,-0.0270833,0.0343646,-0.597406,0.0,0.0,1.0
0.0429883,0.00172266,-0.380059,-0.00382292,0.0344271,-0.600104,0.0,0.0,1.0
0.0415,-0.00154687,-0.381375,0.00347396,0.032901,-0.604307,0.0,0.0,1.0
0.0196641,0.0286719,-0.381367,-0.0260833,0.0384375,-0.605708,0.0,0.0,1.0
0.0416406,0.00314063,-0.386828,-0.00615625,0.0377708,-0.607677,0.0,0.0,1.0
