0.046375,0.000664063,-0.489586,-0.00031392,0.323591,-0.467227,0.0,0.0,1.0
0.0476875,-0.00152344,-0.49868,0.000740057,0.324098,-0.471825,0.0,0.0,1.0
0.0469297,-0.00167969,-0.498109,0.000795455,0.327624,-0.468305,0.0,0.0,1.0
0.0462578,-0.0048125,-0.504148,0.00226989,0.324661,-0.473808,0.0,0.0,1.0
0.0462109,-0.00552344,-0.510656,0.00263991,0.319981,-0.474441,0.0,0.0,1.0
0.0479531,-0.00241406,-0.511789,0.00119105,0.321415,-0.468915,0.0,0.0,1.0
0.0493281,-0.00303125,-0.516531,0.00157244,0.315226,-0.472399,0.0,0.0,1.0
0.0492227,-0.00296484,-0.52309,0.00150568,0.320594,-0.466418,0.0,0.0,1.0
0.0459023,-0.00837109,-0.523129,0.00402131,0.315749,-0.471672,0.0,0.0,1.0
0.0466484,-0.00857813,-0.527289,0.00419105,0.315455,-0.468793,0.0,0.0,1.0
0.0492109,-0.00549219,-0.534109,0.00283168,0.314853,-0.463532,0.0,0.0,1.0
0.0436094,-0.0108906,-0.531047,0.00502912,0.312072,-0.463918,0.0,0.0,1.0
0.0426719,-0.0125703,-0.532195,0.00569957,0.310888,-0.460732,0.0,0.0,1.0
0.0501992,-0.00668359,-0.537777,0.00362429,0.305937,-0.452656,0.0,0.0,1.0
0.0475781,-0.00695312,-0.535797,0.00359375,0.304354,-0.450703,0.0,0.0,1.0
0.0520938,-0.003625,-0.538875,0.00208807,0.299288,-0.445496,0.0,0.0,1.0
0.0453672,-0.0132422,-0.541828,0.00786222,0.252456,-0.477101,0.0,0.0,1.0
0.0555586,-0.00306641,-0.545004,0.00200497,0.280528,-0.440428,0.0,0.0,1.0
0.0573008,-0.00866797,-0.54548,0.00586577,0.279758,-0.434744,0.0,0.0,1.0
0.0588438,-0.0149609,-0.547211,0.0105128,0.276834,-0.433624,0.0,0.0,1.0
0.0557617,-0.0250742,-0.55084,0.0176264,0.262172,-0.444942,0.0,0.0,1.0
0.0572383,-0.0249414,-0.552902,0.0173672,0.271728,-0.434157,0.0,0.0,1.0
0.0548672,-0.0338828,-0.552578,0.0222685,0.276075,-0.435848,0.0,0.0,1.0
0.0532422,-0.0465156,-0.55307,0.0290071,0.282232,-0.436322,0.0,0.0,1.0
0.0555586,-0.0487461,-0.548832,0.0326705,0.274048,-0.443082,0.0,0.0,1.0
0.0527383,-0.0521914,-0.547605,0.0341655,0.266282,-0.446268,0.0,0.0,1.0
0.0483906,-0.0590313,-0.545219,0.0338416,0.27904,-0.457165,0.0,0.0,1.0
0.0491094,-0.0554766,-0.547508,0.0328793,0.273916,-0.455862,0.0,0.0,1.0
0.0460586,-0.0598242,-0.543605,0.0336094,0.271024,-0.459973,0.0,0.0,1.0
0.0404609,-0.0754141,-0.537047,0.0353665,0.285153,-0.462625,0.0,0.0,1.0
0.0416328,-0.0758438,-0.535336,0.0359837,0.290032,-0.473143,0.0,0.0,1.0
0.0403398,-0.081043,-0.536348,0.0362372,0.298253,-0.46392,0.0,0.0,1.0
0.0436719,-0.0799297,-0.53457,0.0389645,0.29618,-0.438467,0.0,0.0,1.0
0.0438906,-0.0737891,-0.535648,0.0358402,0.298738,-0.432758,0.0,0.0,1.0
0.0456875,-0.0699922,-0.52918,0.038049,0.27785,-0.438802,0.0,0.0,1.0
0.0547305,-0.0837539,-0.509027,0.0621591,0.243793,-0.430668,0.0,0.0,1.0
0.054625,-0.0790313,-0.509969,0.0564467,0.252825,-0.428904,0.0,0.0,1.0
0.0551914,-0.0496289,-0.508957,0.0328544,0.275582,-0.43338,0.0,0.0,1.0
0.0649609,-0.0420156,-0.498758,0.0343572,0.262681,-0.422894,0.0,0.0,1.0
0.065168,-0.0372148,-0.501793,0.0304972,0.262912,-0.415568,0.0,0.0,1.0
0.0685078,-0.0366406,-0.498367,0.0312287,0.265746,-0.41522,0.0,0.0,1.0
0.0727344,-0.0474297,-0.48557,0.0429822,0.265354,-0.437627,0.0,0.0,1.0
0.0719727,-0.0365117,-0.491309,0.0322564,0.26933,-0.429202,0.0,0.0,1.0
0.0708125,-0.0430234,-0.485586,0.0385838,0.260999,-0.450857,0.0,0.0,1.0
0.0283594,-0.137836,-0.501461,0.0512933,0.251933,-0.440555,0.0,0.0,1.0
0.0805312,-0.0471016,-0.479039,0.0477699,0.262457,-0.480938,0.0,0.0,1.0
0.0707813,-0.0763125,-0.457391,0.0682926,0.261503,-0.476531,0.0,0.0,1.0
0.0502969,-0.0440156,-0.454078,0.0240511,0.304281,-0.474977,0.0,0.0,1.0
0.0502695,-0.0436523,-0.454176,0.0239787,0.302516,-0.473595,0.0,0.0,1.0
0.0466211,-0.045668,-0.453824,0.0228423,0.30808,-0.480523,0.0,0.0,1.0
0.0487969,-0.0504609,-0.468352,0.0262251,0.310323,-0.495891,0.0,0.0,1.0
0.0510156,-0.0471953,-0.469508,0.0255412,0.311585,-0.49275,0.0,0.0,1.0
0.0467109,-0.0521172,-0.473734,0.0252862,0.318212,-0.496138,0.0,0.0,1.0
0.0474766,-0.0482891,-0.477016,0.0239489,0.316467,-0.487178,0.0,0.0,1.0
0.0464687,-0.0526797,-0.476383,0.025642,0.31553,-0.484322,0.0,0.0,1.0
0.0453437,-0.0516797,-0.480242,0.024598,0.314955,-0.475892,0.0,0.0,1.0
0.0476172,-0.0643203,-0.476875,0.0347791,0.291082,-0.464803,0.0,0.0,1.0
0.0475156,-0.0476172,-0.48232,0.0249766,0.299444,-0.459927,0.0,0.0,1.0
0.0500469,-0.0487344,-0.479562,0.0273075,0.295217,-0.451751,0.0,0.0,1.0
0.0525742,-0.0298164,-0.473348,0.0179588,0.288513,-0.443229,0.0,0.0,1.0
0.0576758,-0.0275977,-0.475895,0.0179695,0.292941,-0.436364,0.0,0.0,1.0
0.0636641,-0.0200312,-0.47893,0.0148295,0.284332,-0.437798,0.0,0.0,1.0
0.0632969,-0.0227344,-0.467797,0.0178139,0.267004,-0.464078,0.0,0.0,1.0
0.0636406,-0.0240312,-0.467078,0.0193189,0.261663,-0.464873,0.0,0.0,1.0
0.0641953,-0.0226563,-0.465852,0.0176868,0.271833,-0.471904,0.0,0.0,1.0
0.0721328,-1.11022e-16,-0.469008,0.0,0.303026,-0.453594,0.0,0.0,1.0
0.069793,-0.00904297,-0.471426,0.00752486,0.277344,-0.458026,0.0,0.0,1.0
0.0686992,-0.00496484,-0.467949,0.00400994,0.28068,-0.459033,0.0,0.0,1.0
0.0420547,-0.00792969,-0.443312,0.00385227,0.285929,-0.46208,0.0,0.0,1.0
0.0422695,-0.00994922,-0.443207,0.00481605,0.288668,-0.463512,0.0,0.0,1.0
0.0403008,-0.00872266,-0.445723,0.00403054,0.2886,-0.462691,0.0,0.0,1.0
0.0411445,-0.00740234,-0.449605,0.00339773,0.29593,-0.463331,0.0,0.0,1.0
0.0414844,-0.010875,-0.451453,0.00502841,0.296615,-0.458916,0.0,0.0,1.0
0.0513711,-0.00155859,-0.469254,0.000884943,0.298033,-0.456555,0.0,0.0,1.0
0.0442422,-0.0156484,-0.464766,0.00779688,0.293494,-0.464332,0.0,0.0,1.0
0.0421797,-0.0165312,-0.465023,0.00771662,0.298549,-0.464444,0.0,0.0,1.0
0.0445547,-0.0189687,-0.46707,0.00947088,0.295153,-0.46707,0.0,0.0,1.0
0.0493945,-0.0177539,-0.476598,0.00980043,0.295837,-0.469871,0.0,0.0,1.0
0.0461875,-0.0170078,-0.472758,0.0087358,0.297314,-0.466987,0.0,0.0,1.0
0.0498672,-0.0183203,-0.478531,0.0101825,0.296702,-0.470325,0.0,0.0,1.0
0.0491992,-0.0152305,-0.477637,0.00840838,0.294565,-0.469792,0.0,0.0,1.0
0.049875,-0.0167188,-0.479891,0.00934517,0.295003,-0.468554,0.0,0.0,1.0
0.0498281,-0.0157266,-0.479352,0.00886293,0.292256,-0.468734,0.0,0.0,1.0
0.0486797,-0.0137266,-0.477047,0.00774077,0.285482,-0.472911,0.0,0.0,1.0
0.047082,-0.010082,-0.474723,0.00541335,0.289848,-0.468271,0.0,0.0,1.0
0.0466563,-0.00939844,-0.475508,0.00504048,0.287634,-0.469864,0.0,0.0,1.0
0.0444844,0.000757813,-0.474352,-0.000386364,0.286105,-0.469784,0.0,0.0,1.0
0.0452656,-0.000257812,-0.473508,0.000130682,0.286781,-0.468443,0.0,0.0,1.0
0.0468594,0.000382812,-0.469039,-0.000201705,0.28877,-0.46769,0.0,0.0,1.0
0.0502891,0.00928125,-0.464805,-0.00548224,0.281597,-0.481086,0.0,0.0,1.0
0.0489688,0.00401562,-0.465719,-0.00246946,0.263576,-0.499428,0.0,0.0,1.0
0.0532539,0.00245703,-0.462809,-0.00168892,0.256351,-0.508695,0.0,0.0,1.0
0.0546875,0.00321094,-0.458367,-0.00230966,0.251891,-0.528013,0.0,0.0,1.0
0.0526406,0.00890625,-0.464812,-0.0063054,0.245851,-0.531249,0.0,0.0,1.0
0.05475,0.00992187,-0.465187,-0.00709091,0.253163,-0.531615,0.0,0.0,1.0
0.0526484,0.00979687,-0.462414,-0.00609801,0.279409,-0.520389,0.0,0.0,1.0
0.0530234,0.00703906,-0.462141,-0.00439062,0.281098,-0.521169,0.0,0.0,1.0
0.0520117,0.0160039,-0.46709,-0.00958736,0.287052,-0.515305,0.0,0.0,1.0
0.0422656,-0.000132813,-0.460852,6.67614e-05,0.301236,-0.518807,0.0,0.0,1.0
0.0387109,0.00123438,-0.463602,-0.000514915,0.304444,-0.521631,0.0,0.0,1.0
0.0369609,0.000914062,-0.468156,-0.000354403,0.315954,-0.519349,0.0,0.0,1.0
0.0285508,0.00294922,-0.481152,-0.000828835,0.333638,-0.515883,0.0,0.0,1.0
0.0293125,0.00254688,-0.479641,-0.000742187,0.330705,-0.515677,0.0,0.0,1.0
0.0476562,-1.11022e-16,-0.491797,0.0,0.338778,-0.516335,0.0,0.0,1.0
0.0460938,-5.55112e-17,-0.494344,0.0,0.335582,-0.512429,0.0,0.0,1.0
0.0445312,-1.66533e-16,-0.496875,0.0,0.332386,-0.508523,0.0,0.0,1.0
0.0429688,-5.55112e-17,-0.499406,0.0,0.32919,-0.504616,0.0,0.0,1.0
0.0414063,-1.66533e-16,-0.501953,0.0,0.325994,-0.50071,0.0,0.0,1.0
0.0398437,-1.66533e-16,-0.5045,0.0,0.322798,-0.496804,0.0,0.0,1.0
0.0382813,-1.11022e-16,-0.507031,0.0,0.319602,-0.492898,0.0,0.0,1.0
0.0371094,-1.11022e-16,-0.507891,0.0,0.316903,-0.492756,0.0,0.0,1.0
0.0359375,-1.11022e-16,-0.50875,0.0,0.314205,-0.492614,0.0,0.0,1.0
0.0347656,-5.55112e-17,-0.509609,0.0,0.311506,-0.492472,0.0,0.0,1.0
0.0335938,-1.66533e-16,-0.510469,0.0,0.308807,-0.49233,0.0,0.0,1.0
0.0324219,-5.55112e-17,-0.511328,0.0,0.306108,-0.492188,0.0,0.0,1.0
0.03125,-5.55112e-17,-0.512187,0.0,0.303409,-0.492045,0.0,0.0,1.0
0.0300781,-5.55112e-17,-0.513047,0.0,0.30071,-0.491903,0.0,0.0,1.0
0.0289063,-5.55112e-17,-0.513906,0.0,0.298011,-0.491761,0.0,0.0,1.0
0.0277344,-5.55112e-17,-0.514766,0.0,0.295312,-0.491619,0.0,0.0,1.0
0.0265625,-1.11022e-16,-0.515625,0.0,0.292614,-0.491477,0.0,0.0,1.0
0.0287813,-1.11022e-16,-0.509375,0.0,0.295099,-0.491605,0.0,0.0,1.0
0.0309844,-5.55112e-17,-0.503125,0.0,0.297585,-0.491705,0.0,0.0,1.0
0.0332031,-1.11022e-16,-0.496875,0.0,0.300071,-0.491832,0.0,0.0,1.0
0.0354219,-1.11022e-16,-0.490625,0.0,0.302557,-0.49196,0.0,0.0,1.0
0.037625,-5.55112e-17,-0.484375,0.0,0.305043,-0.49206,0.0,0.0,1.0
0.0398437,0.0,-0.478125,0.0,0.307528,-0.492188,0.0,0.0,1.0
0.0420625,-5.55112e-17,-0.471875,0.0,0.310014,-0.492315,0.0,0.0,1.0
0.0442656,0.0,-0.465625,0.0,0.3125,-0.492415,0.0,0.0,1.0
0.0464844,-5.55112e-17,-0.459375,0.0,0.314986,-0.492543,0.0,0.0,1.0
0.0487031,-5.55112e-17,-0.453125,0.0,0.317472,-0.49267,0.0,0.0,1.0
0.0509062,0.0,-0.446875,0.0,0.319957,-0.49277,0.0,0.0,1.0
0.053125,-5.55112e-17,-0.440625,0.0,0.322443,-0.492898,0.0,0.0,1.0
0.0538047,0.0185391,-0.4375,-0.014098,0.310149,-0.481655,0.0,0.0,1.0
0.0544844,0.0370781,-0.434375,-0.0281889,0.297848,-0.470405,0.0,0.0,1.0
0.0551562,0.0556094,-0.43125,-0.0422727,0.285554,-0.459162,0.0,0.0,1.0
0.0558359,0.0741484,-0.428125,-0.0563707,0.273274,-0.447919,0.0,0.0,1.0
0.0565156,0.0926875,-0.425,-0.0704616,0.260987,-0.436669,0.0,0.0,1.0
0.0571953,0.111227,-0.421875,-0.0845668,0.248686,-0.425433,0.0,0.0,1.0
0.0596563,0.106984,-0.428125,-0.0834659,0.243111,-0.423651,0.0,0.0,1.0
0.0653906,0.121719,-0.3875,-0.10304,0.255341,-0.430398,0.0,0.0,1.0
0.0661797,0.108313,-0.409633,-0.0923651,0.256541,-0.426612,0.0,0.0,1.0
0.061707,0.105402,-0.410676,-0.0905256,0.237599,-0.438437,0.0,0.0,1.0
0.0572422,0.102492,-0.411719,-0.0886932,0.218665,-0.450284,0.0,0.0,1.0
0.0606445,0.106941,-0.409535,-0.0931534,0.230128,-0.444077,0.0,0.0,1.0
0.0640547,0.111383,-0.407344,-0.0976136,0.241605,-0.437884,0.0,0.0,1.0
0.0674609,0.115836,-0.405156,-0.102074,0.253068,-0.431676,0.0,0.0,1.0
0.0682031,0.0992734,-0.413242,-0.0874716,0.254247,-0.441037,0.0,0.0,1.0
0.0689453,0.0827266,-0.421313,-0.0728977,0.25544,-0.450384,0.0,0.0,1.0
0.0696914,0.0661836,-0.429395,-0.0583239,0.256591,-0.459744,0.0,0.0,1.0
0.0704375,0.0496328,-0.437477,-0.04375,0.257784,-0.469091,0.0,0.0,1.0
0.071168,0.0330977,-0.445559,-0.0291761,0.258977,-0.478438,0.0,0.0,1.0
0.0719102,0.0165508,-0.453637,-0.0146023,0.260156,-0.487798,0.0,0.0,1.0
0.0726563,0.0,-0.461719,0.0,0.261364,-0.497159,0.0,0.0,1.0
0.0702422,-5.55112e-17,-0.469242,0.0,0.266918,-0.497287,0.0,0.0,1.0
0.0678281,-1.11022e-16,-0.476781,0.0,0.272472,-0.497415,0.0,0.0,1.0
0.0654141,-5.55112e-17,-0.484305,0.0,0.278026,-0.497543,0.0,0.0,1.0
0.063,-5.55112e-17,-0.491828,0.0,0.28358,-0.49767,0.0,0.0,1.0
0.0605781,-1.66533e-16,-0.499359,0.0,0.289134,-0.497798,0.0,0.0,1.0
0.0581719,-5.55112e-17,-0.506891,0.0,0.294673,-0.49794,0.0,0.0,1.0
0.05575,-1.11022e-16,-0.514422,0.0,0.300227,-0.498068,0.0,0.0,1.0
0.0533359,-1.11022e-16,-0.521945,0.0,0.305781,-0.498196,0.0,0.0,1.0
0.0509219,-1.11022e-16,-0.529469,0.0,0.311335,-0.498324,0.0,0.0,1.0
0.0485078,-5.55112e-17,-0.537008,0.0,0.316889,-0.498452,0.0,0.0,1.0
0.0460938,-1.66533e-16,-0.544531,0.0,0.322443,-0.49858,0.0,0.0,1.0
0.0453906,-5.55112e-17,-0.546484,0.0,0.318892,-0.497301,0.0,0.0,1.0
0.0446875,-5.55112e-17,-0.548437,0.0,0.315341,-0.496023,0.0,0.0,1.0
0.0439844,-1.11022e-16,-0.550391,0.0,0.31179,-0.494744,0.0,0.0,1.0
0.0432812,-1.66533e-16,-0.552344,0.0,0.308239,-0.493466,0.0,0.0,1.0
0.0425781,-5.55112e-17,-0.554297,0.0,0.304688,-0.492188,0.0,0.0,1.0
0.041875,-1.11022e-16,-0.55625,0.0,0.301136,-0.490909,0.0,0.0,1.0
0.0411719,-1.11022e-16,-0.558203,0.0,0.297585,-0.489631,0.0,0.0,1.0
0.0404687,-5.55112e-17,-0.560156,0.0,0.294034,-0.488352,0.0,0.0,1.0
0.0397656,-5.55112e-17,-0.562109,0.0,0.290483,-0.487074,0.0,0.0,1.0
0.0390625,-5.55112e-17,-0.564062,0.0,0.286932,-0.485795,0.0,0.0,1.0
0.0398437,-1.11022e-16,-0.561844,0.0,0.290483,-0.487443,0.0,0.0,1.0
0.040625,-5.55112e-17,-0.559641,0.0,0.294034,-0.489119,0.0,0.0,1.0
0.0347187,-0.00100781,-0.55607,0.000426136,0.271141,-0.491339,0.0,0.0,1.0
0.0324766,-0.00132031,-0.558406,0.000525568,0.269567,-0.492621,0.0,0.0,1.0
0.0321875,-0.00572656,-0.556305,0.00226989,0.268994,-0.494278,0.0,0.0,1.0
0.0332266,-0.0178047,-0.560281,0.00699929,0.279629,-0.491234,0.0,0.0,1.0
0.033875,-0.0151953,-0.558867,0.00609375,0.279236,-0.490159,0.0,0.0,1.0
0.0352461,-0.0128242,-0.553973,0.0063196,0.236486,-0.541017,0.0,0.0,1.0
0.0377578,-0.0174922,-0.552562,0.0072429,0.301491,-0.499077,0.0,0.0,1.0
0.0366211,-0.0164102,-0.55302,0.00657813,0.301937,-0.49823,0.0,0.0,1.0
0.0373516,-0.0156094,-0.549695,0.0062706,0.307045,-0.502315,0.0,0.0,1.0
0.0377891,-0.00946094,-0.542609,0.00375852,0.315041,-0.504601,0.0,0.0,1.0
0.0360977,-0.00749609,-0.544207,0.00282812,0.316304,-0.503108,0.0,0.0,1.0
0.0362617,-0.00513672,-0.538652,0.00194886,0.315743,-0.501126,0.0,0.0,1.0
0.041125,-0.00410156,-0.53443,0.00213991,0.261279,-0.549674,0.0,0.0,1.0
0.0421094,-0.000945312,-0.536586,0.000511364,0.257122,-0.552605,0.0,0.0,1.0
0.0433477,-0.00222266,-0.528512,0.00124787,0.255897,-0.538141,0.0,0.0,1.0
0.0387891,0.00146875,-0.51357,-0.000670455,0.279893,-0.50718,0.0,0.0,1.0
0.0388555,0.00962109,-0.511707,-0.00398864,0.30998,-0.476841,0.0,0.0,1.0
0.041793,0.000855469,-0.513176,-0.000458807,0.255722,-0.516006,0.0,0.0,1.0
0.0486172,0.00359375,-0.510977,-0.00204545,0.282474,-0.476793,0.0,0.0,1.0
0.0493477,0.000816406,-0.510176,-0.000492898,0.272865,-0.481999,0.0,0.0,1.0
0.0484102,0.0173164,-0.503762,-0.00947656,0.292333,-0.456495,0.0,0.0,1.0
0.0465234,0.0235078,-0.493125,-0.0123899,0.291749,-0.441664,0.0,0.0,1.0
0.0471758,0.0245117,-0.493535,-0.0130071,0.294017,-0.442966,0.0,0.0,1.0
0.0430625,0.0257734,-0.489383,-0.0125689,0.292002,-0.444942,0.0,0.0,1.0
0.0421914,0.0258086,-0.486207,-0.0121555,0.296268,-0.451239,0.0,0.0,1.0
0.0429844,0.0250078,-0.484758,-0.012076,0.294198,-0.453119,0.0,0.0,1.0
0.0432891,0.024,-0.485836,-0.0112898,0.304348,-0.455271,0.0,0.0,1.0
0.0411172,0.0103984,-0.484875,-0.00451776,0.31283,-0.474023,0.0,0.0,1.0
0.0421875,0.0147109,-0.48457,-0.00623437,0.3293,-0.46707,0.0,0.0,1.0
0.0448906,0.00970312,-0.486422,-0.00431463,0.333982,-0.470403,0.0,0.0,1.0
0.0476875,-0.00175,-0.490766,0.00081179,0.338982,-0.481781,0.0,0.0,1.0
0.0476875,-0.00105469,-0.490867,0.000487216,0.33756,-0.484747,0.0,0.0,1.0
0.0500234,-0.00110156,-0.498234,0.000544034,0.332726,-0.490908,0.0,0.0,1.0
0.0530977,-0.00569141,-0.502605,0.00382315,0.261238,-0.559178,0.0,0.0,1.0
0.048125,-0.0192812,-0.506938,0.0093892,0.326588,-0.493023,0.0,0.0,1.0
0.0493906,-0.00996094,-0.506305,0.00585795,0.277345,-0.54351,0.0,0.0,1.0
0.0406172,-0.0199609,-0.511984,0.00830824,0.322619,-0.487349,0.0,0.0,1.0
0.0395352,-0.0216836,-0.512066,0.0088125,0.321402,-0.487084,0.0,0.0,1.0
0.0373359,-0.00978125,-0.515461,0.0037358,0.323115,-0.485686,0.0,0.0,1.0
0.0405391,-0.00821094,-0.513687,0.00340483,0.32374,-0.488939,0.0,0.0,1.0
0.0399844,-0.0101406,-0.512344,0.00412358,0.324709,-0.486783,0.0,0.0,1.0
0.0393594,-0.0147812,-0.507312,0.00591122,0.325244,-0.488937,0.0,0.0,1.0
0.0436367,-0.0205352,-0.512871,0.00903764,0.32767,-0.501391,0.0,0.0,1.0
0.0448594,-0.0204062,-0.512547,0.00900426,0.336088,-0.494724,0.0,0.0,1.0
0.0447187,-0.0258203,-0.510539,0.0112315,0.340031,-0.503511,0.0,0.0,1.0
0.0394102,-0.0382148,-0.511285,0.0149886,0.332074,-0.510156,0.0,0.0,1.0
0.0408516,-0.0315,-0.512414,0.0129418,0.328741,-0.516256,0.0,0.0,1.0
0.0464609,-0.0295938,-0.508258,0.016407,0.276994,-0.570332,0.0,0.0,1.0
0.0438437,-0.0272031,-0.500391,0.0124261,0.317433,-0.5133,0.0,0.0,1.0
0.0447344,-0.0280859,-0.500258,0.0130653,0.318038,-0.512101,0.0,0.0,1.0
0.0460703,-0.020625,-0.497789,0.0100007,0.314092,-0.510086,0.0,0.0,1.0
0.0469922,-0.0136953,-0.492469,0.00707955,0.300239,-0.504784,0.0,0.0,1.0
0.0486523,-0.0256914,-0.486168,0.0138345,0.29868,-0.50439,0.0,0.0,1.0
0.0437461,-0.0205273,-0.481691,0.0102017,0.290962,-0.497126,0.0,0.0,1.0
0.0434609,-0.0088125,-0.479086,0.00443608,0.284983,-0.495722,0.0,0.0,1.0
0.0462617,-0.00649609,-0.480973,0.00349645,0.284045,-0.494187,0.0,0.0,1.0
0.0471172,-0.00805469,-0.475203,0.00453054,0.277045,-0.500099,0.0,0.0,1.0
0.0470508,-0.00530078,-0.465559,0.00299929,0.274519,-0.501522,0.0,0.0,1.0
0.0463125,-0.00817188,-0.463109,0.00451847,0.276693,-0.501239,0.0,0.0,1.0
0.0483359,-0.00710156,-0.457563,0.00423509,0.267755,-0.506391,0.0,0.0,1.0
0.0497891,0.00148437,-0.460477,-0.000916193,0.265267,-0.51129,0.0,0.0,1.0
0.048125,-0.00109375,-0.457375,0.000676847,0.258773,-0.51312,0.0,0.0,1.0
0.0477891,-0.002875,-0.455008,0.00177557,0.255798,-0.526977,0.0,0.0,1.0
0.0417773,-0.00183203,-0.454082,0.000908381,0.279021,-0.526464,0.0,0.0,1.0
0.0426836,0.000402344,-0.454855,-0.000224432,0.256602,-0.547142,0.0,0.0,1.0
0.0416836,-0.0154336,-0.446863,0.00682173,0.311688,-0.542114,0.0,0.0,1.0
0.0453516,0.000203125,-0.443867,-0.000104403,0.276582,-0.578556,0.0,0.0,1.0
0.0439844,-0.00119531,-0.443539,0.000568892,0.305626,-0.541563,0.0,0.0,1.0
0.0473672,-0.00180469,-0.440422,0.000894176,0.315511,-0.552116,0.0,0.0,1.0
0.0466992,0.000964844,-0.43852,-0.000540483,0.27491,-0.559796,0.0,0.0,1.0
0.0449883,-0.00293359,-0.441301,0.00153196,0.285479,-0.551815,0.0,0.0,1.0
0.0433906,-0.000335938,-0.429305,0.000183239,0.260845,-0.560888,0.0,0.0,1.0
0.0395703,-0.00583594,-0.424703,0.00262571,0.290927,-0.540884,0.0,0.0,1.0
0.0398984,-0.00375,-0.424883,0.00167614,0.295109,-0.535024,0.0,0.0,1.0
0.038543,-0.0103164,-0.433043,0.00440199,0.298621,-0.536178,0.0,0.0,1.0
0.0362266,-0.000960938,-0.437781,0.000395597,0.292146,-0.535072,0.0,0.0,1.0
0.0376758,0.000457031,-0.436027,-0.000195313,0.296394,-0.536934,0.0,0.0,1.0
0.0367969,-0.00130469,-0.435148,0.000544034,0.289408,-0.541993,0.0,0.0,1.0
0.0352578,-0.00040625,-0.430664,0.000170455,0.276689,-0.540098,0.0,0.0,1.0
0.0377852,-0.00161328,-0.430449,0.00075071,0.269289,-0.547911,0.0,0.0,1.0
0.0396484,-0.0114219,-0.436133,0.00541264,0.276468,-0.532817,0.0,0.0,1.0
0.0381562,-0.0161094,-0.43575,0.00779261,0.260952,-0.539432,0.0,0.0,1.0
0.0380547,-0.0141328,-0.434625,0.00683168,0.26033,-0.544918,0.0,0.0,1.0
0.0380625,-0.0104297,-0.43382,0.00498935,0.262843,-0.539817,0.0,0.0,1.0
0.0418711,-0.00837109,-0.434254,0.00423864,0.27292,-0.539966,0.0,0.0,1.0
0.0407461,-0.00914453,-0.434738,0.00449219,0.273965,-0.54459,0.0,0.0,1.0
0.0367266,-0.0139922,-0.433937,0.00624787,0.271972,-0.540126,0.0,0.0,1.0
0.0359531,-0.00604687,-0.43125,0.00261222,0.275111,-0.544912,0.0,0.0,1.0
0.0364414,-0.000628906,-0.431543,0.000273438,0.27318,-0.545467,0.0,0.0,1.0
0.0401484,0.000164062,-0.434875,-8.52273e-05,0.247159,-0.571847,0.0,0.0,1.0
0.039875,-0.00310156,-0.436758,0.00196023,0.208868,-0.59472,0.0,0.0,1.0
0.0417695,-0.0163477,-0.440684,0.0103828,0.21745,-0.584225,0.0,0.0,1.0
0.0324023,0.0103711,-0.432387,-0.00416619,0.26649,-0.541391,0.0,0.0,1.0
0.0357969,0.0156953,-0.434289,-0.00850568,0.218422,-0.582925,0.0,0.0,1.0
0.0509688,0.0210781,-0.427141,-0.0134908,0.263313,-0.539989,0.0,0.0,1.0
0.0384766,0.0081875,-0.44207,-0.00383381,0.271768,-0.531768,0.0,0.0,1.0
0.0387266,0.00257031,-0.438469,-0.00120739,0.272213,-0.556972,0.0,0.0,1.0
0.0375586,-0.00384766,-0.442801,0.00213423,0.223533,-0.587056,0.0,0.0,1.0
0.0337617,-0.00884766,-0.441363,0.00467116,0.211585,-0.583957,0.0,0.0,1.0
0.0319648,-0.0164492,-0.442559,0.00830824,0.209263,-0.594305,0.0,0.0,1.0
0.0339531,-0.0154922,-0.445773,0.00747656,0.232424,-0.575805,0.0,0.0,1.0
0.0322266,-0.0178984,-0.447062,0.00828125,0.230314,-0.573936,0.0,0.0,1.0
0.0338711,-0.0194883,-0.447082,0.00980185,0.222606,-0.577577,0.0,0.0,1.0
0.036668,-0.0201367,-0.446785,0.0125845,0.193969,-0.593799,0.0,0.0,1.0
0.0354883,-0.0173398,-0.447996,0.00981179,0.207347,-0.587589,0.0,0.0,1.0
0.0370547,-0.0172422,-0.446625,0.0106001,0.199157,-0.593475,0.0,0.0,1.0
0.0384102,-0.0227852,-0.446441,0.0161321,0.179392,-0.59371,0.0,0.0,1.0
0.0398906,-0.0151719,-0.449828,0.0112884,0.177266,-0.598359,0.0,0.0,1.0
0.0388945,-0.0117539,-0.454934,0.00796804,0.189674,-0.584802,0.0,0.0,1.0
0.031832,-0.0193555,-0.455074,0.00921307,0.221249,-0.543195,0.0,0.0,1.0
0.0343984,-0.0225547,-0.455906,0.0113835,0.225192,-0.548984,0.0,0.0,1.0
0.0313359,-0.0210078,-0.458266,0.00967543,0.224843,-0.546931,0.0,0.0,1.0
0.0294531,-0.0225234,-0.46932,0.00958594,0.228833,-0.541546,0.0,0.0,1.0
0.0282734,-0.0174141,-0.468516,0.00707599,0.229896,-0.540379,0.0,0.0,1.0
0.0278242,-0.0178555,-0.473168,0.00709091,0.231493,-0.541109,0.0,0.0,1.0
0.0291758,-0.0163398,-0.480723,0.00682244,0.230857,-0.539607,0.0,0.0,1.0
0.0296016,-0.00982031,-0.483766,0.00414631,0.231902,-0.541476,0.0,0.0,1.0
0.0308086,-0.0125039,-0.490395,0.00555185,0.229417,-0.544658,0.0,0.0,1.0
0.0284961,-0.00897266,-0.498926,0.00362287,0.233178,-0.54967,0.0,0.0,1.0
0.0266719,-0.0126016,-0.498211,0.00466264,0.238183,-0.555967,0.0,0.0,1.0
0.0248438,-0.0112266,-0.50107,0.00386293,0.238719,-0.553606,0.0,0.0,1.0
0.023375,-0.0123906,-0.512344,0.00403196,0.237643,-0.554461,0.0,0.0,1.0
0.0239609,-0.0121406,-0.514508,0.00408878,0.235349,-0.552991,0.0,0.0,1.0
0.0283867,-0.0156523,-0.516277,0.00620597,0.236761,-0.556747,0.0,0.0,1.0
0.0298867,-0.00268359,-0.52016,0.00120455,0.220642,-0.586168,0.0,0.0,1.0
0.0307344,-0.00122656,-0.521086,0.000524858,0.237688,-0.572362,0.0,0.0,1.0
0.0295469,-0.00423437,-0.524484,0.00171804,0.241029,-0.566725,0.0,0.0,1.0
0.0291641,-0.00729688,-0.531648,0.00300781,0.234073,-0.563164,0.0,0.0,1.0
0.0290273,-0.00823047,-0.531613,0.0034517,0.228767,-0.566651,0.0,0.0,1.0
0.0306484,0.000492188,-0.529016,-0.000214489,0.231081,-0.565896,0.0,0.0,1.0
0.0314375,0.00390625,-0.529578,-0.00175923,0.231021,-0.558663,0.0,0.0,1.0
0.0314766,0.00207813,-0.52757,-0.000926847,0.232516,-0.558866,0.0,0.0,1.0
0.0317383,0.00798828,-0.529145,-0.00357741,0.234448,-0.555528,0.0,0.0,1.0
0.0313984,0.0079375,-0.530977,-0.00353764,0.232901,-0.55587,0.0,0.0,1.0
0.0336875,0.00476563,-0.530781,-0.00230256,0.230308,-0.562695,0.0,0.0,1.0
0.0309531,0.00692969,-0.534758,-0.00305256,0.232438,-0.565293,0.0,0.0,1.0
0.0276562,0.000578125,-0.536922,-0.000225142,0.239275,-0.571832,0.0,0.0,1.0
0.0276875,0.000820312,-0.538383,-0.000316761,0.233393,-0.566774,0.0,0.0,1.0
0.0282031,0.00139844,-0.536195,-0.000553977,0.235612,-0.570797,0.0,0.0,1.0
0.0283438,0.00149219,-0.531445,-0.000590199,0.239793,-0.584112,0.0,0.0,1.0
0.0286133,0.00563672,-0.531293,-0.00222798,0.239467,-0.58968,0.0,0.0,1.0
0.0279609,0.00555469,-0.529297,-0.0021875,0.234494,-0.591142,0.0,0.0,1.0
0.0316094,-0.0100938,-0.527141,0.00431037,0.244401,-0.585893,0.0,0.0,1.0
0.031707,-0.011543,-0.526895,0.00492898,0.245368,-0.5847,0.0,0.0,1.0
0.0340312,-0.0164062,-0.526469,0.0077429,0.238388,-0.5763,0.0,0.0,1.0
0.0344062,-0.0203438,-0.523422,0.00991974,0.23319,-0.570604,0.0,0.0,1.0
0.0340078,-0.0199375,-0.522539,0.00954545,0.234764,-0.568088,0.0,0.0,1.0
0.0352617,-0.0186367,-0.519855,0.00923366,0.235282,-0.562782,0.0,0.0,1.0
0.0353945,-0.0249961,-0.517051,0.0127287,0.229732,-0.55959,0.0,0.0,1.0
0.0350742,-0.022582,-0.515785,0.0114354,0.228945,-0.557085,0.0,0.0,1.0
0.0361562,-0.0251563,-0.514469,0.0131264,0.229009,-0.556139,0.0,0.0,1.0
0.0360937,-0.0268516,-0.514336,0.0147699,0.216991,-0.546651,0.0,0.0,1.0
0.0363477,-0.0253789,-0.51252,0.0137237,0.222165,-0.542762,0.0,0.0,1.0
0.0337852,-0.0283477,-0.51284,0.0143615,0.220441,-0.54304,0.0,0.0,1.0
0.033625,-0.0297109,-0.512648,0.0148757,0.221944,-0.538293,0.0,0.0,1.0
0.0333945,-0.029707,-0.512801,0.0152259,0.215416,-0.545388,0.0,0.0,1.0
0.0311094,-0.0276875,-0.513172,0.0129723,0.219461,-0.540697,0.0,0.0,1.0
0.0303867,-0.0260664,-0.509387,0.0122237,0.214312,-0.542053,0.0,0.0,1.0
0.0320195,-0.0249727,-0.508863,0.0122642,0.215401,-0.541722,0.0,0.0,1.0
0.0306484,-0.0280859,-0.508469,0.013299,0.213934,-0.540354,0.0,0.0,1.0
0.0310312,-0.0348906,-0.504594,0.0170071,0.210412,-0.543295,0.0,0.0,1.0
0.0318359,-0.0373828,-0.502156,0.0188189,0.209112,-0.540859,0.0,0.0,1.0
0.0318164,-0.0419414,-0.498809,0.021152,0.208554,-0.539023,0.0,0.0,1.0
0.0370547,-0.0176328,-0.482906,0.0126243,0.171143,-0.583969,0.0,0.0,1.0
0.0363555,-0.0221055,-0.478754,0.0161094,0.164886,-0.583352,0.0,0.0,1.0
0.0356523,-0.0164961,-0.477605,0.0116626,0.166701,-0.586317,0.0,0.0,1.0
0.0360391,-0.00950781,-0.473062,0.0067429,0.168091,-0.587281,0.0,0.0,1.0
0.0345156,-0.00920312,-0.473609,0.0062642,0.167672,-0.587913,0.0,0.0,1.0
0.0351797,-0.00710156,-0.471938,0.00495739,0.166622,-0.588028,0.0,0.0,1.0
0.0356758,-0.00662109,-0.475848,0.0040483,0.192868,-0.56095,0.0,0.0,1.0
0.0298945,-0.00546484,-0.470363,0.00306889,0.176001,-0.576455,0.0,0.0,1.0
0.0320859,-0.00620313,-0.475898,0.00345313,0.190445,-0.561965,0.0,0.0,1.0
0.0249883,-0.00773828,-0.482988,0.00314134,0.203325,-0.551123,0.0,0.0,1.0
0.0281328,-0.00644531,-0.483203,0.0029446,0.203293,-0.551119,0.0,0.0,1.0
0.026043,-0.00774609,-0.489145,0.00345455,0.192872,-0.533114,0.0,0.0,1.0
0.0269766,-0.00113281,-0.496703,0.000466619,0.217249,-0.547746,0.0,0.0,1.0
0.0268203,0.00107031,-0.496781,-0.000441051,0.214127,-0.544425,0.0,0.0,1.0
0.0282266,0.00128906,-0.498875,-0.000566761,0.21278,-0.544456,0.0,0.0,1.0
0.0315703,0.00138281,-0.504703,-0.000691761,0.210639,-0.548381,0.0,0.0,1.0
0.0369336,-0.000347656,-0.509066,0.000196023,0.218455,-0.555188,0.0,0.0,1.0
0.0323555,0.000832031,-0.504918,-0.000412642,0.214562,-0.55307,0.0,0.0,1.0
0.0290234,0.00675781,-0.508969,-0.00295739,0.21897,-0.54951,0.0,0.0,1.0
0.029,0.00604687,-0.509625,-0.0026392,0.219923,-0.540037,0.0,0.0,1.0
0.0278008,0.00430859,-0.508215,-0.00179119,0.220861,-0.546315,0.0,0.0,1.0
0.0314648,-0.0124414,-0.51759,0.00589844,0.219306,-0.536593,0.0,0.0,1.0
0.0311484,-0.0145234,-0.517859,0.00710014,0.210651,-0.545424,0.0,0.0,1.0
0.037207,-0.00482422,-0.512934,0.00342827,0.172917,-0.601255,0.0,0.0,1.0
0.0345469,-0.00160938,-0.517328,0.000862926,0.214542,-0.54342,0.0,0.0,1.0
0.0328594,-0.000648437,-0.517086,0.000403409,0.172538,-0.581771,0.0,0.0,1.0
0.0296641,-0.0127344,-0.52782,0.00690554,0.180715,-0.573215,0.0,0.0,1.0
0.0244336,0.00769922,-0.520762,-0.00279545,0.222685,-0.543807,0.0,0.0,1.0
0.0270234,-0.0107891,-0.523063,0.00456321,0.211015,-0.534353,0.0,0.0,1.0
0.0362188,0.0108438,-0.518344,-0.00609659,0.212837,-0.534669,0.0,0.0,1.0
0.0389219,0.00899219,-0.526367,-0.00664134,0.17437,-0.572523,0.0,0.0,1.0
0.0373359,0.00714844,-0.525109,-0.00433452,0.203367,-0.546421,0.0,0.0,1.0
0.0359102,-0.00103516,-0.52877,0.000568892,0.216234,-0.540097,0.0,0.0,1.0
0.0289063,0.0160313,-0.512953,-0.0067429,0.227388,-0.525158,0.0,0.0,1.0
0.0297656,0.0149766,-0.513023,-0.0064581,0.22837,-0.525344,0.0,0.0,1.0
0.0290078,0.0156641,-0.510344,-0.00662074,0.226803,-0.523195,0.0,0.0,1.0
0.0322227,0.00333203,-0.505285,-0.00153551,0.231007,-0.52649,0.0,0.0,1.0
0.031625,0.00429688,-0.506078,-0.00192045,0.23381,-0.522886,0.0,0.0,1.0
0.0332461,0.00375391,-0.50302,-0.00174574,0.236355,-0.52154,0.0,0.0,1.0
0.0368125,0.0079375,-0.496875,-0.00444105,0.217798,-0.516675,0.0,0.0,1.0
0.0400664,0.00598047,-0.498543,-0.00413139,0.191891,-0.551139,0.0,0.0,1.0
0.0338594,-0.00769531,-0.490727,0.00380469,0.2264,-0.509724,0.0,0.0,1.0
0.0378906,0.00174219,-0.484352,-0.000950284,0.229499,-0.504286,0.0,0.0,1.0
0.0396523,0.00452734,-0.479379,-0.00265128,0.224441,-0.510535,0.0,0.0,1.0
0.038543,0.000816406,-0.472605,-0.000463778,0.225898,-0.499776,0.0,0.0,1.0
0.0455781,0.000296875,-0.472047,-0.000205966,0.21647,-0.497749,0.0,0.0,1.0
0.0467969,0.0069375,-0.472016,-0.00474858,0.225793,-0.496929,0.0,0.0,1.0
0.0445391,0.00353125,-0.465586,-0.00231534,0.22402,-0.493381,0.0,0.0,1.0
0.0402148,0.00112109,-0.452277,-0.000809659,0.183594,-0.507841,0.0,0.0,1.0
0.0416328,0.00046875,-0.455461,-0.000355114,0.182727,-0.508537,0.0,0.0,1.0
0.0425664,0.00473047,-0.448113,-0.00329545,0.202045,-0.479489,0.0,0.0,1.0
0.0412891,-0.001625,-0.441414,0.00109375,0.202827,-0.472955,0.0,0.0,1.0
0.0405156,0.000445313,-0.442414,-0.000291193,0.202351,-0.466044,0.0,0.0,1.0
0.0464258,0.0164258,-0.435504,-0.0133523,0.193608,-0.474744,0.0,0.0,1.0
0.0379141,0.0359844,-0.424867,-0.0239773,0.188139,-0.479304,0.0,0.0,1.0
0.0371992,0.0431133,-0.427012,-0.0300994,0.176108,-0.478594,0.0,0.0,1.0
0.0336172,0.042125,-0.42107,-0.0237145,0.197393,-0.462294,0.0,0.0,1.0
0.0297734,0.036125,-0.415758,-0.0176065,0.201996,-0.471726,0.0,0.0,1.0
0.0299414,0.0351523,-0.416215,-0.0172443,0.201747,-0.471605,0.0,0.0,1.0
0.0287656,0.0287188,-0.415828,-0.0132599,0.20593,-0.472124,0.0,0.0,1.0
0.0291484,0.0293203,-0.417875,-0.0146307,0.193097,-0.477415,0.0,0.0,1.0
0.0292344,0.0317969,-0.417141,-0.0163139,0.188359,-0.478459,0.0,0.0,1.0
0.0296406,0.0312578,-0.418539,-0.0160724,0.190618,-0.475604,0.0,0.0,1.0
0.0306836,0.0210195,-0.421848,-0.0119318,0.178736,-0.48294,0.0,0.0,1.0
0.0288086,0.0240664,-0.41802,-0.0115412,0.198615,-0.462791,0.0,0.0,1.0
0.0314492,0.0229414,-0.423699,-0.0137571,0.173374,-0.482038,0.0,0.0,1.0
0.0364766,0.0227344,-0.429914,-0.0156676,0.174858,-0.477912,0.0,0.0,1.0
0.0359297,0.0141016,-0.428281,-0.00912642,0.183501,-0.47397,0.0,0.0,1.0
0.0360937,0.00844531,-0.434523,-0.00544034,0.18527,-0.475455,0.0,0.0,1.0
0.0288984,0.0318438,-0.433383,-0.0159446,0.190874,-0.465945,0.0,0.0,1.0
0.0379844,0.00191406,-0.442648,-0.0012358,0.196449,-0.463224,0.0,0.0,1.0
0.0277422,0.0261016,-0.43925,-0.0122727,0.195071,-0.463906,0.0,0.0,1.0
0.028418,0.0197227,-0.447379,-0.00947443,0.195582,-0.462273,0.0,0.0,1.0
0.0328086,0.000824219,-0.455871,-0.000440341,0.202344,-0.46267,0.0,0.0,1.0
0.0300234,-0.00307812,-0.459477,0.00149148,0.204943,-0.465952,0.0,0.0,1.0
0.0268945,0.00627734,-0.455723,-0.00257813,0.216286,-0.476314,0.0,0.0,1.0
0.0252891,0.00584375,-0.457086,-0.00233665,0.209411,-0.47978,0.0,0.0,1.0
0.0343047,-0.0213984,-0.464609,0.0112926,0.214858,-0.477855,0.0,0.0,1.0
0.0318086,-0.019957,-0.475582,0.00927628,0.226336,-0.490498,0.0,0.0,1.0
0.0337383,-0.0166836,-0.475832,0.00832031,0.223633,-0.492354,0.0,0.0,1.0
0.0318359,-0.0211406,-0.475367,0.00964986,0.230516,-0.494962,0.0,0.0,1.0
0.0309219,-0.0312578,-0.476883,0.0139041,0.229813,-0.499941,0.0,0.0,1.0
0.0321211,-0.0308008,-0.477012,0.0143196,0.228362,-0.502453,0.0,0.0,1.0
0.0346719,-0.0335781,-0.479813,0.0173303,0.22216,-0.491194,0.0,0.0,1.0
0.0379453,-0.0366406,-0.484148,0.0207223,0.221859,-0.490452,0.0,0.0,1.0
0.0367031,-0.0305469,-0.484234,0.0162997,0.227294,-0.487678,0.0,0.0,1.0
0.0317422,-0.0189687,-0.482555,0.00867898,0.22929,-0.477827,0.0,0.0,1.0
0.0419062,-0.0312656,-0.497094,0.0200987,0.215582,-0.482073,0.0,0.0,1.0
0.0397969,-0.0259297,-0.498945,0.0158097,0.21571,-0.480355,0.0,0.0,1.0
0.033625,-0.0193047,-0.498414,0.00983665,0.218217,-0.470021,0.0,0.0,1.0
0.0357695,-0.0340508,-0.50691,0.0194176,0.207372,-0.476619,0.0,0.0,1.0
0.0371641,-0.0373906,-0.506102,0.0223722,0.205355,-0.475824,0.0,0.0,1.0
0.0375703,-0.0327969,-0.507789,0.0197656,0.20603,-0.475419,0.0,0.0,1.0
0.0321133,-0.024168,-0.517973,0.012017,0.213665,-0.47,0.0,0.0,1.0
0.0321133,-0.0241758,-0.515449,0.0122727,0.209077,-0.470724,0.0,0.0,1.0
0.035668,-0.0238555,-0.516363,0.013054,0.21544,-0.477841,0.0,0.0,1.0
0.0325469,-0.0187109,-0.526023,0.00918324,0.219197,-0.483544,0.0,0.0,1.0
0.0330859,-0.014375,-0.527852,0.00725142,0.216811,-0.483814,0.0,0.0,1.0
0.0381406,-0.00783594,-0.534039,0.00452415,0.218203,-0.488643,0.0,0.0,1.0
0.0293594,-0.0273125,-0.539688,0.0122195,0.216921,-0.503825,0.0,0.0,1.0
0.0300234,-0.029125,-0.540867,0.0132777,0.217724,-0.500977,0.0,0.0,1.0
0.0296602,-0.0268398,-0.541863,0.0122592,0.214532,-0.50841,0.0,0.0,1.0
0.0280859,-0.0186875,-0.541805,0.0075902,0.228417,-0.513104,0.0,0.0,1.0
0.0272187,-0.013875,-0.541016,0.00544176,0.229376,-0.514447,0.0,0.0,1.0
0.0284219,-0.0162187,-0.539094,0.00667614,0.228166,-0.51757,0.0,0.0,1.0
0.0275234,-0.000648437,-0.53375,0.000255682,0.232859,-0.517035,0.0,0.0,1.0
0.0274336,-0.000996094,-0.533512,0.000396307,0.229614,-0.516091,0.0,0.0,1.0
0.0308672,0.00139063,-0.527555,-0.00065625,0.215837,-0.523933,0.0,0.0,1.0
0.0345508,-0.00125391,-0.518645,0.000664773,0.216366,-0.514449,0.0,0.0,1.0
0.0360195,-0.00129297,-0.518574,0.00078196,0.196116,-0.534113,0.0,0.0,1.0
0.0345703,-0.0001875,-0.517086,0.000100142,0.211387,-0.512594,0.0,0.0,1.0
0.0382813,-1.11022e-16,-0.513281,0.0,0.208807,-0.495739,0.0,0.0,1.0
0.0401016,-5.55112e-17,-0.51068,0.0,0.209517,-0.490284,0.0,0.0,1.0
0.0419297,-5.55112e-17,-0.50807,0.0,0.210227,-0.484858,0.0,0.0,1.0
0.04375,-5.55112e-17,-0.505469,0.0,0.210938,-0.479403,0.0,0.0,1.0
0.0455703,-1.11022e-16,-0.502867,0.0,0.211648,-0.473949,0.0,0.0,1.0
0.0473984,-1.11022e-16,-0.500258,0.0,0.212358,-0.468523,0.0,0.0,1.0
0.0478906,-5.55112e-17,-0.500625,0.0,0.212287,-0.467543,0.0,0.0,1.0
0.0483906,-5.55112e-17,-0.500984,0.0,0.212216,-0.466591,0.0,0.0,1.0
0.0488828,-1.11022e-16,-0.501352,0.0,0.212145,-0.465611,0.0,0.0,1.0
0.049375,-1.11022e-16,-0.501719,0.0,0.212074,-0.464631,0.0,0.0,1.0
0.0498672,-5.55112e-17,-0.502086,0.0,0.212003,-0.463651,0.0,0.0,1.0
0.0503672,-1.11022e-16,-0.502445,0.0,0.211932,-0.462699,0.0,0.0,1.0
0.0508594,-5.55112e-17,-0.502813,0.0,0.211861,-0.461719,0.0,0.0,1.0
0.0513516,-1.11022e-16,-0.50318,0.0,0.21179,-0.460739,0.0,0.0,1.0
0.0518516,-5.55112e-17,-0.503539,0.0,0.211719,-0.459787,0.0,0.0,1.0
0.0523437,-5.55112e-17,-0.503906,0.0,0.211648,-0.458807,0.0,0.0,1.0
0.0523437,-5.55112e-17,-0.503906,0.0,0.21392,-0.45767,0.0,0.0,1.0
0.0523437,-5.55112e-17,-0.503906,0.0,0.216193,-0.456534,0.0,0.0,1.0
0.0523437,-5.55112e-17,-0.503906,0.0,0.218466,-0.455398,0.0,0.0,1.0
0.0329648,-0.0103242,-0.515895,0.00515625,0.218466,-0.463736,0.0,0.0,1.0
0.0523437,-5.55112e-17,-0.503906,0.0,0.223011,-0.453125,0.0,0.0,1.0
0.0412578,-0.00310938,-0.499539,0.00207386,0.204148,-0.473494,0.0,0.0,1.0
0.0300742,-0.0434102,-0.509996,0.0199858,0.215966,-0.452656,0.0,0.0,1.0
0.0474727,0.00919141,-0.494309,-0.00889205,0.162273,-0.515682,0.0,0.0,1.0
0.0419922,-0.000195313,-0.490828,0.000142045,0.185795,-0.483665,0.0,0.0,1.0
0.045043,0.00189453,-0.488871,-0.00151989,0.18544,-0.490312,0.0,0.0,1.0
0.0377695,-0.00525391,-0.490887,0.00349432,0.187628,-0.485668,0.0,0.0,1.0
0.0339531,-0.0286797,-0.490414,0.0144176,0.223224,-0.450398,0.0,0.0,1.0
0.0359414,-0.0276289,-0.490848,0.0144602,0.227003,-0.448821,0.0,0.0,1.0
0.0326289,-0.0318555,-0.488777,0.0151563,0.226634,-0.448438,0.0,0.0,1.0
0.0373828,-0.0260625,-0.494273,0.0141974,0.226754,-0.449865,0.0,0.0,1.0
0.0361602,-0.021918,-0.489754,0.012777,0.205064,-0.472706,0.0,0.0,1.0
0.0380781,-0.0210859,-0.495523,0.012017,0.220923,-0.458139,0.0,0.0,1.0
0.0394141,-0.0217656,-0.499586,0.0130114,0.217869,-0.46642,0.0,0.0,1.0
0.0361406,-0.0216172,-0.495227,0.0127273,0.203068,-0.481506,0.0,0.0,1.0
0.0366016,-0.0165703,-0.500188,0.00941761,0.212855,-0.462102,0.0,0.0,1.0
0.0366094,-0.0163906,-0.501547,0.00942472,0.210391,-0.480845,0.0,0.0,1.0
0.0327617,-0.0118633,-0.49827,0.00641335,0.200121,-0.488771,0.0,0.0,1.0
0.0301641,-0.0127031,-0.501055,0.00606534,0.208679,-0.483381,0.0,0.0,1.0
0.0308555,-0.0143633,-0.508285,0.00627131,0.233615,-0.47157,0.0,0.0,1.0
0.0302461,-0.0149258,-0.508707,0.00636364,0.234432,-0.471051,0.0,0.0,1.0
0.0294844,-0.0177813,-0.510422,0.00723224,0.239704,-0.477076,0.0,0.0,1.0
0.02725,-0.00550781,-0.50693,0.00203338,0.243952,-0.490444,0.0,0.0,1.0
0.0241992,-0.00801172,-0.503801,0.00265057,0.242287,-0.491847,0.0,0.0,1.0
0.0300039,-0.00383984,-0.507652,0.00156321,0.24335,-0.484259,0.0,0.0,1.0
0.0322969,-0.00546094,-0.504789,0.00235795,0.247412,-0.491616,0.0,0.0,1.0
0.0319102,0.000378906,-0.505676,-0.000158381,0.248153,-0.486519,0.0,0.0,1.0
0.0317969,0.00842187,-0.504,-0.00351918,0.251873,-0.483066,0.0,0.0,1.0
0.0347266,0.0201406,-0.496742,-0.00936719,0.24671,-0.487945,0.0,0.0,1.0
0.0341055,0.0215352,-0.496746,-0.00988139,0.2458,-0.484153,0.0,0.0,1.0
0.0381406,0.0275938,-0.494453,-0.0145462,0.239305,-0.483538,0.0,0.0,1.0
0.0363906,0.0317422,-0.486398,-0.0164027,0.232908,-0.476502,0.0,0.0,1.0
0.0355781,0.0333828,-0.486242,-0.0163786,0.239802,-0.472856,0.0,0.0,1.0
0.0334844,0.0311875,-0.484531,-0.0146847,0.235097,-0.466915,0.0,0.0,1.0
0.0344297,0.0280313,-0.483383,-0.0138707,0.229922,-0.454936,0.0,0.0,1.0
0.0360273,0.0338164,-0.480848,-0.0209943,0.191847,-0.483011,0.0,0.0,1.0
0.0327578,0.0191641,-0.487484,-0.00887074,0.233999,-0.446385,0.0,0.0,1.0
0.0341367,0.0226758,-0.487387,-0.0113068,0.226278,-0.441619,0.0,0.0,1.0
0.0328594,0.0230234,-0.487086,-0.0110724,0.225959,-0.439411,0.0,0.0,1.0
0.0343164,0.0108789,-0.489355,-0.00648437,0.190391,-0.475604,0.0,0.0,1.0
0.0410039,0.0499258,-0.486676,-0.0443679,0.152536,-0.477777,0.0,0.0,1.0
0.0399531,0.0574844,-0.4775,-0.0457386,0.165994,-0.458438,0.0,0.0,1.0
-0.0418516,-0.0600078,-0.480922,0.0481108,-0.172557,-0.447457,0.0,0.0,1.0
0.0444219,0.0650234,-0.488414,-0.0526918,0.181214,-0.437805,0.0,0.0,1.0
0.0399336,0.0527383,-0.487613,-0.0317259,0.219467,-0.424496,0.0,0.0,1.0
0.0387852,0.0370117,-0.498301,-0.0198935,0.238615,-0.424837,0.0,0.0,1.0
0.0381484,0.0401328,-0.5045,-0.0201847,0.250767,-0.422969,0.0,0.0,1.0
0.0334453,0.0305156,-0.507008,-0.0132244,0.25517,-0.42331,0.0,0.0,1.0
0.0324219,0.0263281,-0.509078,-0.0110298,0.255803,-0.421768,0.0,0.0,1.0
0.0355625,0.0191953,-0.508773,-0.00856534,0.263281,-0.42608,0.0,0.0,1.0
0.0355078,0.00953125,-0.513508,-0.00417614,0.267969,-0.435298,0.0,0.0,1.0
0.0416875,0.00257031,-0.515492,-0.00132102,0.267884,-0.43929,0.0,0.0,1.0
0.0393633,-0.00252734,-0.514957,0.0012358,0.26625,-0.43348,0.0,0.0,1.0
0.031,-0.0137656,-0.519422,0.00526989,0.267784,-0.43652,0.0,0.0,1.0
0.032668,-0.0113242,-0.519012,0.00454545,0.269616,-0.43402,0.0,0.0,1.0
0.0340391,-0.0210938,-0.516414,0.00899148,0.263849,-0.435455,0.0,0.0,1.0
0.0402539,-0.0309336,-0.517293,0.0162926,0.252614,-0.426662,0.0,0.0,1.0
0.0406289,-0.028832,-0.51634,0.0153338,0.252465,-0.42282,0.0,0.0,1.0
0.0400859,-0.0309375,-0.516727,0.0164915,0.248693,-0.423111,0.0,0.0,1.0
0.0423164,-0.0269492,-0.517504,0.0150426,0.250568,-0.413082,0.0,0.0,1.0
0.0408672,-0.0290078,-0.5165,0.015831,0.247607,-0.414283,0.0,0.0,1.0
0.0404297,-0.0273359,-0.517313,0.014581,0.250518,-0.414112,0.0,0.0,1.0
0.0386602,-0.0268867,-0.512301,0.013608,0.252429,-0.41669,0.0,0.0,1.0
0.0382578,-0.0272656,-0.510836,0.0138565,0.248956,-0.417834,0.0,0.0,1.0
0.0393672,-0.0289375,-0.511273,0.0149432,0.251918,-0.424332,0.0,0.0,1.0
0.0405508,-0.0269258,-0.517113,0.0139915,0.257955,-0.435497,0.0,0.0,1.0
0.0401758,-0.0302852,-0.515488,0.0157102,0.25608,-0.435256,0.0,0.0,1.0
0.0402344,-0.0304062,-0.517547,0.0155831,0.259504,-0.446989,0.0,0.0,1.0
0.0380391,-0.0311641,-0.519844,0.0142358,0.275214,-0.459959,0.0,0.0,1.0
0.0395781,-0.0259141,-0.520492,0.0117457,0.28874,-0.451084,0.0,0.0,1.0
0.0380391,-0.0302891,-0.519234,0.0130788,0.291326,-0.456511,0.0,0.0,1.0
0.0359336,-0.0240195,-0.516246,0.00944389,0.3022,-0.466475,0.0,0.0,1.0
0.0373672,-0.0234687,-0.514164,0.00962997,0.301079,-0.465624,0.0,0.0,1.0
0.0366719,-0.0242109,-0.51457,0.00974432,0.301222,-0.473182,0.0,0.0,1.0
0.0361406,-0.0203359,-0.50718,0.00805327,0.301708,-0.477546,0.0,0.0,1.0
0.0378711,-0.0139961,-0.503895,0.00572869,0.30567,-0.475628,0.0,0.0,1.0
0.0425859,-0.0122969,-0.496664,0.00562855,0.307444,-0.471989,0.0,0.0,1.0
0.0455313,-0.00353125,-0.487,0.00174787,0.303772,-0.470349,0.0,0.0,1.0
0.0380547,-0.0114531,-0.493383,0.00470241,0.306421,-0.464674,0.0,0.0,1.0
0.0368125,-0.00435938,-0.49275,0.00173224,0.306644,-0.469741,0.0,0.0,1.0
0.0509844,-5.55112e-17,-0.500391,0.0,0.303082,-0.463253,0.0,0.0,1.0
0.0496094,-5.55112e-17,-0.500781,0.0,0.300071,-0.462713,0.0,0.0,1.0
0.0482344,-5.55112e-17,-0.501172,0.0,0.29706,-0.462173,0.0,0.0,1.0
0.046875,-1.11022e-16,-0.501562,0.0,0.294034,-0.461648,0.0,0.0,1.0
0.0474375,-1.11022e-16,-0.503125,0.0,0.296477,-0.462813,0.0,0.0,1.0
0.0480156,-1.66533e-16,-0.504687,0.0,0.298949,-0.463977,0.0,0.0,1.0
0.0485781,-5.55112e-17,-0.50625,0.0,0.301392,-0.465142,0.0,0.0,1.0
0.0491406,-1.11022e-16,-0.507812,0.0,0.303849,-0.466293,0.0,0.0,1.0
0.0497187,-5.55112e-17,-0.509375,0.0,0.306293,-0.467457,0.0,0.0,1.0
0.0502812,-5.55112e-17,-0.510938,0.0,0.308764,-0.468622,0.0,0.0,1.0
0.0508594,-1.11022e-16,-0.5125,0.0,0.311207,-0.469787,0.0,0.0,1.0
0.0514219,-5.55112e-17,-0.514063,0.0,0.313665,-0.470937,0.0,0.0,1.0
0.0519844,-1.11022e-16,-0.515625,0.0,0.316108,-0.472102,0.0,0.0,1.0
0.0525625,-5.55112e-17,-0.517187,0.0,0.31858,-0.473267,0.0,0.0,1.0
0.053125,-1.11022e-16,-0.51875,0.0,0.321023,-0.474432,0.0,0.0,1.0
0.0548984,-0.0145,-0.523617,0.00829545,0.327656,-0.474759,0.0,0.0,1.0
0.0566719,-0.0289922,-0.528477,0.0166051,0.33429,-0.475071,0.0,0.0,1.0
0.0447734,-0.0499531,-0.532836,0.0230547,0.320732,-0.477764,0.0,0.0,1.0
0.0605469,-0.0565625,-0.545719,0.0386925,0.292599,-0.484104,0.0,0.0,1.0
0.0603828,-0.0523672,-0.547781,0.0343842,0.304056,-0.479638,0.0,0.0,1.0
0.0567891,-0.0227969,-0.541133,0.0131683,0.325006,-0.467719,0.0,0.0,1.0
0.0557773,-0.0170664,-0.539473,0.00987216,0.318812,-0.455702,0.0,0.0,1.0
0.054875,-0.0147031,-0.536687,0.00839489,0.317757,-0.455044,0.0,0.0,1.0
0.0577383,-0.0167617,-0.541715,0.0101705,0.314523,-0.453074,0.0,0.0,1.0
0.0584648,-0.0178711,-0.545902,0.0111683,0.309181,-0.447988,0.0,0.0,1.0
0.0522695,-0.0189023,-0.538816,0.0104226,0.313495,-0.449063,0.0,0.0,1.0
0.050332,-0.0243164,-0.538426,0.012995,0.311386,-0.445746,0.0,0.0,1.0
0.0486367,-0.0231445,-0.538887,0.0118445,0.314222,-0.448143,0.0,0.0,1.0
0.0477734,-0.0227734,-0.537531,0.0113935,0.315643,-0.447518,0.0,0.0,1.0
0.0460078,-0.0213047,-0.534781,0.0103878,0.311803,-0.459658,0.0,0.0,1.0
0.0447891,-0.0116953,-0.519344,0.00545384,0.317452,-0.464356,0.0,0.0,1.0
0.0425547,-0.0163203,-0.518547,0.00721662,0.318201,-0.46536,0.0,0.0,1.0
0.0445547,-0.0137813,-0.515445,0.00622443,0.325959,-0.467237,0.0,0.0,1.0
0.0461953,0.000140625,-0.496055,-6.96023e-05,0.314524,-0.481214,0.0,0.0,1.0
0.05175,0.00146875,-0.495297,-0.000796875,0.315026,-0.47906,0.0,0.0,1.0
0.0536563,0.0095,-0.486047,-0.00542614,0.310629,-0.485516,0.0,0.0,1.0
0.0520156,0.0167813,-0.459578,-0.0091946,0.313808,-0.491749,0.0,0.0,1.0
0.0513594,0.0171016,-0.460289,-0.00933168,0.311215,-0.488701,0.0,0.0,1.0
0.0528984,0.0117891,-0.453031,-0.00664702,0.310308,-0.494938,0.0,0.0,1.0
0.05675,0.000578125,-0.440344,-0.00034304,0.312609,-0.502893,0.0,0.0,1.0
0.0561953,0.00123438,-0.436836,-0.000698153,0.326911,-0.504852,0.0,0.0,1.0
0.0581406,-0.00357031,-0.432945,0.00214347,0.320101,-0.504291,0.0,0.0,1.0
0.0526719,0.00240625,-0.424047,-0.00127699,0.328327,-0.512361,0.0,0.0,1.0
0.0489453,-0.00660938,-0.416805,0.00332457,0.32154,-0.519779,0.0,0.0,1.0
0.0475,-0.00785938,-0.412781,0.00371023,0.332351,-0.512393,0.0,0.0,1.0
0.045,0.0255625,-0.400281,-0.01162,0.327288,-0.516038,0.0,0.0,1.0
0.038625,0.0127266,-0.40207,-0.00488991,0.332127,-0.516871,0.0,0.0,1.0
0.0324219,0.0159219,-0.393328,-0.00509872,0.334786,-0.516647,0.0,0.0,1.0
0.0450625,0.0195781,-0.373812,-0.00923438,0.315854,-0.538638,0.0,0.0,1.0
0.0435391,0.0226797,-0.370438,-0.0104439,0.312506,-0.531043,0.0,0.0,1.0
0.0476016,0.0065625,-0.371289,-0.00316619,0.326349,-0.527983,0.0,0.0,1.0
0.0512344,0.0377734,-0.343023,-0.0197415,0.324166,-0.507433,0.0,0.0,1.0
0.0523242,0.0364961,-0.341746,-0.0191321,0.329986,-0.507898,0.0,0.0,1.0
0.0493477,0.0253711,-0.327973,-0.0125312,0.330179,-0.507139,0.0,0.0,1.0
0.0508828,0.0114219,-0.32243,-0.00586719,0.327266,-0.50336,0.0,0.0,1.0
0.0472852,0.00611328,-0.314824,-0.00299716,0.319085,-0.501997,0.0,0.0,1.0
0.0534922,0.00111719,-0.304359,-0.00062571,0.315523,-0.493876,0.0,0.0,1.0
0.0488281,0.00371875,-0.304141,-0.00187713,0.319462,-0.497871,0.0,0.0,1.0
0.0550234,0.00124219,-0.307563,-0.000710227,0.318963,-0.499588,0.0,0.0,1.0
0.0466563,0.0401719,-0.295703,-0.020549,0.3016,-0.475194,0.0,0.0,1.0
0.0390469,0.0345,-0.294813,-0.0146875,0.303168,-0.481974,0.0,0.0,1.0
0.0520234,0.0412422,-0.302703,-0.0237053,0.299235,-0.461749,0.0,0.0,1.0
0.0745234,0.0319219,-0.29157,-0.0285831,0.275087,-0.481707,0.0,0.0,1.0
0.0712812,0.0361641,-0.294836,-0.0313054,0.272233,-0.48246,0.0,0.0,1.0
0.0651758,0.0328008,-0.306832,-0.026267,0.269026,-0.476568,0.0,0.0,1.0
0.0596719,0.0269219,-0.316687,-0.019103,0.277984,-0.46635,0.0,0.0,1.0
0.0594844,0.0265156,-0.316547,-0.0191371,0.272437,-0.469979,0.0,0.0,1.0
0.0561016,0.0331406,-0.321586,-0.0224865,0.273343,-0.468869,0.0,0.0,1.0
0.0559258,0.0239805,-0.321059,-0.0158267,0.280109,-0.469683,0.0,0.0,1.0
0.0526016,0.0290859,-0.326922,-0.0179411,0.281917,-0.469346,0.0,0.0,1.0
0.0404453,0.0192969,-0.329898,-0.00896875,0.287493,-0.471342,0.0,0.0,1.0
0.0359531,0.0181797,-0.331648,-0.00735724,0.293782,-0.47881,0.0,0.0,1.0
0.0363672,0.0175469,-0.331695,-0.00713352,0.295609,-0.47953,0.0,0.0,1.0
0.0376289,0.0171602,-0.331824,-0.00718679,0.297001,-0.482058,0.0,0.0,1.0
0.0441133,0.018793,-0.334832,-0.00898935,0.304883,-0.494812,0.0,0.0,1.0
0.0460078,0.0212031,-0.335102,-0.010669,0.302165,-0.494849,0.0,0.0,1.0
0.0449688,0.0206563,-0.337078,-0.0101555,0.302362,-0.499023,0.0,0.0,1.0
0.0405977,-0.00304297,-0.34098,0.00132315,0.308087,-0.489835,0.0,0.0,1.0
0.0397734,-0.00216406,-0.341328,0.000932528,0.307273,-0.494518,0.0,0.0,1.0
0.0401758,-0.000769531,-0.335465,0.000326705,0.313189,-0.483885,0.0,0.0,1.0
0.0397422,-0.00821094,-0.338875,0.00353764,0.304789,-0.484519,0.0,0.0,1.0
0.0371016,-0.0130937,-0.339383,0.0053125,0.302349,-0.479139,0.0,0.0,1.0
0.0387305,-0.00919141,-0.337566,0.00394744,0.2982,-0.484109,0.0,0.0,1.0
0.0394219,-0.0141641,-0.341445,0.00598011,0.308541,-0.493016,0.0,0.0,1.0
0.0423125,-0.00821875,-0.341406,0.00407528,0.282091,-0.470912,0.0,0.0,1.0
0.0414023,-0.00898828,-0.343965,0.00438849,0.280286,-0.471124,0.0,0.0,1.0
0.0415508,-0.00903516,-0.347871,0.00423509,0.292954,-0.474942,0.0,0.0,1.0
0.0382109,-0.009875,-0.346352,0.00424787,0.293546,-0.47339,0.0,0.0,1.0
0.0363906,-0.00973438,-0.347719,0.00376065,0.311688,-0.484288,0.0,0.0,1.0
0.0370156,-0.01175,-0.35575,0.00474574,0.30271,-0.484585,0.0,0.0,1.0
0.0374961,-0.00951172,-0.353543,0.00383381,0.307622,-0.475776,0.0,0.0,1.0
0.0383672,-0.0116484,-0.358187,0.00483381,0.305432,-0.487108,0.0,0.0,1.0
0.0410781,-0.0117188,-0.364453,0.00526989,0.301973,-0.483322,0.0,0.0,1.0
0.0401328,-0.0120937,-0.364227,0.00535227,0.299898,-0.48031,0.0,0.0,1.0
0.0422734,-0.0109609,-0.364875,0.00518679,0.295323,-0.473633,0.0,0.0,1.0
0.0480938,-0.00176562,-0.367453,0.000939631,0.297827,-0.465441,0.0,0.0,1.0
0.0464766,-0.0005625,-0.363273,0.000285511,0.300068,-0.465125,0.0,0.0,1.0
0.0397813,0.0013125,-0.358219,-0.000585227,0.294345,-0.464132,0.0,0.0,1.0
0.0436914,0.000363281,-0.365551,-0.000171875,0.300672,-0.47357,0.0,0.0,1.0
0.0467812,0.000546875,-0.369391,-0.000289773,0.284403,-0.456562,0.0,0.0,1.0
0.047582,0.00863672,-0.365473,-0.00478409,0.284094,-0.458937,0.0,0.0,1.0
0.0367383,-0.00474609,-0.375332,0.00197798,0.290762,-0.469952,0.0,0.0,1.0
0.0373203,-0.00365625,-0.37607,0.00157599,0.285988,-0.462934,0.0,0.0,1.0
0.0371953,-0.00478125,-0.377477,0.00201989,0.290511,-0.46875,0.0,0.0,1.0
0.0361523,-0.00604297,-0.378949,0.00248509,0.290816,-0.46995,0.0,0.0,1.0
0.0353125,-0.008375,-0.376484,0.00331179,0.294982,-0.475053,0.0,0.0,1.0
0.0384766,-0.00845313,-0.380039,0.0037642,0.285516,-0.466212,0.0,0.0,1.0
0.0432578,-0.0129609,-0.375828,0.00640554,0.289403,-0.472031,0.0,0.0,1.0
0.0427695,-0.0144648,-0.375941,0.00714489,0.286232,-0.468263,0.0,0.0,1.0
0.0472656,-0.000234375,-0.383828,0.000127131,0.285629,-0.46445,0.0,0.0,1.0
0.0518828,0.00988281,-0.390641,-0.00601349,0.281735,-0.47513,0.0,0.0,1.0
0.0503086,0.00934766,-0.388699,-0.00563849,0.275775,-0.478374,0.0,0.0,1.0
0.0501641,0.010375,-0.389133,-0.00616761,0.278776,-0.477696,0.0,0.0,1.0
0.0526484,0.0179766,-0.392281,-0.0117195,0.267004,-0.459489,0.0,0.0,1.0
0.0531953,0.0212344,-0.391633,-0.0141136,0.26454,-0.456997,0.0,0.0,1.0
0.0501289,0.0237461,-0.396309,-0.0151044,0.26046,-0.450957,0.0,0.0,1.0
0.0491758,0.0254883,-0.399027,-0.0162642,0.254687,-0.430128,0.0,0.0,1.0
0.0497187,0.0271172,-0.399773,-0.0175994,0.253409,-0.428821,0.0,0.0,1.0
0.0492773,0.0229102,-0.404098,-0.0152557,0.244616,-0.427145,0.0,0.0,1.0
0.0493828,0.0125625,-0.414477,-0.0084233,0.243594,-0.420142,0.0,0.0,1.0
0.0504844,0.0151484,-0.414133,-0.0102273,0.247301,-0.42071,0.0,0.0,1.0
0.0489219,0.00842969,-0.416992,-0.00546165,0.249382,-0.426271,0.0,0.0,1.0
0.0485469,-0.00688281,-0.427258,0.0047017,0.235313,-0.422514,0.0,0.0,1.0
0.0470977,-0.0106289,-0.424613,0.00696023,0.237628,-0.425014,0.0,0.0,1.0
0.0457773,-0.0120977,-0.431629,0.00783381,0.233643,-0.421044,0.0,0.0,1.0
0.047418,-0.0238555,-0.44141,0.0155966,0.239744,-0.419205,0.0,0.0,1.0
0.0435898,-0.0333555,-0.439902,0.0203551,0.236094,-0.415085,0.0,0.0,1.0
0.0433672,-0.0388594,-0.444586,0.0233097,0.239006,-0.415412,0.0,0.0,1.0
0.0431406,-0.0556172,-0.45232,0.0346378,0.229013,-0.412734,0.0,0.0,1.0
0.0422031,-0.0586797,-0.452227,0.0360227,0.227216,-0.409318,0.0,0.0,1.0
0.0417305,-0.0587305,-0.455746,0.0361719,0.223984,-0.411001,0.0,0.0,1.0
0.039332,-0.058543,-0.464684,0.0334304,0.227663,-0.417479,0.0,0.0,1.0
0.0360586,-0.0333086,-0.467949,0.0160795,0.246847,-0.418409,0.0,0.0,1.0
0.0409375,-0.0550469,-0.469375,0.0325142,0.229119,-0.418906,0.0,0.0,1.0
0.0394883,-0.0518477,-0.470965,0.0280682,0.241136,-0.419744,0.0,0.0,1.0
0.03825,-0.0521719,-0.472906,0.0273722,0.24108,-0.41919,0.0,0.0,1.0
0.0342266,-0.0408281,-0.476211,0.0180398,0.256151,-0.419986,0.0,0.0,1.0
0.0339688,-0.0385859,-0.479477,0.0161932,0.26767,-0.425824,0.0,0.0,1.0
0.0353984,-0.0372734,-0.4785,0.0162642,0.268381,-0.426151,0.0,0.0,1.0
0.0355312,-0.0389766,-0.475914,0.0165078,0.277346,-0.436863,0.0,0.0,1.0
0.0368164,-0.0362148,-0.47666,0.0157962,0.278978,-0.445626,0.0,0.0,1.0
0.0365313,-0.0352187,-0.475234,0.0150114,0.283372,-0.447562,0.0,0.0,1.0
0.0363555,-0.0352852,-0.473324,0.0146193,0.290026,-0.450665,0.0,0.0,1.0
0.0339453,-0.0372187,-0.466492,0.0146719,0.28471,-0.455293,0.0,0.0,1.0
0.0326836,-0.0379805,-0.467496,0.0142024,0.289009,-0.450004,0.0,0.0,1.0
0.0329844,-0.0337734,-0.464461,0.0125547,0.29336,-0.439979,0.0,0.0,1.0
0.0354453,-0.0237812,-0.460039,0.00942045,0.295707,-0.43842,0.0,0.0,1.0
0.0448359,0.00105469,-0.454172,-0.00053125,0.291099,-0.435318,0.0,0.0,1.0
0.0346328,-0.0300625,-0.46007,0.0118686,0.289951,-0.428261,0.0,0.0,1.0
0.0336406,-0.0330078,-0.460414,0.0127216,0.288616,-0.420889,0.0,0.0,1.0
0.0340586,-0.0299961,-0.460418,0.0118026,0.286135,-0.420581,0.0,0.0,1.0
0.0342891,-0.0276719,-0.457664,0.0108686,0.288525,-0.41888,0.0,0.0,1.0
0.0372852,-0.0265898,-0.449137,0.0113494,0.28848,-0.409659,0.0,0.0,1.0
0.0379297,-0.0278984,-0.450125,0.0123295,0.283679,-0.406605,0.0,0.0,1.0
0.038875,-0.0272656,-0.444813,0.0121733,0.28804,-0.403906,0.0,0.0,1.0
0.0353789,-0.0206992,-0.439777,0.00825284,0.293352,-0.402116,0.0,0.0,1.0
0.0350586,-0.0257461,-0.436887,0.0100213,0.297635,-0.405447,0.0,0.0,1.0
