0.0925651,-0.0246484,-0.276988,0.0108681,0.374479,0.223241,0.0,0.0,1.0
0.0911198,-0.00257813,-0.280035,0.00111111,0.372396,0.238449,0.0,0.0,1.0
0.0910156,-0.0128646,-0.285017,0.00543403,0.382378,0.25147,0.0,0.0,1.0
0.0983854,-0.0166927,-0.28724,0.00788194,0.370694,0.247523,0.0,0.0,1.0
0.110573,-0.03625,-0.289201,0.0207118,0.344253,0.262859,0.0,0.0,1.0
0.112682,-0.0308333,-0.293038,0.0192014,0.321424,0.247407,0.0,0.0,1.0
0.117617,-0.0397786,-0.294523,0.0292014,0.284618,0.244815,0.0,0.0,1.0
0.112044,-0.026263,-0.301189,0.019566,0.267587,0.242234,0.0,0.0,1.0
0.106953,-0.0476823,-0.292431,0.0380903,0.237951,0.247963,0.0,0.0,1.0
0.104219,-0.0327604,-0.293889,0.0239931,0.252882,0.253241,0.0,0.0,1.0
0.0922396,-0.0614323,-0.280677,0.0395139,0.254931,0.267685,0.0,0.0,1.0
0.098763,-0.0145443,-0.290825,0.00673611,0.373368,0.316134,0.0,0.0,1.0
0.0988802,-0.0133333,-0.280955,0.00612847,0.373524,0.310336,0.0,0.0,1.0
0.0989844,-0.0121094,-0.271111,0.00555556,0.373681,0.304537,0.0,0.0,1.0
0.0991146,-0.0108854,-0.26125,0.005,0.373819,0.29875,0.0,0.0,1.0
0.0992448,-0.00966146,-0.251389,0.00440972,0.373993,0.292963,0.0,0.0,1.0
0.099362,-0.00845052,-0.241536,0.00383681,0.374149,0.287164,0.0,0.0,1.0
0.0994792,-0.00721354,-0.231684,0.00326389,0.374306,0.281389,0.0,0.0,1.0
0.0996094,-0.00598958,-0.221823,0.00269097,0.374462,0.27559,0.0,0.0,1.0
0.0997135,-0.00479167,-0.210955,0.00211806,0.374618,0.275046,0.0,0.0,1.0
0.0998568,-0.00355469,-0.200061,0.00154514,0.374774,0.274549,0.0,0.0,1.0
0.0999609,-0.00235677,-0.189193,0.000972222,0.374931,0.274028,0.0,0.0,1.0
0.100091,-0.00113281,-0.178307,0.000381944,0.375069,0.273495,0.0,0.0,1.0
0.100208,0.000104167,-0.172153,-0.000208333,0.375243,0.281412,0.0,0.0,1.0
0.100313,0.00132813,-0.16599,-0.000746528,0.375399,0.289317,0.0,0.0,1.0
0.100443,0.00255208,-0.16908,-0.00131944,0.375556,0.303009,0.0,0.0,1.0
0.104531,-0.00979167,-0.17059,0.00607639,0.298125,0.276181,0.0,0.0,1.0
0.100078,-0.00247396,-0.149201,0.00145833,0.30059,0.276366,0.0,0.0,1.0
0.0929687,0.0113281,-0.130955,-0.00664931,0.281406,0.258345,0.0,0.0,1.0
0.0941276,0.0147266,-0.111276,-0.00899306,0.273681,0.248495,0.0,0.0,1.0
0.10974,0.00388021,-0.0834201,-0.00260417,0.289583,0.250023,0.0,0.0,1.0
0.126406,-0.00976562,-0.0667882,0.006875,0.318993,0.266597,0.0,0.0,1.0
0.104115,0.018724,-0.0632465,-0.0112153,0.309097,0.250023,0.0,0.0,1.0
0.114466,0.00300781,-0.049349,-0.00175347,0.34658,0.276794,0.0,0.0,1.0
0.11362,0.00953125,-0.0340104,-0.0053125,0.363333,0.283727,0.0,0.0,1.0
0.10901,0.0226563,-0.0239583,-0.0120139,0.365243,0.292708,0.0,0.0,1.0
0.106732,0.0353255,-0.00507812,-0.0188542,0.355035,0.289491,0.0,0.0,1.0
0.122656,0.0430469,0.0181424,-0.0252083,0.372535,0.310394,0.0,0.0,1.0
0.123451,0.0404557,0.0292795,-0.0270139,0.328993,0.293356,0.0,0.0,1.0
0.129766,0.0389583,0.0403299,-0.029375,0.306042,0.292731,0.0,0.0,1.0
0.13138,0.0323437,0.0510937,-0.0261111,0.28934,0.29919,0.0,0.0,1.0
0.130938,0.0366927,0.0511632,-0.0307813,0.277517,0.293854,0.0,0.0,1.0
0.13612,0.0377344,0.0627431,-0.032309,0.282656,0.302674,0.0,0.0,1.0
0.139518,0.0272266,0.0723872,-0.0216319,0.312361,0.318542,0.0,0.0,1.0
0.12138,0.0770833,0.0721007,-0.0556076,0.299184,0.322396,0.0,0.0,1.0
0.110234,0.0932552,0.07625,-0.0642708,0.28434,0.323889,0.0,0.0,1.0
0.110521,0.104766,0.0763715,-0.0718403,0.286528,0.315162,0.0,0.0,1.0
0.103503,0.105456,0.0777517,-0.0689931,0.281285,0.303611,0.0,0.0,1.0
0.0997005,0.12444,0.0897135,-0.0691319,0.319097,0.331875,0.0,0.0,1.0
0.0980729,0.114349,0.072691,-0.0754514,0.264271,0.292546,0.0,0.0,1.0
0.0821745,0.0908203,0.0838802,-0.0369965,0.358698,0.32772,0.0,0.0,1.0
0.090651,0.110937,0.0803646,-0.0597569,0.299236,0.297708,0.0,0.0,1.0
0.0970964,0.12569,0.0740885,-0.0745833,0.290868,0.294792,0.0,0.0,1.0
0.104323,0.141693,0.0653646,-0.0981597,0.267708,0.290579,0.0,0.0,1.0
0.0991016,0.124909,0.0542101,-0.0907292,0.242569,0.273125,0.0,0.0,1.0
0.104922,0.132422,0.0583681,-0.0845312,0.292205,0.294618,0.0,0.0,1.0
0.097487,0.0993099,0.0392101,-0.0596007,0.288767,0.278275,0.0,0.0,1.0
0.101536,0.0632031,0.0266319,-0.0372917,0.305868,0.290023,0.0,0.0,1.0
0.0983854,0.0661719,0.0259549,-0.0367187,0.315295,0.317789,0.0,0.0,1.0
0.109883,0.0625911,0.0091059,-0.0418056,0.292639,0.306806,0.0,0.0,1.0
0.111393,0.0646484,-0.00485243,-0.0457465,0.279913,0.301655,0.0,0.0,1.0
0.122096,0.0738932,-0.0173524,-0.0563194,0.284722,0.31838,0.0,0.0,1.0
0.124792,0.0642188,-0.0371181,-0.0527431,0.270174,0.295787,0.0,0.0,1.0
0.121549,0.0761068,-0.0523872,-0.0619618,0.265365,0.296678,0.0,0.0,1.0
0.115286,0.105234,-0.0642708,-0.0822569,0.262188,0.327407,0.0,0.0,1.0
0.108294,0.123346,-0.072908,-0.0772569,0.307431,0.319792,0.0,0.0,1.0
0.0946615,0.139583,-0.0904687,-0.0771528,0.304375,0.330463,0.0,0.0,1.0
0.0862891,0.154154,-0.105616,-0.0791667,0.298646,0.33044,0.0,0.0,1.0
0.084401,0.150573,-0.116233,-0.0726389,0.311076,0.329282,0.0,0.0,1.0
0.0719531,0.14513,-0.1225,-0.0561632,0.330677,0.328623,0.0,0.0,1.0
0.0835807,0.100169,-0.146137,-0.041441,0.359184,0.335475,0.0,0.0,1.0
0.088724,0.118281,-0.167691,-0.0516667,0.361007,0.33331,0.0,0.0,1.0
0.0947786,0.0854297,-0.202144,-0.0434028,0.331667,0.30287,0.0,0.0,1.0
0.105964,0.0946615,-0.23691,-0.0557986,0.319549,0.29537,0.0,0.0,1.0
0.116563,0.0870313,-0.270625,-0.0610938,0.29526,0.279063,0.0,0.0,1.0
0.108151,0.0659896,-0.289983,-0.044375,0.285903,0.267037,0.0,0.0,1.0
0.104557,0.0877083,-0.318976,-0.0530382,0.307413,0.282928,0.0,0.0,1.0
0.09,0.0648177,-0.328733,-0.0315451,0.328837,0.290613,0.0,0.0,1.0
0.0841536,0.0605078,-0.33388,-0.0237153,0.381806,0.336366,0.0,0.0,1.0
0.0679948,0.0784375,-0.35401,-0.0249306,0.380521,0.328079,0.0,0.0,1.0
0.069388,0.0929297,-0.368047,-0.0294618,0.389149,0.327535,0.0,0.0,1.0
0.0810156,0.0874479,-0.392274,-0.0318056,0.396042,0.324954,0.0,0.0,1.0
0.0952214,0.0688151,-0.423967,-0.0350174,0.332656,0.268206,0.0,0.0,1.0
0.0973307,0.0823307,-0.442561,-0.045191,0.315226,0.269016,0.0,0.0,1.0
0.111302,0.0353125,-0.44691,-0.0197743,0.353385,0.262488,0.0,0.0,1.0
0.102161,0.0215104,-0.462031,-0.0134896,0.289323,0.222211,0.0,0.0,1.0
0.112083,0.0397656,-0.476372,-0.0248264,0.319063,0.232315,0.0,0.0,1.0
0.0984766,0.0569661,-0.498116,-0.0326215,0.305885,0.240428,0.0,0.0,1.0
0.084974,0.0401823,-0.496597,-0.0153819,0.394375,0.28206,0.0,0.0,1.0
0.0760417,0.0467969,-0.504878,-0.0161806,0.390833,0.278704,0.0,0.0,1.0
0.0725651,0.0841797,-0.509106,-0.0274132,0.396267,0.282882,0.0,0.0,1.0
0.0885547,0.0595182,-0.526884,-0.0233681,0.401042,0.283634,0.0,0.0,1.0
0.093487,0.0937734,-0.533141,-0.0392535,0.396997,0.282025,0.0,0.0,1.0
0.0966094,0.109578,-0.559337,-0.0568056,0.331285,0.236412,0.0,0.0,1.0
0.0704102,0.167624,-0.526888,-0.0497569,0.421632,0.261898,0.0,0.0,1.0
0.078207,0.130577,-0.556444,-0.0582986,0.311389,0.208403,0.0,0.0,1.0
0.104087,0.0427331,-0.55802,-0.0267014,0.296285,0.179259,0.0,0.0,1.0
0.0998021,0.0431094,-0.562663,-0.0256771,0.297934,0.179595,0.0,0.0,1.0
0.088737,0.0285286,-0.553898,-0.0122049,0.368385,0.231539,0.0,0.0,1.0
0.087526,0.0309375,-0.550122,-0.0125,0.384653,0.236019,0.0,0.0,1.0
0.0813802,0.0546615,-0.542292,-0.0204861,0.38625,0.21963,0.0,0.0,1.0
0.0881901,0.0712109,-0.530547,-0.0286458,0.389826,0.220926,0.0,0.0,1.0
0.0876563,0.0577083,-0.529792,-0.0222569,0.403854,0.220509,0.0,0.0,1.0
0.103568,0.0296354,-0.525885,-0.0155208,0.351979,0.169815,0.0,0.0,1.0
0.106771,0.0547917,-0.516007,-0.0286458,0.362917,0.16081,0.0,0.0,1.0
0.108958,0.0526562,-0.509965,-0.0289063,0.352969,0.153692,0.0,0.0,1.0
0.0999219,0.0359635,-0.505278,-0.0203819,0.313264,0.127431,0.0,0.0,1.0
0.0978125,0.0313802,-0.495434,-0.0170139,0.320972,0.116759,0.0,0.0,1.0
0.09375,0.033099,-0.484635,-0.0177257,0.311302,0.118623,0.0,0.0,1.0
0.0832682,0.0130599,-0.472439,-0.00515625,0.375781,0.169271,0.0,0.0,1.0
0.091901,0.0833854,-0.452031,-0.0370139,0.36816,0.160764,0.0,0.0,1.0
0.0854427,0.0611979,-0.447066,-0.0236632,0.393177,0.164248,0.0,0.0,1.0
0.080651,0.0588021,-0.437726,-0.0211111,0.399618,0.162616,0.0,0.0,1.0
0.0888802,0.0666406,-0.433958,-0.029184,0.360816,0.122789,0.0,0.0,1.0
0.103021,0.0864583,-0.429514,-0.0468229,0.338212,0.113507,0.0,0.0,1.0
0.0978385,0.00424479,-0.404826,-0.00197917,0.377396,0.128287,0.0,0.0,1.0
0.093763,0.0423828,-0.401675,-0.0275,0.25691,0.0590046,0.0,0.0,1.0
0.0973047,0.0053776,-0.372943,-0.0034375,0.269306,0.0417824,0.0,0.0,1.0
0.0997526,0.0336589,-0.378047,-0.0202083,0.295382,0.0588657,0.0,0.0,1.0
0.0842839,0.000455729,-0.35362,-0.000190972,0.370191,0.1111,0.0,0.0,1.0
0.0792188,0.00770833,-0.342222,-0.00293403,0.370191,0.109919,0.0,0.0,1.0
0.101875,0.110156,-0.328403,-0.0616493,0.323663,0.0963542,0.0,0.0,1.0
0.0905208,0.053125,-0.307778,-0.022691,0.37651,0.0986227,0.0,0.0,1.0
0.08375,0.0514062,-0.300104,-0.0197049,0.388351,0.0957523,0.0,0.0,1.0
0.0922786,0.0303255,-0.293845,-0.0141493,0.35158,0.0626736,0.0,0.0,1.0
0.0977083,0.0539844,-0.285052,-0.0266319,0.351771,0.0583796,0.0,0.0,1.0
0.105052,0.0400781,-0.273698,-0.021441,0.349184,0.0435069,0.0,0.0,1.0
0.100859,0.0158073,-0.265,-0.00940972,0.301771,0.0226852,0.0,0.0,1.0
0.0979687,0.00802083,-0.257431,-0.00451389,0.309757,0.0142361,0.0,0.0,1.0
0.0929948,0.00820312,-0.242465,-0.00371528,0.363438,0.0599537,0.0,0.0,1.0
0.0841667,0.0179167,-0.233819,-0.00756944,0.353472,0.0550463,0.0,0.0,1.0
0.0963281,0.0686719,-0.222014,-0.0337153,0.348958,0.055625,0.0,0.0,1.0
0.0878125,0.0343229,-0.215243,-0.0145139,0.368819,0.0517593,0.0,0.0,1.0
0.0910547,0.0294661,-0.217786,-0.0124653,0.382222,0.050162,0.0,0.0,1.0
0.0940885,0.0558333,-0.208351,-0.0244792,0.381458,0.043125,0.0,0.0,1.0
0.107214,0.0733073,-0.207917,-0.0363542,0.384479,0.0436111,0.0,0.0,1.0
0.0939323,-0.00226562,-0.212396,0.00102431,0.365573,0.0189468,0.0,0.0,1.0
0.0815104,-0.0348958,-0.205451,0.0138889,0.363611,0.0217593,0.0,0.0,1.0
0.108607,0.0173568,-0.200825,-0.0140278,0.238889,-0.0371759,0.0,0.0,1.0
0.0913802,-0.0342448,-0.19934,0.0151215,0.367691,0.0227894,0.0,0.0,1.0
0.0995052,-0.00804687,-0.189722,0.00378472,0.374826,0.0266667,0.0,0.0,1.0
0.105039,0.039388,-0.186519,-0.0221701,0.331753,-0.00396991,0.0,0.0,1.0
0.103568,0.0764844,-0.173056,-0.0405903,0.347014,0.0170139,0.0,0.0,1.0
0.0972786,0.0590755,-0.160582,-0.0284028,0.359861,0.0221296,0.0,0.0,1.0
0.0849089,0.0383984,-0.152995,-0.0153299,0.378038,0.030081,0.0,0.0,1.0
0.0826302,0.0502083,-0.141753,-0.0197917,0.3725,0.0153704,0.0,0.0,1.0
0.0840625,0.0271875,-0.141597,-0.0107292,0.379063,0.00300926,0.0,0.0,1.0
0.0864063,0.0305208,-0.135417,-0.0122743,0.38158,-0.00688657,0.0,0.0,1.0
0.0854687,0.0127344,-0.133628,-0.00526042,0.368559,-0.00646991,0.0,0.0,1.0
0.0839714,0.000351563,-0.130599,-0.000138889,0.373125,0.00134259,0.0,0.0,1.0
0.0845312,-0.011901,-0.129531,0.00463542,0.385399,0.00216435,0.0,0.0,1.0
0.0879427,-0.0265625,-0.132031,0.0114583,0.362812,0.00493056,0.0,0.0,1.0
0.0890365,-0.0214844,-0.12566,0.00932292,0.364878,0.00728009,0.0,0.0,1.0
0.0933594,-0.0109896,-0.117448,0.00496528,0.367083,0.00298611,0.0,0.0,1.0
0.109036,0.00796875,-0.10776,-0.00423611,0.364097,0.00101852,0.0,0.0,1.0
0.0894271,-0.0526562,-0.109687,0.0215799,0.388142,0.00311343,0.0,0.0,1.0
0.0926042,-0.0601823,-0.101927,0.0253125,0.391424,-0.00634259,0.0,0.0,1.0
0.109193,0.0103125,-0.0928993,-0.00684028,0.292257,-0.0830556,0.0,0.0,1.0
0.0892969,-0.0363802,-0.0843403,0.0167014,0.345486,-0.0343287,0.0,0.0,1.0
0.105508,0.0224349,-0.0799045,-0.0152257,0.27651,-0.0834607,0.0,0.0,1.0
0.100872,0.00488281,-0.0726476,-0.00293403,0.297656,-0.0657292,0.0,0.0,1.0
0.0889323,-0.008125,-0.0679687,0.0034375,0.375903,-0.0141898,0.0,0.0,1.0
0.0804818,-0.0126953,-0.0596615,0.00489583,0.372049,-0.0218056,0.0,0.0,1.0
0.0923958,0.0405208,-0.0436458,-0.0171528,0.388681,-0.0405093,0.0,0.0,1.0
0.084987,0.0072526,-0.0362934,-0.00277778,0.393403,-0.0366204,0.0,0.0,1.0
0.0761719,-0.0135938,-0.0320312,0.0046875,0.393576,-0.0360185,0.0,0.0,1.0
0.0847917,-0.00867188,-0.0202604,0.00352431,0.371128,-0.0546644,0.0,0.0,1.0
0.0846484,0.00415365,-0.00301215,-0.00168403,0.370399,-0.061956,0.0,0.0,1.0
0.0799219,-0.00390625,0.00512153,0.00152778,0.365278,-0.0514815,0.0,0.0,1.0
0.0838672,-0.0263932,0.0109983,0.010816,0.36401,-0.0578819,0.0,0.0,1.0
0.0845312,-0.028099,0.0169965,0.0120139,0.351562,-0.0512269,0.0,0.0,1.0
0.0903906,-0.0244271,0.0219965,0.0112847,0.347465,-0.045463,0.0,0.0,1.0
0.0922266,-0.0450391,0.0246094,0.021875,0.337431,-0.0599537,0.0,0.0,1.0
0.102734,-0.0316146,0.0317535,0.017066,0.338316,-0.0648727,0.0,0.0,1.0
0.108958,-0.0180729,0.0322569,0.00984375,0.355955,-0.0534144,0.0,0.0,1.0
0.114323,-0.0170052,0.0336979,0.00998264,0.346302,-0.078669,0.0,0.0,1.0
0.104544,0.00584635,0.0405122,-0.00387153,0.280469,-0.105683,0.0,0.0,1.0
0.103047,-0.0103385,0.0433681,0.0075,0.252049,-0.134838,0.0,0.0,1.0
0.109583,-0.0206771,0.0434722,0.0159896,0.251788,-0.139016,0.0,0.0,1.0
0.100885,-0.00427083,0.0414583,0.00303819,0.251441,-0.131215,0.0,0.0,1.0
0.11543,0.00485677,0.0319878,-0.00319444,0.309479,-0.0957176,0.0,0.0,1.0
0.10043,0.00998698,0.0325955,-0.00625,0.284861,-0.114306,0.0,0.0,1.0
0.102214,0.0215104,0.0364062,-0.0121181,0.322778,-0.0978472,0.0,0.0,1.0
0.0915755,0.0247786,0.0389149,-0.0109028,0.369687,-0.0759028,0.0,0.0,1.0
0.0808073,0.0263802,0.0381597,-0.01,0.379479,-0.0657639,0.0,0.0,1.0
0.0838932,0.00345052,0.0374913,-0.00135417,0.376528,-0.073912,0.0,0.0,1.0
0.0764193,0.000585938,0.037092,-0.000208333,0.37441,-0.0763194,0.0,0.0,1.0
0.0764062,0.00138021,0.0337674,-0.000503472,0.377622,-0.0848495,0.0,0.0,1.0
0.0825911,-0.000794271,0.0319358,0.000329861,0.369497,-0.0829282,0.0,0.0,1.0
0.0808203,-0.00589844,0.0313628,0.00227431,0.372691,-0.0868171,0.0,0.0,1.0
0.0851432,-0.0190495,0.027908,0.00814236,0.35349,-0.0785301,0.0,0.0,1.0
0.0870313,-0.0349479,0.0294792,0.0153819,0.351424,-0.0777778,0.0,0.0,1.0
0.0817448,-0.0314323,0.0291319,0.0135417,0.337257,-0.072338,0.0,0.0,1.0
0.0822135,-0.0172396,0.0367882,0.00739583,0.339896,-0.0733796,0.0,0.0,1.0
0.0713151,-0.00173177,0.040217,0.000625,0.358299,-0.0704398,0.0,0.0,1.0
0.0742578,-0.0184245,0.0447656,0.00723958,0.335747,-0.0969329,0.0,0.0,1.0
0.0729167,-0.0184896,0.0449306,0.00784722,0.305278,-0.0876852,0.0,0.0,1.0
0.0727474,-0.0231641,0.0436719,0.00911458,0.329045,-0.0759838,0.0,0.0,1.0
0.0738021,-0.0511979,0.0414236,0.018125,0.370556,-0.0443981,0.0,0.0,1.0
0.065638,-0.0371224,0.0334115,0.0114063,0.379844,-0.0449653,0.0,0.0,1.0
0.0593229,-0.0357031,0.0350521,0.00989583,0.380104,-0.0495833,0.0,0.0,1.0
0.0621354,-0.0333333,0.0358333,0.00989583,0.370937,-0.0460185,0.0,0.0,1.0
0.0618229,-0.0290104,0.0420139,0.00850694,0.374444,-0.049838,0.0,0.0,1.0
0.0649089,-0.0393099,0.0403038,0.0121701,0.372934,-0.0515625,0.0,0.0,1.0
0.0761458,-0.0459896,0.0428819,0.0172396,0.361128,-0.0423032,0.0,0.0,1.0
0.0804948,-0.0514323,0.0452778,0.0202604,0.363142,-0.0356134,0.0,0.0,1.0
0.0857943,-0.0494141,0.0499913,0.0212847,0.354062,-0.0391204,0.0,0.0,1.0
0.0901823,-0.0528646,0.0541493,0.0252431,0.335729,-0.0322685,0.0,0.0,1.0
0.0915365,-0.0492448,0.0595139,0.0239583,0.334444,-0.0352778,0.0,0.0,1.0
0.0903125,-0.0408333,0.0605903,0.0196181,0.334167,-0.0376157,0.0,0.0,1.0
0.0917578,-0.0226693,0.0583594,0.0111111,0.333021,-0.033588,0.0,0.0,1.0
0.0908984,-0.0252474,0.0542969,0.0116667,0.350104,-0.0094213,0.0,0.0,1.0
0.0735417,-0.044401,0.0367882,0.0153819,0.377674,0.00208333,0.0,0.0,1.0
0.0763411,-0.0229557,0.0373003,0.00850694,0.365938,0.00111111,0.0,0.0,1.0
0.080026,0.000520833,0.0367535,-0.000208333,0.356632,-0.00335648,0.0,0.0,1.0
0.073776,-2.60417e-05,0.0350694,3.47222e-05,0.371667,-0.00293981,0.0,0.0,1.0
0.0753125,-0.00598958,0.0298264,0.00211806,0.377917,-0.00571759,0.0,0.0,1.0
0.0739323,-0.00942708,0.0298785,0.00328125,0.37776,-0.00649306,0.0,0.0,1.0
0.0790104,-0.00614583,0.0275,0.0021875,0.393264,0.00196759,0.0,0.0,1.0
0.0766536,-0.00457031,0.0264497,0.00157986,0.396128,0.00869213,0.0,0.0,1.0
0.0739063,-0.00898437,0.0279687,0.00315972,0.373229,0.0112963,0.0,0.0,1.0
0.0698698,-0.00395833,0.0243229,0.00123264,0.399115,0.0267477,0.0,0.0,1.0
0.063138,-0.0154036,0.0195747,0.00442708,0.390191,0.0408218,0.0,0.0,1.0
0.0682682,-0.0110286,0.015217,0.00340278,0.395208,0.0481019,0.0,0.0,1.0
0.0726563,-0.0118229,0.0102083,0.00387153,0.393559,0.0489699,0.0,0.0,1.0
0.071888,-0.00923177,0.00315104,0.00293403,0.401545,0.0569792,0.0,0.0,1.0
0.0704557,-0.0063151,0.00188368,0.00196181,0.402205,0.0609838,0.0,0.0,1.0
0.0722656,-0.00354167,-0.00487847,0.00114583,0.398264,0.0638657,0.0,0.0,1.0
0.0708724,-0.00582031,-0.0062934,0.00180556,0.404965,0.0657639,0.0,0.0,1.0
0.065,0.000390625,-0.0117535,-0.000104167,0.401319,0.0649306,0.0,0.0,1.0
0.0633073,0.000729167,-0.0146701,-0.000190972,0.400816,0.0615162,0.0,0.0,1.0
0.061888,-0.0028776,-0.0253385,0.00078125,0.401997,0.0532523,0.0,0.0,1.0
0.0638672,-0.0113151,-0.034592,0.003125,0.411632,0.056088,0.0,0.0,1.0
0.0652865,-0.0101823,-0.0436111,0.00289931,0.408038,0.0558218,0.0,0.0,1.0
0.0641927,-0.0140625,-0.054184,0.00385417,0.414931,0.0604398,0.0,0.0,1.0
0.066224,-0.0161458,-0.0609549,0.00453125,0.420191,0.0711227,0.0,0.0,1.0
0.0639714,-0.0261068,-0.0680295,0.00690972,0.429722,0.0827083,0.0,0.0,1.0
0.0643099,-0.021237,-0.0724566,0.00576389,0.421111,0.0998611,0.0,0.0,1.0
0.0676823,-0.0189323,-0.0800694,0.00565972,0.401875,0.0848843,0.0,0.0,1.0
0.0751042,-0.0403906,-0.0888368,0.0128472,0.418924,0.11669,0.0,0.0,1.0
0.0832292,-0.0345833,-0.0930208,0.0122569,0.417188,0.123194,0.0,0.0,1.0
0.0864974,-0.0303776,-0.101762,0.0112847,0.413611,0.12544,0.0,0.0,1.0
0.0864583,-0.0234635,-0.108385,0.00861111,0.419757,0.125208,0.0,0.0,1.0
0.0864583,-0.0336979,-0.118924,0.0123264,0.420556,0.131227,0.0,0.0,1.0
0.0855599,-0.0113151,-0.128429,0.00409722,0.419236,0.134491,0.0,0.0,1.0
0.0834635,-0.00807292,-0.13908,0.00286458,0.416476,0.131586,0.0,0.0,1.0
0.0807031,-0.00140625,-0.15033,0.000486111,0.406354,0.138079,0.0,0.0,1.0
0.074401,0.00455729,-0.151771,-0.00147569,0.410677,0.128715,0.0,0.0,1.0
0.0854948,0.0241927,-0.153472,-0.00897569,0.409288,0.122373,0.0,0.0,1.0
0.0847135,0.0105469,-0.165382,-0.00383681,0.413976,0.118924,0.0,0.0,1.0
0.0764193,-0.00363281,-0.173151,0.00116319,0.421337,0.108137,0.0,0.0,1.0
0.0852604,0.000729167,-0.179167,-0.000277778,0.425,0.111806,0.0,0.0,1.0
0.0853125,-0.0135938,-0.190382,0.00501736,0.411198,0.110104,0.0,0.0,1.0
0.0956771,0.0277083,-0.184861,-0.0108681,0.433437,0.120046,0.0,0.0,1.0
0.0876953,0.000794271,-0.196189,-0.000277778,0.433542,0.126574,0.0,0.0,1.0
0.0894792,-0.011849,-0.202309,0.00435764,0.432865,0.143275,0.0,0.0,1.0
0.0988542,-0.0103385,-0.21158,0.00420139,0.43,0.150532,0.0,0.0,1.0
0.10668,-0.0164193,-0.219002,0.00727431,0.42842,0.157975,0.0,0.0,1.0
0.103437,-0.00375,-0.221667,0.00194444,0.355833,0.125417,0.0,0.0,1.0
0.10737,-0.00421875,-0.228455,0.0021875,0.368715,0.127685,0.0,0.0,1.0
0.115625,0.00414062,-0.238351,-0.00232639,0.367014,0.12794,0.0,0.0,1.0
0.119948,0.0170573,-0.240122,-0.0105208,0.345903,0.143264,0.0,0.0,1.0
0.118984,0.0242448,-0.249861,-0.0162153,0.315972,0.105255,0.0,0.0,1.0
0.120195,0.0428516,-0.254453,-0.0282465,0.324288,0.125775,0.0,0.0,1.0
0.119622,0.051888,-0.25895,-0.0314236,0.351181,0.135347,0.0,0.0,1.0
0.107279,0.0423568,-0.254939,-0.0219097,0.368576,0.126759,0.0,0.0,1.0
0.101719,0.0140104,-0.255243,-0.00644097,0.393003,0.126308,0.0,0.0,1.0
0.100794,0.0113672,-0.259158,-0.00522569,0.390365,0.131285,0.0,0.0,1.0
0.0934896,-0.00731771,-0.261163,0.00305556,0.398819,0.126204,0.0,0.0,1.0
0.0919401,-0.0295703,-0.268585,0.0134722,0.358542,0.103843,0.0,0.0,1.0
0.115547,0.0152083,-0.275156,-0.00722222,0.433819,0.138843,0.0,0.0,1.0
0.0953385,0.0195573,-0.261667,-0.00786458,0.421962,0.130104,0.0,0.0,1.0
0.0996875,0.0479167,-0.258507,-0.0227951,0.372413,0.113738,0.0,0.0,1.0
0.111471,0.0653776,-0.260842,-0.0365972,0.354097,0.120463,0.0,0.0,1.0
0.107943,0.0417969,-0.261667,-0.0227951,0.351753,0.108391,0.0,0.0,1.0
0.111445,0.0495182,-0.262856,-0.0292708,0.335035,0.103889,0.0,0.0,1.0
0.123685,0.0665495,-0.267943,-0.0429167,0.341007,0.111968,0.0,0.0,1.0
0.122018,0.059362,-0.267318,-0.0323264,0.398438,0.135,0.0,0.0,1.0
0.117422,0.0201042,-0.264601,-0.0102431,0.409097,0.123356,0.0,0.0,1.0
0.116927,-0.0104427,-0.268281,0.00543403,0.399358,0.116076,0.0,0.0,1.0
0.130078,-0.0161198,-0.276285,0.0122222,0.304826,0.0463194,0.0,0.0,1.0
0.132708,0.0388802,-0.28349,-0.0320833,0.285799,0.0537269,0.0,0.0,1.0
0.129987,0.0223568,-0.281554,-0.0137153,0.377083,0.118171,0.0,0.0,1.0
0.137708,0.0364583,-0.288437,-0.0264063,0.338212,0.120984,0.0,0.0,1.0
0.13056,0.0298047,-0.284905,-0.0206424,0.335052,0.11559,0.0,0.0,1.0
0.133034,0.0373307,-0.28737,-0.0272917,0.323646,0.106968,0.0,0.0,1.0
0.131133,0.0461589,-0.291745,-0.0326215,0.32974,0.110405,0.0,0.0,1.0
0.123177,0.0363802,-0.287413,-0.0236111,0.337465,0.0958102,0.0,0.0,1.0
0.111276,0.00911458,-0.277448,-0.00496528,0.364028,0.0879398,0.0,0.0,1.0
0.103854,0.00401042,-0.273924,-0.00204861,0.359236,0.0788194,0.0,0.0,1.0
0.101966,-0.000325521,-0.27428,0.00015625,0.376615,0.0789005,0.0,0.0,1.0
0.0958594,0.00242188,-0.274757,-0.0009375,0.430729,0.119583,0.0,0.0,1.0
0.0975,0.00111979,-0.274913,-0.000434028,0.436892,0.120961,0.0,0.0,1.0
0.0886198,-0.0147917,-0.276823,0.00586806,0.397083,0.100301,0.0,0.0,1.0
0.0922005,-0.0162109,-0.278915,0.00663194,0.399826,0.112176,0.0,0.0,1.0
0.127266,0.0364583,-0.290642,-0.022691,0.363663,0.116586,0.0,0.0,1.0
0.127826,0.0332161,-0.294957,-0.0213889,0.352986,0.109769,0.0,0.0,1.0
0.122982,0.0170182,-0.297856,-0.0101736,0.366354,0.119028,0.0,0.0,1.0
0.118711,0.0041276,-0.303168,-0.00243056,0.360764,0.119167,0.0,0.0,1.0
0.118581,0.000872396,-0.308255,-0.000486111,0.368542,0.119907,0.0,0.0,1.0
0.140104,0.0065625,-0.310347,-0.00472222,0.345937,0.128403,0.0,0.0,1.0
0.12,0.0125521,-0.321562,-0.00788194,0.339097,0.12669,0.0,0.0,1.0
0.11987,0.0150521,-0.328698,-0.00942708,0.340434,0.131354,0.0,0.0,1.0
0.130755,0.00239583,-0.33283,-0.00152778,0.360938,0.152431,0.0,0.0,1.0
0.124518,0.0306641,-0.351172,-0.0184201,0.368733,0.154942,0.0,0.0,1.0
0.117604,0.0229948,-0.356719,-0.0125868,0.381892,0.166053,0.0,0.0,1.0
0.110117,0.0208724,-0.366571,-0.0110937,0.368003,0.170914,0.0,0.0,1.0
0.106328,0.00786458,-0.372378,-0.00331597,0.447587,0.224502,0.0,0.0,1.0
0.102695,0.0117057,-0.383724,-0.00472222,0.451146,0.225718,0.0,0.0,1.0
0.0926172,0.00147135,-0.392196,-0.000520833,0.463333,0.218866,0.0,0.0,1.0
0.0814583,-0.00200521,-0.404566,0.000625,0.467396,0.221366,0.0,0.0,1.0
0.0774089,-0.0112109,-0.413741,0.00326389,0.47309,0.218727,0.0,0.0,1.0
0.0717188,-0.0264323,-0.422865,0.00729167,0.462222,0.227269,0.0,0.0,1.0
0.0677083,-0.0330469,-0.430608,0.00847222,0.469514,0.222593,0.0,0.0,1.0
0.0664844,-0.0497396,-0.439878,0.0128819,0.455972,0.222431,0.0,0.0,1.0
0.0698568,-0.0538672,-0.443776,0.0150694,0.444201,0.215995,0.0,0.0,1.0
0.0744531,-0.0585938,-0.449045,0.0170139,0.455833,0.223194,0.0,0.0,1.0
0.0859115,-0.0457031,-0.460833,0.0155382,0.448976,0.222164,0.0,0.0,1.0
0.0913802,-0.0654167,-0.458281,0.0236111,0.449618,0.229236,0.0,0.0,1.0
0.098125,-0.0327865,-0.473628,0.0125347,0.456875,0.233819,0.0,0.0,1.0
0.0923568,-0.0785286,-0.466658,0.0289236,0.445972,0.237755,0.0,0.0,1.0
0.100495,-0.026901,-0.481042,0.0107986,0.445347,0.230903,0.0,0.0,1.0
0.102057,-0.0121615,-0.48816,0.00493056,0.447465,0.233218,0.0,0.0,1.0
0.104505,-0.00716146,-0.48934,0.00305556,0.43809,0.233356,0.0,0.0,1.0
0.113698,0.000807292,-0.492865,-0.000364583,0.443038,0.25441,0.0,0.0,1.0
0.112357,-0.000585938,-0.490773,0.000277778,0.448715,0.247662,0.0,0.0,1.0
0.107266,0.0053125,-0.487865,-0.00229167,0.442674,0.245671,0.0,0.0,1.0
0.110807,0.00432292,-0.486059,-0.001875,0.452049,0.25169,0.0,0.0,1.0
0.107552,-0.00111979,-0.483628,0.00046875,0.450538,0.251076,0.0,0.0,1.0
0.107773,0.00165365,-0.482422,-0.000694444,0.459583,0.255463,0.0,0.0,1.0
0.0997656,-0.0003125,-0.482448,0.000138889,0.455833,0.2625,0.0,0.0,1.0
0.0999089,0.00264323,-0.483134,-0.00104167,0.462535,0.25669,0.0,0.0,1.0
0.0952734,-0.013138,-0.479314,0.00472222,0.470625,0.262593,0.0,0.0,1.0
0.0938021,-0.000677083,-0.479062,0.000243056,0.456042,0.268125,0.0,0.0,1.0
0.0897266,-0.0117057,-0.473238,0.00399306,0.467396,0.272361,0.0,0.0,1.0
0.0913281,-0.00932292,-0.470885,0.00329861,0.458958,0.27544,0.0,0.0,1.0
0.090599,-0.00898437,-0.466979,0.00315972,0.457396,0.28412,0.0,0.0,1.0
0.0867578,-0.00803385,-0.462821,0.00263889,0.469306,0.267361,0.0,0.0,1.0
0.0871224,-0.0119661,-0.457769,0.00423611,0.437535,0.270486,0.0,0.0,1.0
0.091276,-0.00773438,-0.449965,0.0028125,0.444549,0.26963,0.0,0.0,1.0
0.0922135,-0.0100781,-0.447014,0.00368056,0.449097,0.264676,0.0,0.0,1.0
0.0884115,-0.00934896,-0.444653,0.00329861,0.44566,0.2675,0.0,0.0,1.0
0.0876042,-0.00958333,-0.443715,0.0034375,0.435,0.274421,0.0,0.0,1.0
0.0864583,-0.0164583,-0.441354,0.00569444,0.443507,0.271134,0.0,0.0,1.0
0.088763,-0.0151172,-0.440217,0.00553819,0.431545,0.279641,0.0,0.0,1.0
0.0948047,-0.0233203,-0.438134,0.00885417,0.443889,0.274745,0.0,0.0,1.0
0.0959896,-0.0303906,-0.434497,0.0119792,0.432743,0.27875,0.0,0.0,1.0
0.0892969,-0.0165365,-0.435694,0.00585069,0.448698,0.272975,0.0,0.0,1.0
0.0924479,-0.0286719,-0.434878,0.0110417,0.426007,0.267662,0.0,0.0,1.0
0.093737,-0.021888,-0.436814,0.00880208,0.414497,0.27015,0.0,0.0,1.0
0.0934505,-0.0260286,-0.435043,0.0103125,0.419653,0.267847,0.0,0.0,1.0
0.0929427,-0.00903646,-0.439583,0.0034375,0.434444,0.278727,0.0,0.0,1.0
0.0982943,-0.0247005,-0.434905,0.0101389,0.425799,0.273634,0.0,0.0,1.0
0.0893229,-0.00523438,-0.442135,0.00208333,0.403368,0.267153,0.0,0.0,1.0
0.0873698,-0.00455729,-0.44375,0.00168403,0.422934,0.273206,0.0,0.0,1.0
0.0832292,0.0120573,-0.450747,-0.00409722,0.437257,0.282292,0.0,0.0,1.0
0.0831641,0.0102214,-0.451467,-0.00357639,0.422674,0.268102,0.0,0.0,1.0
0.0841667,0.00669271,-0.456094,-0.00230903,0.43224,0.257766,0.0,0.0,1.0
0.0802083,0.00296875,-0.457431,-0.0009375,0.442743,0.266204,0.0,0.0,1.0
0.0783594,-0.00354167,-0.459149,0.00111111,0.452674,0.27331,0.0,0.0,1.0
0.079362,0.00613281,-0.455807,-0.00184028,0.466285,0.285185,0.0,0.0,1.0
0.0752474,-0.00152344,-0.456727,0.000434028,0.47033,0.284063,0.0,0.0,1.0
0.078151,-0.0115104,-0.461198,0.00340278,0.471111,0.286111,0.0,0.0,1.0
0.084375,-0.00710938,-0.460608,0.0021875,0.487951,0.270972,0.0,0.0,1.0
0.0836719,-0.00286458,-0.462622,0.000850694,0.500955,0.272812,0.0,0.0,1.0
0.0850781,-0.00591146,-0.46066,0.00173611,0.511424,0.264144,0.0,0.0,1.0
0.0891536,-0.00779948,-0.459957,0.00239583,0.517396,0.264907,0.0,0.0,1.0
0.083763,-0.00352865,-0.455738,0.00107639,0.492639,0.274329,0.0,0.0,1.0
0.0831641,-0.00277344,-0.451502,0.000798611,0.503229,0.270833,0.0,0.0,1.0
0.088151,0.00101562,-0.445243,-0.0003125,0.505382,0.276389,0.0,0.0,1.0
0.0851042,0.00638021,-0.441753,-0.00194444,0.497604,0.280856,0.0,0.0,1.0
0.0797917,-0.00179688,-0.442378,0.000520833,0.480278,0.290949,0.0,0.0,1.0
0.0767448,-0.00463542,-0.439983,0.00130208,0.483212,0.29022,0.0,0.0,1.0
0.0714844,-0.00833333,-0.43908,0.00225694,0.473715,0.303287,0.0,0.0,1.0
0.0795052,-0.000859375,-0.433924,0.000243056,0.48066,0.303657,0.0,0.0,1.0
0.071849,0.00315104,-0.431701,-0.000850694,0.471615,0.307326,0.0,0.0,1.0
0.0770964,0.00105469,-0.427821,-0.0003125,0.474167,0.308218,0.0,0.0,1.0
0.0758594,0.0003125,-0.428698,-6.94444e-05,0.469861,0.313009,0.0,0.0,1.0
0.075651,-0.001875,-0.425747,0.000538194,0.475642,0.308414,0.0,0.0,1.0
0.0728125,-0.00263021,-0.42401,0.000729167,0.465382,0.313796,0.0,0.0,1.0
0.0736068,-0.0025651,-0.421033,0.000694444,0.474063,0.319236,0.0,0.0,1.0
0.0807031,-0.00291667,-0.422378,0.000868056,0.474792,0.314884,0.0,0.0,1.0
0.0761719,-0.00671875,-0.420122,0.00194444,0.462187,0.322523,0.0,0.0,1.0
0.0786068,-0.00915365,-0.417856,0.00270833,0.470729,0.315671,0.0,0.0,1.0
0.0730729,-0.0176823,-0.416233,0.00489583,0.469167,0.315671,0.0,0.0,1.0
0.0788021,-0.018125,-0.416146,0.00538194,0.470903,0.316644,0.0,0.0,1.0
0.0822005,-0.0154557,-0.413186,0.00479167,0.472326,0.314931,0.0,0.0,1.0
0.0818229,-0.00101562,-0.408976,0.000329861,0.463177,0.322257,0.0,0.0,1.0
0.0814714,-0.00488281,-0.409106,0.00159722,0.442465,0.33794,0.0,0.0,1.0
0.0872135,0.0034375,-0.407378,-0.00116319,0.452101,0.340868,0.0,0.0,1.0
0.0807292,-0.0144271,-0.40875,0.00447917,0.46375,0.330949,0.0,0.0,1.0
0.0788021,-0.0139323,-0.406684,0.00413194,0.472569,0.323125,0.0,0.0,1.0
0.077513,-0.0132422,-0.407422,0.00394097,0.462031,0.330312,0.0,0.0,1.0
0.0815104,-0.0117969,-0.406823,0.00362847,0.470365,0.334757,0.0,0.0,1.0
0.0840365,-0.0126823,-0.41059,0.00427083,0.442813,0.323009,0.0,0.0,1.0
0.0919792,-0.00518229,-0.409149,0.001875,0.448507,0.339468,0.0,0.0,1.0
0.0953125,-0.037526,-0.40033,0.0150347,0.422743,0.323981,0.0,0.0,1.0
0.0971354,-0.0342969,-0.398767,0.0136458,0.433889,0.340903,0.0,0.0,1.0
0.0939323,-0.00458333,-0.401823,0.00173611,0.441215,0.348912,0.0,0.0,1.0
0.105833,-0.0403385,-0.38967,0.0177604,0.42717,0.329757,0.0,0.0,1.0
0.110117,-0.0320964,-0.390269,0.0145313,0.432344,0.328137,0.0,0.0,1.0
0.106797,-0.023099,-0.38941,0.0102257,0.428733,0.3264,0.0,0.0,1.0
0.105521,0.00166667,-0.397292,-0.000729167,0.428403,0.32706,0.0,0.0,1.0
0.101094,0.0136719,-0.397656,-0.00564236,0.435191,0.333877,0.0,0.0,1.0
0.100391,0.000859375,-0.396979,-0.000347222,0.439653,0.316806,0.0,0.0,1.0
0.099987,-0.00165365,-0.397682,0.000677083,0.443767,0.31059,0.0,0.0,1.0
0.101589,-0.00148437,-0.397118,0.000607639,0.44526,0.310359,0.0,0.0,1.0
0.100091,-0.00579427,-0.396241,0.00236111,0.437743,0.312847,0.0,0.0,1.0
0.105234,-0.0276562,-0.390399,0.011441,0.452483,0.30853,0.0,0.0,1.0
0.104375,-0.0184896,-0.393229,0.00774306,0.442847,0.311875,0.0,0.0,1.0
0.108177,-0.00664063,-0.39342,0.00284722,0.45059,0.319005,0.0,0.0,1.0
0.103333,-0.00713542,-0.38934,0.00284722,0.456701,0.313912,0.0,0.0,1.0
0.102839,-0.00393229,-0.384306,0.00157986,0.455017,0.309595,0.0,0.0,1.0
0.101146,-0.00520833,-0.383403,0.00210069,0.445191,0.313368,0.0,0.0,1.0
0.0995052,-0.00484375,-0.383767,0.00196181,0.436024,0.30191,0.0,0.0,1.0
0.100781,-0.0120833,-0.380486,0.00503472,0.429549,0.298241,0.0,0.0,1.0
0.105547,-0.0040625,-0.375885,0.00166667,0.456736,0.319028,0.0,0.0,1.0
0.0942318,-0.0141797,-0.37362,0.00513889,0.460312,0.314236,0.0,0.0,1.0
0.0997266,-0.00417969,-0.379193,0.00166667,0.44809,0.315625,0.0,0.0,1.0
0.102422,-0.0144271,-0.376545,0.00621528,0.42375,0.308449,0.0,0.0,1.0
0.103815,-0.0056901,-0.376467,0.00236111,0.44191,0.321134,0.0,0.0,1.0
0.103646,-0.00986979,-0.377448,0.00420139,0.433924,0.308843,0.0,0.0,1.0
0.102096,-0.0243359,-0.370877,0.0100347,0.439514,0.312523,0.0,0.0,1.0
0.0980859,-0.00983073,-0.371137,0.00387153,0.442899,0.308738,0.0,0.0,1.0
0.0952344,-0.022474,-0.363785,0.00875,0.435139,0.304259,0.0,0.0,1.0
0.0943229,-0.0319271,-0.359444,0.0118924,0.450712,0.321146,0.0,0.0,1.0
0.0983073,-0.0313281,-0.355799,0.0125868,0.43474,0.307535,0.0,0.0,1.0
0.0986719,-0.0402083,-0.350434,0.0158507,0.444983,0.319502,0.0,0.0,1.0
0.0963672,-0.0467839,-0.344158,0.0179687,0.44592,0.308762,0.0,0.0,1.0
0.100599,-0.0454948,-0.339306,0.0179514,0.45309,0.313519,0.0,0.0,1.0
0.10151,-0.0654427,-0.327622,0.0266319,0.443681,0.317755,0.0,0.0,1.0
0.103281,-0.0676042,-0.32375,0.0284375,0.436319,0.320023,0.0,0.0,1.0
0.0985937,-0.0654427,-0.317101,0.0250694,0.457604,0.321644,0.0,0.0,1.0
0.0909505,-0.0513411,-0.315616,0.0183681,0.452083,0.321458,0.0,0.0,1.0
0.0830859,-0.0408984,-0.315009,0.0131771,0.458733,0.322118,0.0,0.0,1.0
0.078151,-0.0379167,-0.309253,0.0115625,0.455972,0.322569,0.0,0.0,1.0
0.0756771,-0.0394531,-0.30592,0.0115451,0.460295,0.325613,0.0,0.0,1.0
0.0744401,-0.0309505,-0.300373,0.00899306,0.454722,0.335208,0.0,0.0,1.0
0.0763151,-0.0367578,-0.29605,0.0109028,0.457188,0.32831,0.0,0.0,1.0
0.0746354,-0.0371615,-0.286962,0.0105208,0.468403,0.325532,0.0,0.0,1.0
0.075,-0.0228906,-0.278281,0.00654514,0.466753,0.326539,0.0,0.0,1.0
0.0755859,-0.0262109,-0.27296,0.00760417,0.462569,0.332986,0.0,0.0,1.0
0.0762109,-0.0144401,-0.266137,0.00420139,0.466389,0.330116,0.0,0.0,1.0
0.0788281,-0.0219271,-0.259983,0.00663194,0.465278,0.327894,0.0,0.0,1.0
0.0802604,-0.0266406,-0.258108,0.00815972,0.46559,0.325417,0.0,0.0,1.0
0.0800391,-0.0248568,-0.254002,0.00769097,0.460399,0.322581,0.0,0.0,1.0
0.0891276,-0.0162109,-0.244887,0.00552083,0.465833,0.327616,0.0,0.0,1.0
0.0870182,-0.00261719,-0.238082,0.000868056,0.466563,0.317407,0.0,0.0,1.0
0.0952344,0.00703125,-0.222448,-0.00269097,0.441753,0.298854,0.0,0.0,1.0
0.0921354,0.00401042,-0.217396,-0.00151042,0.435538,0.295498,0.0,0.0,1.0
0.089375,-0.000364583,-0.215729,0.000121528,0.44724,0.297581,0.0,0.0,1.0
0.0889063,-0.00166667,-0.207986,0.000590278,0.452708,0.296505,0.0,0.0,1.0
0.0944271,-0.00111979,-0.200781,0.000416667,0.451389,0.293796,0.0,0.0,1.0
0.105052,0.0114063,-0.195139,-0.00493056,0.433542,0.297963,0.0,0.0,1.0
0.12043,0.0083724,-0.182318,-0.00413194,0.432431,0.303125,0.0,0.0,1.0
0.115677,0.0360677,-0.180226,-0.0177778,0.417431,0.311713,0.0,0.0,1.0
0.128581,0.00766927,-0.155564,-0.00430556,0.406736,0.319815,0.0,0.0,1.0
0.0830729,-0.060599,-0.160538,0.02125,0.421111,0.325093,0.0,0.0,1.0
0.114128,0.0399089,-0.147561,-0.0276562,0.292691,0.260637,0.0,0.0,1.0
0.133932,0.00703125,-0.117587,-0.005,0.335729,0.278727,0.0,0.0,1.0
0.126094,0.0481771,-0.115972,-0.031684,0.340816,0.296424,0.0,0.0,1.0
0.133594,-0.0145833,-0.0791319,0.010625,0.326389,0.280417,0.0,0.0,1.0
0.130026,-0.0636719,-0.0488194,0.0471181,0.312153,0.337894,0.0,0.0,1.0
0.118281,-0.0273177,-0.0400174,0.0159375,0.360729,0.289213,0.0,0.0,1.0
0.111745,-0.0561458,-0.0101562,0.0363542,0.306875,0.259653,0.0,0.0,1.0
0.10832,-0.0620703,0.0104427,0.0375694,0.31816,0.272755,0.0,0.0,1.0
0.0925391,-0.0152995,0.00375868,0.00633681,0.397066,0.317743,0.0,0.0,1.0
0.0858854,-0.0505208,0.0296528,0.0188715,0.408767,0.309271,0.0,0.0,1.0
0.0861589,-0.0475911,0.0387934,0.0177778,0.410174,0.311412,0.0,0.0,1.0
0.0853516,-0.0541536,0.0607899,0.0196875,0.417118,0.307731,0.0,0.0,1.0
0.0765104,-0.0869531,0.0882118,0.0288715,0.409635,0.307257,0.0,0.0,1.0
0.0684896,-0.0778385,0.108733,0.0228646,0.414323,0.304826,0.0,0.0,1.0
0.0836198,-0.0379948,0.127917,0.0136111,0.415104,0.299792,0.0,0.0,1.0
0.0966667,-0.0329948,0.142483,0.0146701,0.386753,0.287326,0.0,0.0,1.0
0.0914062,-0.00585938,0.173941,0.00246528,0.387153,0.289792,0.0,0.0,1.0
0.0926823,-0.0164062,0.196858,0.00711806,0.380764,0.293773,0.0,0.0,1.0
0.10944,-0.0450391,0.227804,0.0235417,0.372326,0.300116,0.0,0.0,1.0
0.102917,0.00752604,0.255503,-0.00371528,0.369757,0.292917,0.0,0.0,1.0
0.10112,0.0596094,0.281528,-0.0299306,0.357986,0.292639,0.0,0.0,1.0
0.11349,-0.0134375,0.320347,0.00946181,0.286198,0.230683,0.0,0.0,1.0
0.105755,-0.0197135,0.346354,0.013559,0.273177,0.223669,0.0,0.0,1.0
0.120104,0.00216146,0.373767,-0.00170139,0.270764,0.218681,0.0,0.0,1.0
0.105417,-0.00424479,0.398142,0.00302083,0.262986,0.202384,0.0,0.0,1.0
0.121927,0.00401042,0.426875,-0.00298611,0.292812,0.235255,0.0,0.0,1.0
0.103971,0.000950521,0.458672,-0.000659722,0.270729,0.231944,0.0,0.0,1.0
0.104792,0.0179427,0.472656,-0.0121528,0.274931,0.23912,0.0,0.0,1.0
0.108659,0.0448568,0.497439,-0.0282465,0.306788,0.26684,0.0,0.0,1.0
0.104427,0.0685677,0.510122,-0.0345833,0.368264,0.326111,0.0,0.0,1.0
0.115781,0.0514323,0.510469,-0.0289063,0.366233,0.324132,0.0,0.0,1.0
0.0946745,0.0477734,0.529696,-0.0215451,0.372865,0.319155,0.0,0.0,1.0
0.0803516,0.0563151,0.542092,-0.0209549,0.38408,0.311817,0.0,0.0,1.0
0.0797917,0.043724,0.537031,-0.0157465,0.394149,0.300359,0.0,0.0,1.0
0.0820182,0.0387109,0.52678,-0.0138368,0.407622,0.290127,0.0,0.0,1.0
0.0818229,0.0283073,0.515434,-0.00982639,0.419444,0.282245,0.0,0.0,1.0
0.0855078,0.0237891,0.504314,-0.00850694,0.425868,0.266065,0.0,0.0,1.0
0.0813411,0.0186849,0.497005,-0.00635417,0.426146,0.26125,0.0,0.0,1.0
0.0748437,0.0361979,0.4925,-0.0115278,0.417847,0.236019,0.0,0.0,1.0
0.0788932,0.0243099,0.479644,-0.00805556,0.422326,0.217384,0.0,0.0,1.0
0.0730599,0.0464974,0.476502,-0.0143229,0.42217,0.212512,0.0,0.0,1.0
0.0717839,0.0439714,0.465894,-0.0139236,0.402465,0.197685,0.0,0.0,1.0
0.0822656,0.0559115,0.453368,-0.0204514,0.399826,0.186944,0.0,0.0,1.0
0.0844271,0.055651,0.443941,-0.0217361,0.384618,0.169051,0.0,0.0,1.0
0.0789844,0.0410156,0.428715,-0.0142361,0.404514,0.161065,0.0,0.0,1.0
0.0830859,0.0417578,0.416241,-0.0151042,0.408368,0.14875,0.0,0.0,1.0
0.0847917,0.0366927,0.404184,-0.0133681,0.413854,0.133102,0.0,0.0,1.0
0.0857031,0.0319271,0.388385,-0.0120312,0.403976,0.126076,0.0,0.0,1.0
0.0900781,0.0391667,0.378142,-0.0153646,0.408316,0.129479,0.0,0.0,1.0
0.0990625,0.0344792,0.362257,-0.0158333,0.383611,0.117176,0.0,0.0,1.0
0.0997917,0.0226823,0.349358,-0.0109028,0.368889,0.0922222,0.0,0.0,1.0
0.0997135,0.0213542,0.337309,-0.0103472,0.365764,0.102639,0.0,0.0,1.0
0.0992708,0.0175521,0.326181,-0.00921875,0.336059,0.0919097,0.0,0.0,1.0
0.0994792,0.00434896,0.321233,-0.00215278,0.358611,0.0998611,0.0,0.0,1.0
0.096888,-0.00959635,0.312248,0.00435764,0.380399,0.108762,0.0,0.0,1.0
0.0982292,-0.0196875,0.310347,0.00980903,0.350434,0.086169,0.0,0.0,1.0
0.101875,-0.0226823,0.304809,0.0115278,0.355833,0.0858796,0.0,0.0,1.0
0.0947266,-0.0453776,0.296675,0.0207639,0.367986,0.0984722,0.0,0.0,1.0
0.0927474,-0.0601432,0.285547,0.0269792,0.367813,0.0834722,0.0,0.0,1.0
0.0983203,-0.045013,0.284141,0.0219097,0.359097,0.0757639,0.0,0.0,1.0
0.0941536,-0.0483464,0.278498,0.0220833,0.366424,0.067662,0.0,0.0,1.0
0.0936198,-0.0424219,0.27375,0.0197569,0.357465,0.0633796,0.0,0.0,1.0
0.0910156,-0.0257031,0.270764,0.0115799,0.359253,0.0592477,0.0,0.0,1.0
0.093151,-0.0313021,0.263628,0.0141146,0.36724,0.0511227,0.0,0.0,1.0
0.075013,-0.000221354,0.276432,8.68056e-05,0.37599,0.0556597,0.0,0.0,1.0
0.0874219,-0.00190104,0.26434,0.000763889,0.386944,0.0526852,0.0,0.0,1.0
0.0823698,0.00398437,0.265938,-0.00152778,0.383333,0.04875,0.0,0.0,1.0
0.0883854,0.00125,0.263368,-0.000538194,0.365399,0.0496644,0.0,0.0,1.0
0.0958594,-0.00661458,0.264774,0.00309028,0.365035,0.0500926,0.0,0.0,1.0
0.0895052,-0.00492187,0.26375,0.00222222,0.351215,0.0505324,0.0,0.0,1.0
0.0859375,-0.00979167,0.264514,0.00434028,0.344479,0.047037,0.0,0.0,1.0
0.0796875,-0.0134896,0.264896,0.00543403,0.351441,0.0487384,0.0,0.0,1.0
0.0762891,-0.0178255,0.266762,0.00696181,0.347031,0.0473727,0.0,0.0,1.0
0.0799219,-0.0207292,0.264392,0.00836806,0.351979,0.050787,0.0,0.0,1.0
0.0827995,-0.0232161,0.259384,0.00965278,0.354514,0.0491667,0.0,0.0,1.0
0.086862,-0.0229818,0.257509,0.00996528,0.356597,0.0525231,0.0,0.0,1.0
0.0866406,-0.0314062,0.255608,0.0132465,0.364913,0.0555671,0.0,0.0,1.0
0.0847656,-0.0289323,0.252778,0.0122569,0.354722,0.0496991,0.0,0.0,1.0
0.0813802,-0.0364844,0.248507,0.0145486,0.362326,0.0519444,0.0,0.0,1.0
0.0810417,-0.0345052,0.245365,0.0135764,0.365799,0.0556019,0.0,0.0,1.0
0.0780859,-0.0363151,0.241988,0.0135417,0.372187,0.0597454,0.0,0.0,1.0
0.0813411,-0.0340495,0.239175,0.0132465,0.371615,0.0609144,0.0,0.0,1.0
0.0774219,-0.0365104,0.235608,0.0135069,0.371979,0.0675926,0.0,0.0,1.0
0.0783854,-0.0277344,0.233003,0.0102431,0.377292,0.0755787,0.0,0.0,1.0
0.0771875,-0.0265885,0.229427,0.00951389,0.384236,0.0843982,0.0,0.0,1.0
0.0823698,-0.0241146,0.227448,0.00930556,0.379375,0.0900463,0.0,0.0,1.0
0.0822396,-0.0219271,0.226042,0.0084375,0.380382,0.0986574,0.0,0.0,1.0
0.0857812,-0.0117708,0.220903,0.00482639,0.371146,0.113565,0.0,0.0,1.0
0.0844141,-0.00576823,0.218255,0.00236111,0.369132,0.105532,0.0,0.0,1.0
0.0811719,-0.0096875,0.215226,0.00368056,0.378681,0.0952778,0.0,0.0,1.0
0.0804557,-0.0158203,0.206832,0.00604167,0.374722,0.0988426,0.0,0.0,1.0
0.0841927,-0.0109115,0.199028,0.00440972,0.370243,0.100278,0.0,0.0,1.0
0.0848698,-0.00244792,0.195122,0.00100694,0.365174,0.0992593,0.0,0.0,1.0
0.0895052,-0.0132813,0.186441,0.00559028,0.378542,0.0892361,0.0,0.0,1.0
0.0870964,0.0132943,0.193273,-0.00559028,0.367361,0.0828935,0.0,0.0,1.0
0.0871354,0.00453125,0.18625,-0.001875,0.372257,0.0808565,0.0,0.0,1.0
0.086888,0.00602865,0.18204,-0.00236111,0.393819,0.0771759,0.0,0.0,1.0
0.0873438,-0.000416667,0.174271,0.000173611,0.384201,0.0691204,0.0,0.0,1.0
0.091901,0.00101562,0.174236,-0.000434028,0.38342,0.0647338,0.0,0.0,1.0
0.0994271,-0.00151042,0.162326,0.000677083,0.388976,0.0672338,0.0,0.0,1.0
0.0958854,-0.00479167,0.159688,0.00211806,0.388542,0.0709954,0.0,0.0,1.0
0.0971484,-0.00300781,0.157422,0.00131944,0.391354,0.0725694,0.0,0.0,1.0
0.10125,-0.00958333,0.151458,0.00451389,0.382153,0.0739352,0.0,0.0,1.0
0.09875,-0.00346354,0.150503,0.00161458,0.373281,0.0837153,0.0,0.0,1.0
0.103464,0.00226562,0.146667,-0.00116319,0.355747,0.0848958,0.0,0.0,1.0
0.102656,0.00375,0.140347,-0.001875,0.366042,0.091713,0.0,0.0,1.0
0.106211,0.0068099,0.137127,-0.00355903,0.360816,0.0819329,0.0,0.0,1.0
0.111927,0.00567708,0.133542,-0.00319444,0.355139,0.0763426,0.0,0.0,1.0
0.11138,0.00510417,0.124253,-0.00288194,0.350486,0.0717361,0.0,0.0,1.0
0.109141,0.0248958,0.116545,-0.0145833,0.331389,0.0635185,0.0,0.0,1.0
0.109154,0.0173568,0.108984,-0.0107986,0.311458,0.0495139,0.0,0.0,1.0
0.103698,0.00182292,0.107535,-0.000868056,0.379618,0.0956018,0.0,0.0,1.0
0.104766,0.0197135,0.104618,-0.0112674,0.325608,0.0587384,0.0,0.0,1.0
0.101484,0.024974,0.0991319,-0.0120486,0.373194,0.0879398,0.0,0.0,1.0
0.0971354,0.0301042,0.0963889,-0.0132639,0.391701,0.0866435,0.0,0.0,1.0
0.096224,0.0270573,0.0954167,-0.011875,0.389444,0.0673611,0.0,0.0,1.0
0.0983854,0.0310677,0.0949479,-0.0140625,0.386285,0.0702778,0.0,0.0,1.0
0.0969141,0.0242839,0.093967,-0.010434,0.401267,0.0700347,0.0,0.0,1.0
0.0986719,0.0222135,0.0954514,-0.00982639,0.396354,0.0634722,0.0,0.0,1.0
0.0973568,0.0194141,0.0952865,-0.00838542,0.400295,0.0658218,0.0,0.0,1.0
0.107474,-0.00591146,0.0799306,0.0028125,0.399375,0.0659954,0.0,0.0,1.0
0.102318,-0.00315104,0.0843056,0.00144097,0.400087,0.0704514,0.0,0.0,1.0
0.107721,-0.00597656,0.0834115,0.00291667,0.394444,0.0722222,0.0,0.0,1.0
0.105534,-0.0066276,0.0808767,0.00319444,0.391979,0.0708565,0.0,0.0,1.0
0.111354,-0.00825521,0.0866146,0.00427083,0.383021,0.0693056,0.0,0.0,1.0
0.11125,-0.00770833,0.0876389,0.00506944,0.300938,0.0214583,0.0,0.0,1.0
0.127448,0.0274219,0.0872396,-0.0223264,0.278194,0.00798611,0.0,0.0,1.0
0.115391,-0.00619792,0.0868576,0.00456597,0.279288,0.00591435,0.0,0.0,1.0
0.117643,-0.0010026,0.0849913,0.000711806,0.289392,-0.00341435,0.0,0.0,1.0
0.108099,-0.00614583,0.0771354,0.00420139,0.281285,-0.0129167,0.0,0.0,1.0
0.105091,-0.00324219,0.0729948,0.00223958,0.272726,-0.013669,0.0,0.0,1.0
0.103242,0.00410156,0.0717622,-0.00263889,0.285729,-0.0178935,0.0,0.0,1.0
0.102018,0.00608073,0.0721094,-0.00380208,0.289705,-0.0131134,0.0,0.0,1.0
0.106406,0.00158854,0.0760937,-0.000972222,0.314653,-0.00194444,0.0,0.0,1.0
0.107734,-0.00335938,0.076875,0.00170139,0.379757,0.0339815,0.0,0.0,1.0
0.108438,-0.00697917,0.0785417,0.00366319,0.36717,0.0170718,0.0,0.0,1.0
0.10918,-0.000325521,0.0799219,0.000173611,0.377604,0.0233796,0.0,0.0,1.0
0.102786,-0.00645833,0.0840104,0.00375,0.315243,-0.0217824,0.0,0.0,1.0
0.100313,-0.00601562,0.0888021,0.00309028,0.346736,0.00770833,0.0,0.0,1.0
0.0992448,-0.0147917,0.0905729,0.00739583,0.3525,0.00655093,0.0,0.0,1.0
0.099349,-0.0223958,0.0981076,0.0116667,0.339167,-0.000138889,0.0,0.0,1.0
0.0982031,-0.00895833,0.0997396,0.00435764,0.358212,0.00674769,0.0,0.0,1.0
0.0967057,-0.0145443,0.107231,0.00701389,0.357639,0.00356481,0.0,0.0,1.0
0.0936589,-0.0153255,0.110373,0.00696181,0.366267,-0.00179398,0.0,0.0,1.0
0.0964323,-0.0117969,0.115278,0.00555556,0.362708,-0.00476852,0.0,0.0,1.0
0.0926562,-0.00643229,0.121476,0.0028125,0.375,-0.00706019,0.0,0.0,1.0
0.0965365,-0.00747396,0.128264,0.00364583,0.350486,-0.022338,0.0,0.0,1.0
0.0983594,0.0025,0.13776,-0.00123264,0.35408,-0.0168171,0.0,0.0,1.0
0.0976562,0.0142969,0.148976,-0.00690972,0.359722,-0.0106713,0.0,0.0,1.0
0.100391,0.00648437,0.154896,-0.00345486,0.335712,-0.0267245,0.0,0.0,1.0
0.099987,0.0133464,0.164557,-0.00706597,0.335503,-0.0203356,0.0,0.0,1.0
0.090599,0.000234375,0.172674,-0.000138889,0.276076,-0.0475694,0.0,0.0,1.0
0.0935937,0.00997396,0.182691,-0.005,0.332535,-0.0214583,0.0,0.0,1.0
0.0956901,0.0107422,0.190686,-0.00555556,0.329236,-0.0262037,0.0,0.0,1.0
0.0938281,0.00856771,0.199722,-0.00416667,0.344722,-0.0233796,0.0,0.0,1.0
0.0969922,0.00230469,0.202752,-0.00135417,0.289618,-0.0622685,0.0,0.0,1.0
0.102565,0.0019401,0.209366,-0.00126736,0.27592,-0.0736458,0.0,0.0,1.0
0.10237,0.00114583,0.216545,-0.000729167,0.280625,-0.0683565,0.0,0.0,1.0
0.103932,-0.00151042,0.222865,0.000972222,0.288958,-0.0684259,0.0,0.0,1.0
0.100938,0.00127604,0.224705,-0.000833333,0.275521,-0.0671065,0.0,0.0,1.0
0.0935937,0.0192188,0.231076,-0.0109028,0.292743,-0.0595139,0.0,0.0,1.0
0.101836,0.00777344,0.235286,-0.005,0.2825,-0.07875,0.0,0.0,1.0
0.0880208,0.0483073,0.233003,-0.0246181,0.307083,-0.0774306,0.0,0.0,1.0
0.0728776,0.0547786,0.229905,-0.019566,0.362726,-0.0535069,0.0,0.0,1.0
0.0747786,0.0502474,0.215825,-0.0202431,0.330278,-0.0970602,0.0,0.0,1.0
0.069974,0.0648438,0.221198,-0.0210417,0.383438,-0.0689583,0.0,0.0,1.0
0.0766016,0.0379297,0.207057,-0.0189583,0.272431,-0.156435,0.0,0.0,1.0
0.0739844,0.053151,0.203819,-0.0261458,0.267257,-0.165509,0.0,0.0,1.0
0.0688151,0.0635547,0.202734,-0.0281424,0.276302,-0.169271,0.0,0.0,1.0
0.0651302,0.0529948,0.200035,-0.0232465,0.264045,-0.184062,0.0,0.0,1.0
0.0635677,0.0461198,0.211181,-0.0135417,0.385035,-0.111921,0.0,0.0,1.0
0.070013,0.0275391,0.212665,-0.00829861,0.412257,-0.0889352,0.0,0.0,1.0
0.0680469,0.0347917,0.209045,-0.0104861,0.400799,-0.118912,0.0,0.0,1.0
0.0748958,0.0403906,0.20401,-0.0145486,0.369583,-0.10294,0.0,0.0,1.0
0.0756901,0.0430339,0.197648,-0.0153646,0.376719,-0.111447,0.0,0.0,1.0
0.0726953,0.0352995,0.200929,-0.0130556,0.349132,-0.0911343,0.0,0.0,1.0
0.0730208,0.0415625,0.195451,-0.0145833,0.369896,-0.088125,0.0,0.0,1.0
0.0711979,0.0261979,0.200694,-0.0096875,0.342569,-0.0653472,0.0,0.0,1.0
0.0704167,0.0217187,0.202847,-0.00817708,0.332795,-0.0555903,0.0,0.0,1.0
0.0763802,0.0276562,0.198733,-0.0114757,0.327378,-0.0478588,0.0,0.0,1.0
0.0764323,0.0354687,0.198872,-0.0146181,0.329583,-0.0438194,0.0,0.0,1.0
0.0818229,0.0447917,0.196285,-0.0203993,0.319392,-0.0448958,0.0,0.0,1.0
0.0714974,0.00115885,0.209262,-0.000503472,0.28974,-0.0685995,0.0,0.0,1.0
0.0776432,0.0344661,0.207057,-0.0153299,0.310538,-0.0484606,0.0,0.0,1.0
0.0734505,0.0539453,0.217179,-0.0212153,0.331944,-0.0264583,0.0,0.0,1.0
0.0766927,0.0631771,0.21408,-0.0253993,0.33908,-0.0178125,0.0,0.0,1.0
0.0791927,0.0551562,0.206024,-0.0277083,0.280104,-0.0574769,0.0,0.0,1.0
0.0788932,0.0661068,0.205321,-0.0346007,0.267969,-0.0528356,0.0,0.0,1.0
0.0739844,0.0655469,0.208194,-0.0325694,0.264722,-0.0508333,0.0,0.0,1.0
0.0611589,0.0491797,0.214835,-0.0201389,0.265903,-0.0473611,0.0,0.0,1.0
0.0606771,0.0627083,0.212257,-0.0258333,0.261736,-0.0357407,0.0,0.0,1.0
0.0540104,0.0594271,0.209965,-0.02125,0.268646,-0.0232639,0.0,0.0,1.0
0.0489714,0.0732161,0.224123,-0.0216146,0.294809,0.00695602,0.0,0.0,1.0
0.0553385,0.0526562,0.223976,-0.0171007,0.302726,0.00873843,0.0,0.0,1.0
0.0934635,0.0190885,0.219896,-0.00491319,0.361302,0.0472569,0.0,0.0,1.0
0.0924089,0.0203516,0.221936,-0.00545139,0.364271,0.0589352,0.0,0.0,1.0
0.0913542,0.0216146,0.223958,-0.00600694,0.367257,0.0706019,0.0,0.0,1.0
0.0902995,0.0228516,0.225981,-0.00659722,0.370208,0.0822685,0.0,0.0,1.0
0.063099,0.00234375,0.232448,-0.000711806,0.365295,0.11184,0.0,0.0,1.0
0.086849,0.0322656,0.232674,-0.0184028,0.270764,0.0677315,0.0,0.0,1.0
0.0683854,-0.00291667,0.232674,0.0009375,0.376806,0.14294,0.0,0.0,1.0
0.0657422,0.00498698,0.234609,-0.00152778,0.381354,0.153542,0.0,0.0,1.0
0.0661458,-0.00674479,0.236927,0.00215278,0.368958,0.185278,0.0,0.0,1.0
0.0665365,-0.0322396,0.230399,0.0102257,0.373385,0.199664,0.0,0.0,1.0
0.0651432,-0.018138,0.238498,0.00611111,0.344375,0.219491,0.0,0.0,1.0
0.0635677,0.0104948,0.247604,-0.00302083,0.394132,0.206296,0.0,0.0,1.0
0.0734115,0.00223958,0.249635,-0.000746528,0.39658,0.220336,0.0,0.0,1.0
0.0804948,0.0222656,0.244583,-0.00791667,0.401319,0.233565,0.0,0.0,1.0
0.0933984,0.0273828,0.242734,-0.0111111,0.409271,0.243866,0.0,0.0,1.0
0.11043,0.00496094,0.246866,-0.00246528,0.394931,0.256551,0.0,0.0,1.0
0.107917,0.00367187,0.243038,-0.00220486,0.318281,0.215937,0.0,0.0,1.0
0.101146,0.023724,0.239497,-0.0145486,0.293646,0.202454,0.0,0.0,1.0
0.100625,0.0365104,0.235833,-0.0222049,0.294115,0.209896,0.0,0.0,1.0
0.0998698,0.0306771,0.236962,-0.0187847,0.289688,0.208194,0.0,0.0,1.0
0.0985677,0.0351562,0.236927,-0.0195833,0.314896,0.231273,0.0,0.0,1.0
0.0854948,-0.00463542,0.25026,0.00194444,0.362535,0.264977,0.0,0.0,1.0
0.0810417,-0.00888021,0.248247,0.00329861,0.390139,0.263218,0.0,0.0,1.0
0.0924219,0.033776,0.249826,-0.0143576,0.386927,0.262697,0.0,0.0,1.0
0.07375,0.00169271,0.259115,-0.000555556,0.40184,0.260069,0.0,0.0,1.0
0.0671094,0.00382813,0.259132,-0.00114583,0.395312,0.24713,0.0,0.0,1.0
0.0696354,0.00619792,0.264514,-0.00189236,0.404878,0.25022,0.0,0.0,1.0
0.066276,0.0104167,0.27033,-0.00302083,0.40566,0.246759,0.0,0.0,1.0
0.0696875,0.00734375,0.271354,-0.00227431,0.399288,0.240706,0.0,0.0,1.0
0.0733984,0.0124609,0.272595,-0.00397569,0.408385,0.241887,0.0,0.0,1.0
0.074401,0.00539062,0.274792,-0.00180556,0.396076,0.248264,0.0,0.0,1.0
0.0686068,0.00139323,0.267318,-0.000416667,0.410903,0.246296,0.0,0.0,1.0
0.0715885,-0.000286458,0.268229,0.000104167,0.409444,0.240856,0.0,0.0,1.0
0.0794401,-0.00701823,0.268845,0.00248264,0.398906,0.243183,0.0,0.0,1.0
0.0715104,-0.00164062,0.27158,0.000538194,0.392622,0.236516,0.0,0.0,1.0
0.0711979,0.00101562,0.273316,-0.0003125,0.407604,0.236991,0.0,0.0,1.0
0.0717448,-0.00341146,0.271528,0.00112847,0.386753,0.222697,0.0,0.0,1.0
0.0698698,-0.0105729,0.269531,0.00333333,0.392292,0.218426,0.0,0.0,1.0
0.0780208,-0.0263021,0.265243,0.00989583,0.368299,0.209213,0.0,0.0,1.0
0.071875,-0.0236198,0.262448,0.00791667,0.381563,0.205625,0.0,0.0,1.0
0.0736849,-0.0305859,0.259939,0.0103819,0.385556,0.204097,0.0,0.0,1.0
0.0752083,-0.0214844,0.258351,0.00753472,0.381736,0.200301,0.0,0.0,1.0
0.0811068,-0.025612,0.2573,0.00946181,0.390503,0.197928,0.0,0.0,1.0
0.0810156,-0.00919271,0.256285,0.00342014,0.387309,0.196308,0.0,0.0,1.0
0.0814323,-0.00864583,0.253003,0.00319444,0.392396,0.20544,0.0,0.0,1.0
0.0858594,-0.00677083,0.253872,0.00263889,0.392049,0.205255,0.0,0.0,1.0
0.091901,-0.00463542,0.248802,0.00194444,0.392951,0.206319,0.0,0.0,1.0
0.0884115,-0.00200521,0.250694,0.000833333,0.381563,0.179468,0.0,0.0,1.0
0.0946875,0.00263021,0.24908,-0.00114583,0.391528,0.201273,0.0,0.0,1.0
0.0921615,-0.000989583,0.249392,0.000434028,0.364253,0.187882,0.0,0.0,1.0
0.0904427,0.0059375,0.252101,-0.00246528,0.387743,0.197361,0.0,0.0,1.0
0.0954688,0.0248958,0.239618,-0.0107639,0.392465,0.212153,0.0,0.0,1.0
0.0872266,0.0119401,0.246519,-0.00480903,0.385816,0.204734,0.0,0.0,1.0
0.0800911,0.00897135,0.239002,-0.00371528,0.345764,0.180764,0.0,0.0,1.0
0.0833854,0.0176823,0.23901,-0.00715278,0.365521,0.185764,0.0,0.0,1.0
0.0884375,0.0078125,0.234896,-0.00359375,0.342448,0.177928,0.0,0.0,1.0
0.0858594,-0.00380208,0.234392,0.00170139,0.338785,0.191574,0.0,0.0,1.0
0.0900651,-0.022487,0.229644,0.0102778,0.350035,0.188588,0.0,0.0,1.0
0.0839844,-0.00364583,0.232483,0.00147569,0.372205,0.19985,0.0,0.0,1.0
0.0761068,0.00199219,0.241276,-0.000694444,0.386285,0.210301,0.0,0.0,1.0
0.080026,0.00765625,0.239497,-0.00282986,0.386094,0.213137,0.0,0.0,1.0
0.0860156,0.0239583,0.239878,-0.00982639,0.373056,0.223032,0.0,0.0,1.0
0.0922917,0.0467448,0.243177,-0.0210069,0.365139,0.222523,0.0,0.0,1.0
0.0775911,-0.00561198,0.236102,0.00189236,0.410122,0.197604,0.0,0.0,1.0
0.0772786,0.000950521,0.235616,-0.000364583,0.365122,0.198183,0.0,0.0,1.0
0.0752604,-0.00414062,0.231059,0.00175347,0.317309,0.186516,0.0,0.0,1.0
0.0828125,-0.00460937,0.222552,0.00199653,0.338385,0.179549,0.0,0.0,1.0
0.0830729,-0.00401042,0.214514,0.00180556,0.328785,0.175162,0.0,0.0,1.0
0.0946745,-0.00141927,0.205182,0.000711806,0.335642,0.185752,0.0,0.0,1.0
0.0952474,0.000976562,0.199957,-0.000486111,0.338924,0.172106,0.0,0.0,1.0
0.105938,0.00125,0.179132,-0.000746528,0.313142,0.171447,0.0,0.0,1.0
0.10793,0.0198568,0.163047,-0.0122917,0.309826,0.169051,0.0,0.0,1.0
0.108581,0.00128906,0.143238,-0.000868056,0.284618,0.0822222,0.0,0.0,1.0
