188.67125,180.985,241.98125,185.68,227.79125,347.455,174.46625,342.76
181.85,186.8275,234.335,187.3075,232.85,348.1825,180.365,347.7025
183.4075,186.54625,235.8325,188.90125,228.4225,354.08125,175.9975,351.74125
181.7475,187.6925,238.4175,191.0975,228.8025,351.2375,172.1325,347.8325
183.305,193.94125,246.995,202.89625,226.115,351.60625,162.425,342.66625
180.0325,195.865,244.9375,204.16,227.1775,343.015,162.2725,334.72
180.75625,201.095,248.51125,213.71,225.59125,336.665,157.85125,324.05
176.55625,206.29375,241.08625,214.75375,225.96625,330.34375,161.42125,321.89875
186.71,209.935,248.315,226.39,220.85,329.185,159.245,312.73
182.78,210.895,242.81,221.26,223.94,330.505,163.91,320.14
198.2925,210.22,251.4225,227.29,216.0375,337.42,162.9075,320.35
179.98375,202.1825,236.87875,205.0925,228.49375,366.3875,171.61375,363.4775
182.4475,201.02375,239.4025,203.67875,231.7225,365.03375,174.7675,362.39375
184.9,199.865,241.915,202.265,234.94,363.695,177.925,361.295
187.35,198.705,244.44,200.865,238.17,362.355,181.08,360.195
189.8,197.545,246.965,199.45,241.4,361.015,184.235,359.11
192.25125,196.38625,249.49125,198.03625,244.61625,359.67625,187.39125,358.01125
194.7025,195.225,252.0025,196.635,247.8475,358.335,190.5475,356.925
197.1525,194.06625,254.5275,195.22125,251.0775,356.99625,193.7025,355.82625
199.9075,194.035,257.3425,194.95,254.5825,356.785,197.1475,355.87
202.64375,194.01375,260.16875,194.68875,258.11375,356.58375,200.60375,355.92375
205.39875,193.995,262.98375,194.415,261.61875,356.385,204.04875,355.965
208.15125,193.9775,265.79625,194.1425,265.15125,356.1725,207.49125,356.0075
209.53,195.7775,267.25,195.6875,267.31,357.7925,209.59,357.8825
210.9225,197.56375,268.7025,197.24875,269.4675,359.41375,211.6875,359.74375
209.6425,200.615,267.4975,200.045,268.9675,362.285,211.1125,362.855
211.585,209.9475,271.795,212.5725,266.155,341.3625,205.945,338.7375
216.92,210.4525,274.565,211.0825,273.14,340.9375,215.495,340.3075
220.2475,212.45875,273.7975,209.57875,280.3225,331.15375,226.7725,334.01875
224.59875,212.5025,278.82375,208.6175,287.29875,326.8475,233.08875,330.7325
231.2525,208.0175,294.4625,206.8925,296.6975,331.9925,233.4875,333.1175
235.1725,203.1975,307.9825,206.1675,302.3575,343.9725,229.5475,341.0025
234.4075,205.6625,294.3775,200.8175,305.1625,334.3475,245.1925,339.1925
239.95125,201.30125,305.89125,200.55125,307.61625,350.26625,241.69125,351.03125
242.7375,199.9525,308.1825,197.6575,313.6725,354.6175,248.2275,356.9125
243.18,202.9275,305.97,197.7375,319.02,355.5225,256.23,360.7125
245.62125,205.915,307.10625,197.77,327.44625,351.145,265.97625,359.29
245.5025,208.0225,316.1525,197.1325,340.9475,358.0675,270.2975,368.9575
249.22375,214.1375,320.33875,202.4675,343.63375,344.5925,272.53375,356.2625
251.0225,219.47,325.7675,206.78,348.2075,338.99,273.4625,351.68
255.5625,223.7675,331.2375,212.4875,349.8675,337.4825,274.1925,348.7625
254.4575,226.17375,329.8775,212.88375,351.0125,332.76375,275.5925,346.06875
256.0,227.30625,334.405,213.34125,356.14,335.45625,277.735,349.40625
260.82125,222.0075,341.19125,212.6625,356.86625,347.6025,276.51125,356.9475
251.6075,233.02125,321.5225,209.00625,365.9225,338.24625,296.0075,362.27625
251.355,238.425,314.85,210.66,368.565,333.495,305.07,361.26
247.9925,237.7025,311.6525,206.6675,371.9975,330.4475,308.3375,361.4825
250.20875,235.725,309.83375,205.92,370.56875,327.435,310.95875,357.24
249.28125,233.6925,306.71625,203.8275,378.38625,341.6775,320.96625,371.5425
247.7575,238.405,304.2475,205.81,370.1125,319.975,313.6225,352.57
262.33125,217.29625,309.67125,201.32125,361.97625,356.27125,314.65125,372.26125
253.0875,228.5775,305.3025,202.7625,369.2025,332.0325,316.9875,357.8475
245.17125,232.9575,301.10625,200.7375,373.49625,326.3925,317.57625,358.6125
235.9725,242.1425,296.0625,199.7375,377.6775,315.3875,317.5875,357.7925
239.09375,242.1975,296.18375,203.0025,368.12375,307.7925,311.04875,346.9875
236.455,234.77625,296.89,198.26625,373.165,324.49125,312.73,361.01625
242.61875,226.61125,298.76375,200.85625,355.97375,325.61125,299.81375,351.35125
248.225,220.6325,306.71,204.5225,343.115,336.6575,284.63,352.7675
248.0825,224.47375,304.7525,208.60375,342.8675,344.81875,286.1975,360.67375
240.95375,228.09,304.23875,210.03,340.29875,336.45,276.99875,354.51
235.89875,230.58125,300.06875,210.81125,337.29875,331.74125,273.14375,351.49625
226.55375,235.435,296.88875,211.105,339.44375,334.105,269.12375,358.435
222.875,232.925,294.755,210.14,331.745,326.855,259.865,349.64
215.98375,236.14375,286.00375,209.38375,329.83375,324.01375,259.82875,350.78875
205.98,247.855,272.385,212.32,333.0,325.585,266.595,361.12
200.29375,235.3575,262.66375,201.9825,333.71875,334.7925,271.33375,368.1675
194.4825,238.3,249.0075,204.97,329.4075,336.46,274.8825,369.79
188.33875,239.9675,238.03375,205.7675,326.83375,334.7825,277.12375,368.9825
186.8525,235.6225,235.4675,204.2425,322.1975,338.6275,273.5825,370.0075
190.2,227.68375,231.645,203.42875,315.24,346.27375,273.795,370.54375
192.98875,219.83375,241.13875,201.92375,298.82875,357.09875,250.69375,374.99375
180.0875,221.1775,231.1925,198.8575,299.3225,354.8125,248.2175,377.1325
177.87875,219.155,232.47875,200.405,281.67875,343.685,227.09375,362.435
161.99,222.83,223.025,198.725,277.55,336.77,216.515,360.875
151.425,225.70125,218.565,199.30125,268.695,326.86125,201.555,353.24625
154.3325,221.51,216.6275,202.34,254.6375,325.85,192.3425,345.02
140.7625,222.16375,200.9875,199.25875,251.5075,332.05375,191.2825,354.97375
148.7375,214.55375,200.5775,200.93375,237.9125,342.98375,186.0725,356.61875
150.18375,211.3075,198.64875,201.0625,233.50875,366.0025,185.02875,376.2475
143.8725,210.0575,183.0375,199.2875,228.2175,363.6725,189.0525,374.4425
135.25875,209.05125,175.21875,196.33125,228.75375,364.43625,188.77875,377.17125
126.5075,207.515,173.1725,193.775,223.5425,364.865,176.8775,378.605
118.65125,209.63875,173.50625,194.51875,213.13625,338.21875,158.29625,353.35375
108.80375,215.77625,164.85875,196.26125,212.28875,332.43125,156.21875,351.96125
117.065,200.64125,181.175,192.09125,201.515,344.76125,137.405,353.29625
119.3175,204.42125,178.1625,198.58625,190.5525,323.58125,131.7075,329.40125
107.0725,202.625,171.6325,191.9,194.5375,329.735,129.9775,340.46
99.77875,208.90375,156.49375,194.81875,189.31375,326.95375,132.58375,341.05375
108.935,195.0625,157.88,188.4175,181.025,358.7875,132.08,365.4325
107.2175,195.275,151.0175,188.285,177.9725,357.125,134.1725,364.115
96.23125,197.43375,138.03625,185.58375,186.51625,356.77875,144.72625,368.61375
93.61625,195.6875,144.61625,185.5925,178.90625,358.8425,127.89125,368.9375
80.52525,199.64125,134.37225,182.69125,188.38725,354.18625,134.53725,371.15125
67.5305,207.7775,123.1745,183.2375,186.2945,326.3525,130.6445,350.8925
67.704375,192.245,108.256875,170.75,204.811875,352.895,164.251875,374.39
67.613375,206.3475,112.662875,181.1625,187.872875,315.6825,142.827875,340.8675
85.006375,196.49,144.959875,184.955,169.574875,312.95,109.619875,324.485
84.7915,195.98875,142.2835,184.88875,167.1085,313.60375,109.6285,324.68875
94.70125,189.07375,145.82125,183.80875,162.24625,342.94375,111.14125,348.22375
95.4475,186.595,145.8625,181.195,163.6825,347.365,113.2675,352.765
92.64,184.435,139.515,175.585,171.0,342.445,124.125,351.295
89.29875,185.705,140.08875,173.33,181.11375,341.735,130.30875,354.11
93.555,181.205,144.045,171.59,177.285,346.055,126.795,355.67
98.1825,180.005,157.8375,173.3,174.9075,325.355,115.2525,332.06
92.86,178.5325,154.36,166.1575,185.92,322.9375,124.42,335.3125
94.585,179.19625,157.345,166.71625,187.675,319.19125,124.915,331.68625
103.345,180.2625,160.9,171.4575,181.615,306.7875,124.06,315.5925
108.1075,175.565,164.4475,168.215,182.5225,306.875,126.1825,314.225
111.8925,178.21375,165.8925,170.54875,184.9575,305.03875,130.9575,312.68875
124.19125,172.50375,172.16125,170.28375,179.67625,332.61375,131.72125,334.84875
107.3325,179.1975,160.2675,163.2075,208.2975,322.2525,155.3625,338.2425
117.0125,171.66625,166.2275,161.43625,201.4775,331.29625,152.2625,341.51125
121.7725,169.3675,168.2275,160.2475,202.0975,332.8825,155.6425,342.0025
118.23,170.89375,169.425,158.27875,207.81,314.15875,156.615,326.75875
109.73,177.58125,169.07,157.34625,218.87,303.46125,159.53,323.68125
142.01,162.62,198.365,161.765,200.81,324.8,144.455,325.655
133.11125,179.1925,187.11125,167.3125,211.53125,278.2975,157.51625,290.1775
151.02375,167.5975,207.06375,166.1125,210.16875,282.4525,154.11375,283.9375
140.70375,169.2775,198.15375,160.5475,217.54875,288.1525,160.08375,296.8825
161.75625,160.08125,210.29625,159.99125,210.56625,319.92125,162.01125,319.99625
164.405,160.41875,210.035,159.14375,214.475,319.07375,168.845,320.33375
132.355,180.21375,191.035,153.58875,254.485,293.40375,195.805,320.04375
157.99,160.87375,210.13,151.07875,240.73,313.72375,188.59,323.53375
162.645,157.05875,210.885,148.53875,240.495,316.31375,192.255,324.81875
168.05875,156.65625,221.21875,150.53625,238.67875,302.42625,185.53375,308.53125
162.2175,158.38,218.4975,146.875,249.5925,298.84,193.3125,310.345
167.3775,154.60125,227.8875,145.34625,250.9725,296.18625,190.4625,305.45625
178.08,157.75,236.175,153.685,245.28,284.05,187.185,288.115
183.335,153.1425,239.765,151.1925,244.385,285.0075,187.955,286.9575
189.025,151.25,242.59,149.645,247.315,306.65,193.75,308.255
191.26,153.175,239.74,149.905,250.06,302.605,201.58,305.875
176.54,159.9225,232.025,145.3575,271.58,296.1075,216.095,310.6725
190.835,150.65,241.415,144.38,261.185,303.71,210.605,309.98
190.57125,146.9675,243.01125,141.5825,259.99125,306.7025,207.53625,312.0875
184.8175,148.2075,239.0125,137.6325,271.1725,302.4225,216.9775,312.9975
176.13,150.225,237.885,134.52,280.11,300.615,218.355,316.32
200.43,140.90375,254.535,141.35375,253.23,299.27375,199.125,298.83875
215.405,139.16,262.355,145.16,242.255,302.24,195.305,296.24
193.88875,159.4,256.43875,153.34,266.44375,256.54,203.87875,262.6
214.135,138.23875,266.77,144.76375,247.045,303.61375,194.41,297.07375
207.02,139.98,264.335,141.615,259.7,303.54,202.385,301.905
192.68375,148.26875,253.19375,138.69875,275.87375,282.00875,215.37875,291.59375
186.305,153.4875,245.96,135.9525,290.015,285.8625,230.36,303.3975
196.71875,149.185,252.75875,136.915,286.77875,292.375,230.75375,304.645
208.42125,144.15625,257.33625,137.52625,279.44625,300.84625,230.54625,307.46125
208.9175,143.135,256.5125,134.585,285.4325,295.505,237.8375,304.055
215.18,137.09,263.6,132.455,279.26,296.21,230.84,300.845
215.325,134.73875,265.095,129.44375,282.675,294.27875,232.905,299.58875
221.2325,136.13375,270.4625,133.85375,277.7975,293.07875,228.5675,295.34375
226.10625,135.725,274.46625,135.665,274.67625,296.855,226.30125,296.915
229.7775,132.21625,278.4675,134.22625,271.6125,300.71125,222.9225,298.71625
232.2975,136.2225,282.9525,141.1725,267.6525,297.9075,216.9975,292.9575
232.355,136.74875,283.64,140.76875,271.265,298.40375,219.98,294.36875
230.4525,136.2825,284.2275,138.4275,277.8975,297.0075,224.1225,294.8625
223.2675,138.49,286.0725,136.66,290.6625,293.95,227.8575,295.78
245.82,128.16875,297.33,137.49875,267.0,305.16875,215.49,295.85375
249.3075,124.615,302.6475,135.55,267.9825,304.645,214.6425,293.71
226.8275,136.41,289.7225,133.455,295.6625,259.71,232.7675,262.665
248.47,130.3525,299.905,137.5675,278.95,286.8175,227.515,279.6025
228.13625,141.53875,288.91625,134.95375,301.83125,254.41375,241.06625,260.98375
236.61625,138.13875,294.72625,136.87875,297.53125,265.45875,239.43625,266.73375
245.1525,130.9975,296.3775,132.4825,291.6975,294.8725,240.4725,293.3875
251.29125,129.87,297.65625,131.985,290.33625,292.71,243.98625,290.595
237.15,127.0,290.37,119.59,313.71,287.5,260.49,294.91
250.98625,123.715,299.93125,122.515,304.11625,292.465,255.15625,293.665
260.7525,122.195,304.6275,124.22,296.7975,294.245,252.9225,292.22
260.2425,123.26375,309.0825,124.79375,304.0875,285.11375,255.2475,283.59875
261.55375,122.97125,310.31875,122.25125,312.70375,282.25625,263.95375,282.99125
267.5825,125.65,313.6175,126.31,311.3675,284.11,265.3325,283.45
274.61125,122.53125,322.92625,127.21125,307.71625,284.45625,259.41625,279.79125
276.6425,126.4025,325.3325,131.5925,309.1475,283.4675,260.4575,278.2775
275.3375,128.69,327.4025,133.565,313.3325,283.67,261.2675,278.795
281.50125,125.44,334.61625,134.89,308.68125,280.66,255.55125,271.21
276.6625,125.22125,335.8375,132.60125,317.6275,278.74625,258.4525,271.38125
271.115,125.45375,333.875,129.69875,323.465,283.47875,260.705,279.21875
269.6775,122.04625,335.5275,126.36625,325.7325,275.96125,259.8825,271.65625
267.87125,133.42375,328.09625,131.75875,331.45625,252.91375,271.24625,254.59375
273.79,130.8125,333.145,134.0525,327.19,242.9375,267.835,239.6975
274.915,128.12875,338.035,135.04375,326.125,243.80875,263.005,236.90875
272.115,132.68625,330.225,134.00625,327.765,242.62125,269.655,241.31625
262.57375,129.1675,329.05375,127.7875,331.85875,261.4825,265.36375,262.8625
265.59125,131.13,323.43125,128.43,329.19125,251.49,271.33625,254.19
262.8525,127.7625,321.7275,122.5275,334.1175,261.9675,275.2425,267.2025
265.70125,122.1075,318.44125,117.3975,332.72125,277.1025,279.96625,281.8125
268.12,121.9875,314.665,117.6675,329.86,281.6025,283.315,285.9225
273.64625,118.9975,321.96125,118.4125,323.95625,281.0725,275.62625,281.6575
276.50875,118.6875,320.51875,118.5975,320.86375,280.3425,276.83875,280.4325
275.3225,116.21875,319.3325,115.99375,320.1275,279.13375,276.1175,279.34375
273.63625,118.20125,321.21625,118.35125,320.75125,277.96625,273.18625,277.83125
275.45875,116.25125,322.00375,117.24125,318.61375,278.23625,272.05375,277.26125
277.00625,120.92125,326.04125,124.44625,315.07625,277.14625,266.02625,273.63625
281.49,119.97,331.62,126.615,311.49,278.43,261.36,271.785
281.9,124.6025,328.985,130.4525,310.88,276.1475,263.795,270.2975
279.8825,125.135,327.2375,128.33,317.3075,275.165,269.9525,271.97
279.53875,123.2575,320.62375,123.5275,319.61875,278.3125,278.54875,278.0425
284.80875,120.97375,327.58875,124.10875,316.96875,269.14375,274.20375,266.02375
285.265,129.425,327.265,132.815,316.615,264.695,274.615,261.305
286.30125,126.54125,328.19625,130.48625,314.86125,272.62625,272.95125,268.69625
293.42,122.455,335.93,130.285,306.44,290.365,263.93,282.535
289.41375,121.78125,327.21375,126.70125,305.83875,290.80125,268.02375,285.86625
291.2925,121.05,325.4625,125.325,304.8975,289.53,270.7275,285.255
290.025,123.8,325.815,128.075,306.615,288.32,270.825,284.045
290.65,122.5175,326.26,126.1925,309.55,287.9525,273.94,284.2775
292.23125,121.68375,329.62625,126.93375,306.97625,288.04875,269.59625,282.78375
291.665,125.13875,335.525,132.57875,309.035,288.59375,265.175,281.13875
292.67,125.49625,339.035,134.24125,309.41,291.12625,263.045,282.36625
291.91625,126.475,341.34125,135.67,312.87125,288.625,263.46125,279.43
292.8475,131.06,344.7925,141.965,314.3425,287.0,262.3975,276.095
292.96,130.965,345.685,141.315,317.32,285.795,264.595,275.445
291.2,131.4575,343.22,139.9325,319.7,284.2925,267.68,275.8175
284.90625,134.4125,337.76625,139.2125,324.70125,283.0775,271.85625,278.2775
284.72625,135.8225,337.09125,140.8625,322.54125,292.1075,270.19125,287.0675
290.2025,131.55,332.5625,138.195,306.9875,301.35,264.6275,294.705
283.36375,135.36,327.34375,139.035,314.11375,297.12,270.14875,293.445
275.3875,138.2875,321.4825,138.1975,321.7825,292.2625,275.6875,292.3525
276.86,135.0775,319.355,135.0925,319.34,295.6525,276.845,295.6375
276.625,132.6775,320.005,133.5925,316.555,296.8525,273.175,295.9375
278.0275,132.29625,320.6125,133.70625,315.1825,296.90625,272.5975,295.48125
274.935,131.0075,320.445,131.9525,316.905,301.8425,271.395,300.8975
274.86125,131.97625,319.00625,132.65125,316.38125,303.78625,272.22125,303.09625
277.3575,137.14,319.9275,138.505,314.7525,299.74,272.1825,298.375
276.0225,135.30625,316.2675,135.83125,313.9875,308.25625,273.7425,307.71625
279.88625,139.57625,316.26125,141.49625,307.38125,310.05125,271.02125,308.14625
275.89375,140.29,315.22375,141.76,308.86375,312.49,269.54875,311.02
273.42,140.73625,315.27,142.40125,308.46,312.42625,266.61,310.74625
270.86625,140.93625,312.26625,142.21125,306.95625,315.67125,265.54125,314.41125
270.07375,141.86875,310.64875,142.72375,307.01875,316.46875,266.42875,315.62875
266.8025,143.5225,308.4275,144.0175,306.3875,316.0675,264.7625,315.5725
267.45625,142.3425,308.27125,143.1225,304.92625,318.0675,264.09625,317.2875
265.7825,143.3625,303.2225,143.3175,303.4475,316.6875,266.0075,316.7325
265.3325,142.75625,301.7975,142.66625,302.2175,315.82625,265.7525,315.90125
263.70375,140.49875,299.35875,140.84375,297.69375,314.49875,262.05375,314.16875
262.90625,138.5275,299.68625,139.8775,293.17625,317.7025,256.38125,316.3525
259.57,139.29125,297.175,140.55125,291.31,316.81625,253.705,315.57125
257.9575,138.5975,294.9325,140.2625,286.8325,319.5125,249.8575,317.8475
256.0225,139.61875,294.1675,141.58375,284.8675,323.09875,246.7225,321.14875
257.50625,139.5525,294.34625,142.5375,279.31625,328.1775,242.46125,325.1925
254.72375,145.365,291.77375,147.855,279.53375,329.775,242.49875,327.285
250.9,146.3075,289.885,148.7525,278.98,322.3625,239.995,319.9175
252.4175,147.9425,295.6775,153.4925,272.4125,334.4675,229.1525,328.9175
247.2,149.85,295.14,155.145,275.22,335.37,227.28,330.075
242.53375,151.3175,292.34875,156.1925,274.85875,334.8725,225.02875,329.9975
238.6425,150.5175,288.4425,154.2375,274.9275,335.5725,225.1275,331.8525
238.555,150.8425,288.355,156.1675,268.945,337.8475,219.145,332.5225
229.63375,153.61,278.90875,155.38,272.39875,336.49,223.10875,334.72
226.2325,153.84875,274.3075,155.07875,269.6575,335.00375,221.5825,333.75875
221.8675,157.9475,268.3525,158.1575,267.5425,333.7025,221.0575,333.4925
221.55,155.41875,264.405,154.77375,267.03,332.19375,224.175,332.82375
212.21,155.96875,261.455,152.08375,275.39,328.90375,226.145,332.77375
212.935,153.10125,261.73,151.43625,267.805,330.28125,219.01,331.93125
217.17375,148.10125,261.18375,148.59625,259.09875,330.62125,215.07375,330.11125
211.635,148.41,260.745,148.29,261.165,331.89,212.055,332.01
212.515,149.88375,261.655,152.04375,253.825,329.68875,204.685,327.51375
199.225,150.655,254.335,145.96,270.295,333.205,215.185,337.9
206.01625,149.755,256.52125,149.635,256.98625,336.925,206.46625,337.045
207.3775,152.51125,258.9175,154.38625,252.0925,341.39125,200.5525,339.50125
201.5725,154.7275,258.5125,156.5425,252.5575,342.3025,195.6175,340.4875
198.93625,156.00875,260.37625,159.15875,250.92625,344.22875,189.47125,341.09375
195.45,165.81,255.03,166.65,252.87,320.37,193.29,319.53
192.4975,163.465,254.3425,164.41,251.9125,323.695,190.0675,322.75
184.8625,164.8625,251.4625,163.8575,253.8475,322.4075,187.2475,323.4125
179.3875,174.5025,248.4775,169.9575,258.3025,319.3875,189.2125,323.9325
174.79,173.9875,243.325,166.9825,257.29,303.4825,188.755,310.4875
167.75625,179.22625,236.99625,167.01625,261.67125,307.11625,192.44625,319.31125
164.02375,176.1675,232.93375,162.5925,262.81375,314.3025,193.91875,327.8775
171.48625,168.5,233.27125,159.035,257.67625,318.26,195.87625,327.725
181.16,159.78875,239.75,156.99875,247.82,326.78375,189.23,329.55875
181.06375,161.17125,239.11375,158.90625,245.66875,327.55125,187.60375,329.80125
187.9675,156.455,241.8175,157.775,237.6025,330.065,183.7525,328.745
192.68125,158.075,245.64625,163.895,228.60625,318.785,175.65625,312.965
171.0975,153.845,237.6525,150.725,246.4125,338.135,179.8575,341.255
179.55,154.65375,234.465,151.26375,245.73,333.54375,190.815,336.94875
171.04,165.04625,228.46,155.20625,256.06,316.08125,198.64,325.93625
161.94125,173.44,226.15625,157.63,263.80625,310.6,199.60625,326.41
169.515,168.35375,231.69,158.51375,255.765,310.46375,193.59,320.31875
165.93625,172.395,230.13625,159.75,258.65125,304.485,194.46625,317.13
156.04875,175.7975,227.28375,157.2575,265.62375,304.5725,194.37375,323.1125
158.77875,166.08,229.05375,152.115,263.25375,324.24,192.96375,338.205
172.1875,156.4925,239.8225,152.0675,251.4025,328.7975,183.7675,333.2225
180.0675,153.63375,247.4175,155.98875,241.4025,328.50375,174.0525,326.16375
175.61,157.5225,250.535,162.8025,241.25,294.4875,166.325,289.2075
156.9375,172.8025,233.3775,158.9425,255.7725,282.4075,179.3325,296.2675
163.03375,163.0375,237.91375,157.1125,250.78375,320.0125,175.91875,325.9375
154.77,174.77875,234.09,163.37875,255.09,309.47875,175.77,320.89375
159.76625,173.05125,234.96125,164.14125,252.13625,308.87625,176.92625,317.80125
156.17625,175.0925,232.79625,163.3025,254.30625,303.1175,177.67125,314.9075
152.92125,175.66625,228.44625,161.58125,255.04125,304.02125,179.50125,318.12125
159.2725,168.9025,230.2225,158.7025,251.1775,304.4875,180.2275,314.6875
173.4225,157.4375,237.5175,155.2925,242.7675,312.5525,178.6725,314.6975
178.045,155.8725,237.865,154.9875,240.175,310.1775,180.355,311.0625
179.73125,151.66375,238.47125,151.72375,238.27625,314.42875,179.55125,314.35375
180.565,148.995,235.78,148.59,237.175,334.665,181.96,335.07
180.4225,147.85625,236.5825,147.66125,237.2275,336.40625,181.0675,336.58625
187.0125,150.6275,238.0575,153.1625,229.5375,324.7025,178.4925,322.1675
185.78375,152.435,238.89875,155.3,229.55375,328.025,176.45375,325.16
157.1425,167.52875,230.4475,157.73375,251.4475,314.82875,178.1425,324.63875
156.66875,168.085,230.30375,158.845,249.42875,311.335,175.80875,320.575
161.90125,164.775,232.73125,160.38,242.54125,318.645,171.69625,323.04
165.30625,164.34,233.69125,163.29,236.06125,319.14,167.69125,320.19
164.82375,162.4,233.11875,162.19,233.62875,321.4,165.31875,321.61
156.38,170.0325,237.08,167.9925,240.86,317.4375,160.16,319.4775
157.215,171.8225,226.335,168.4175,233.565,314.9075,164.445,318.3125
154.4775,172.87875,223.5225,168.79875,232.1925,315.87375,163.1475,319.93875
153.7975,171.2925,229.1125,170.6325,230.4925,326.5575,155.1775,327.2175
142.17375,173.79625,213.88875,165.84625,231.55875,325.13125,159.82875,333.09625
144.7725,172.10125,212.5125,166.65625,225.7575,331.64125,158.0175,337.07125
144.70625,175.82125,208.12625,171.03625,220.15625,330.00625,156.72125,334.80625
147.8675,168.53375,209.1125,167.09375,213.6425,360.45875,152.3975,361.88375
144.53625,168.3275,203.69625,166.2875,210.43125,361.1825,151.28625,363.2225
147.94625,163.3075,201.30125,163.0825,202.14125,363.2425,148.80125,363.4675
148.6025,162.7225,195.5225,162.9925,194.3675,364.9075,147.4475,364.6375
149.77375,160.3525,194.36875,161.7625,187.90375,366.1375,143.32375,364.7275
153.1725,163.675,194.4825,166.825,179.2575,366.505,137.9475,363.355
154.0025,160.835,193.0025,164.495,173.9675,367.325,134.9675,363.665
156.4925,162.7725,194.7875,168.3375,166.1375,365.3175,127.8425,359.7525
155.58375,163.4525,195.82875,169.9625,164.79375,361.8575,124.56375,355.3475
154.1075,162.075,196.9925,169.425,163.2425,366.345,120.3575,358.995
143.7,163.65625,193.185,170.36125,166.86,364.32625,117.375,357.60625
148.5375,163.2975,201.1725,173.4975,163.4925,367.7325,110.8575,357.5325
132.7775,165.1125,189.2975,170.5275,170.4125,367.8975,113.8925,362.4825
149.62375,164.7775,202.81375,177.2725,157.58875,369.9325,104.38375,357.4375
128.265,167.3475,186.15,172.0125,170.655,364.4025,112.77,359.7375
121.52,168.6575,180.305,170.7875,173.3,364.0925,114.515,361.9625
119.035,171.1175,179.23,172.4375,175.105,361.6925,114.91,360.3725
113.0775,175.33875,178.5675,175.17375,179.0325,366.57375,113.5425,366.72375
114.47125,172.5125,179.18125,172.6325,178.85125,366.4775,114.12625,366.3575
115.0725,173.9425,176.8575,172.9525,179.9175,364.1875,118.1325,365.1775
114.8575,173.1275,178.6825,172.3175,181.1725,367.6025,117.3475,368.4125
118.0625,172.81875,180.0125,173.01375,179.3675,367.65375,117.4175,367.44375
117.54375,172.06,179.62875,171.76,180.57375,370.3,118.50375,370.6
120.4125,174.21,177.8775,174.27,177.6975,371.19,120.2325,371.13
119.32625,171.7625,176.86625,171.3125,178.39625,371.1275,120.84125,371.5775
126.30625,170.045,181.17625,172.085,173.61625,375.395,118.73125,373.355
123.21,175.3575,177.24,175.4625,176.85,372.4725,122.82,372.3675
129.24125,173.01,180.91625,174.735,174.18125,376.65,122.49125,374.925
128.7675,175.6475,181.3725,177.0725,176.0025,375.3425,123.3975,373.9175
130.005,177.89,182.19,179.255,177.015,376.85,124.83,375.485
132.03125,171.81,182.01125,172.95,177.37625,375.69,127.41125,374.55
134.51375,179.0025,184.70375,180.8325,177.80375,369.8475,127.62875,368.0175
134.35,177.61,186.925,178.825,182.47,370.87,129.895,369.655
135.605,175.37,188.72,176.96,182.915,370.97,129.8,369.38
137.17,176.805,188.095,178.23,182.71,370.755,131.785,369.33
137.74,180.5725,188.2,182.0575,182.68,369.9775,132.22,368.4925
140.73,177.5375,190.53,179.9975,181.05,371.5925,131.25,369.1325
140.01125,181.98875,191.13125,184.38875,182.43125,370.80875,131.29625,368.42375
141.22625,177.5525,195.84125,181.3775,182.40125,373.1375,127.80125,369.3125
143.9725,180.15,199.2625,185.325,181.7575,372.27,126.4675,367.095
141.565,176.78375,193.0,179.30375,183.475,373.14875,132.04,370.61375
144.3875,179.4125,197.6375,184.1825,181.1225,368.2175,127.8725,363.4475
141.50125,182.92375,195.50125,186.71875,182.88625,365.78875,128.90125,361.97875
143.28625,180.9825,197.12125,185.4375,182.12125,366.7275,128.30125,362.2725
137.235,181.6225,190.77,183.1075,185.565,370.7875,132.03,369.3025
141.55625,180.9425,198.16625,185.3225,183.94625,369.2675,127.32125,364.8875
136.4475,186.1275,187.8975,187.0275,184.8825,361.2825,133.4325,360.3825
136.35,183.29875,186.675,184.01875,184.05,366.73375,133.725,365.99875
130.7425,183.4125,178.6825,181.6425,185.6275,370.5375,137.6875,372.3075
131.08625,183.385,178.98125,181.84,184.87625,364.435,136.96625,365.98
130.4775,178.81625,178.9575,177.81125,182.8125,364.54625,134.3325,365.53625
132.305,178.07,178.505,177.665,180.215,368.93,134.015,369.335
134.2175,177.0175,179.3525,177.4975,177.3125,373.0525,132.1775,372.5725
132.10125,177.28,177.82125,176.485,181.34625,377.92,135.64125,378.715
135.23375,175.67625,178.56875,175.85625,177.69875,379.04625,134.34875,378.85125
135.9825,175.305,180.9975,176.775,174.3675,380.295,129.3525,378.825
133.0925,168.66,181.6925,169.605,177.5975,380.4,128.9975,379.455
131.4925,166.54125,179.6875,166.90125,178.0375,383.32125,129.8425,382.94625
132.53,162.2125,181.535,162.9625,178.13,383.8975,129.125,383.1475
132.09875,160.945,183.45875,161.98,178.95875,385.495,127.61375,384.46
133.63625,168.6125,181.89125,169.0775,179.85125,381.8975,131.61125,381.4325
134.81125,165.63,182.72125,165.975,181.11625,383.37,133.22125,383.025
134.09,166.605,184.865,166.47,185.45,384.795,134.675,384.93
134.4275,169.6025,183.4475,168.7625,187.1225,383.7275,138.1025,384.5675
138.1325,174.9925,184.0925,175.2175,183.0575,382.6975,137.0975,382.4725
140.5175,174.03625,184.7225,174.59125,182.0525,383.34625,137.8475,382.77625
143.3575,178.7,184.5325,179.675,179.7325,384.32,138.5575,383.345
140.38,177.715,186.175,177.82,185.68,385.465,139.885,385.36
142.07,180.69375,183.455,180.33375,185.27,384.06375,143.885,384.43875
142.27625,180.2225,186.69125,180.0875,187.29125,384.9275,142.89125,385.0625
142.5975,182.135,186.2925,182.105,186.4725,385.085,142.7775,385.115
144.1375,179.76625,187.7125,179.99125,186.6325,385.47625,143.0575,385.23625
145.6725,183.1,187.6125,183.415,186.0975,384.46,144.1575,384.145
146.27875,182.4075,188.68375,182.7075,187.19875,387.5025,144.80875,387.2025
143.9525,181.2725,190.4375,181.6475,188.7575,386.7575,142.2725,386.3825
147.0025,185.4125,190.8775,186.2525,187.0075,385.9175,143.1325,385.0775
147.65125,181.9225,192.93625,183.0925,187.65625,386.4475,142.38625,385.2775
152.1725,181.7875,194.2625,183.9025,184.0775,386.5825,141.9875,384.4675
150.675,181.5175,196.065,183.8425,185.625,387.2725,140.235,384.9475
149.78375,180.9675,197.12375,183.0375,188.22875,387.0825,140.87375,385.0125
146.9425,185.48625,194.0725,185.63625,193.4875,385.72125,146.3575,385.58625
148.11625,193.0775,195.05125,193.7675,192.23125,384.9125,145.31125,384.2225
144.5675,192.22125,194.8025,191.72625,196.7825,387.02625,146.5475,387.53625
151.185,186.3475,197.685,188.2825,189.375,388.6225,142.875,386.6875
152.1925,182.8275,197.5825,184.6125,189.5575,388.7625,144.1675,386.9775
152.14875,186.70125,196.80375,188.39625,189.16875,388.00125,144.52875,386.29125
150.7575,185.92125,197.7075,187.49625,190.9125,390.68625,143.9625,389.12625
149.2,189.2,197.605,191.045,190.3,382.34,141.895,380.495
145.1675,192.0425,198.1475,192.8525,195.1625,386.6075,142.1825,385.7975
156.0625,191.42,210.9625,197.915,189.3475,380.54,134.4475,374.045
155.0575,192.9675,211.0075,198.8625,191.2525,386.3025,135.3025,380.4075
146.5425,195.6875,200.6475,196.4375,198.0075,387.0425,143.9025,386.2925
156.9125,191.12625,217.8725,198.79125,194.6375,383.33625,133.6775,375.65625
153.12875,190.35625,216.56375,196.62625,198.06875,383.40625,134.64875,377.12125
151.745,191.68375,213.26,196.10875,199.955,381.31375,138.44,376.90375
142.71,194.2675,203.49,193.9525,204.45,379.0225,143.67,379.3375
140.4225,195.33125,198.6525,192.90125,206.5275,380.89625,148.2975,383.34125
144.51,189.54,202.335,189.39,202.83,379.32,145.005,379.47
145.15125,187.09125,202.73625,187.37625,201.79125,379.09125,144.19125,378.79125
144.8,186.72625,203.315,186.99625,202.46,379.34125,143.945,379.08625
146.72875,188.5125,204.37375,189.5325,201.04375,378.6375,143.38375,377.6175
153.2225,182.43875,213.8375,187.37375,197.9075,382.85375,137.2925,377.90375
150.015,186.0375,210.135,189.3825,199.485,380.6925,139.365,377.3475
145.4525,186.9625,207.7625,188.1925,203.9375,382.8475,141.6275,381.6175
148.165,184.5425,207.685,185.7725,203.575,383.0675,144.055,381.8375
148.835,184.24375,208.07,184.93375,205.805,381.49375,146.57,380.81875
149.95,187.07625,208.21,187.97625,205.21,380.30625,146.95,379.39125
150.2125,186.60375,207.5275,187.45875,204.7375,375.81375,147.4225,374.97375
152.875,186.55,210.925,188.725,203.965,374.29,145.915,372.115
150.5175,185.895,211.3125,186.615,208.9725,383.925,148.1775,383.205
157.34625,183.3375,211.61625,185.5575,203.45625,384.4125,149.17125,382.1925
151.27875,187.0275,208.71375,187.7475,206.31375,381.3225,148.86375,380.6025
154.2125,189.7525,213.2075,192.4375,204.8975,375.4975,145.9025,372.8125
151.32125,189.4025,211.11125,190.4225,207.84125,381.3275,148.03625,380.3075
152.2875,188.075,211.9875,189.89,206.3025,377.345,146.6025,375.53
158.79625,186.4025,217.59625,190.7375,203.58625,380.6075,144.77125,376.2725
155.69875,186.18125,212.18875,187.86125,206.53375,379.18625,150.02875,377.52125
162.275,185.84,217.13,189.62,204.185,377.6,149.33,373.82
166.51,185.44125,220.84,190.58625,202.45,385.28625,148.12,380.15625
166.24,185.80125,222.865,191.24625,204.82,379.04625,148.195,373.61625
170.2375,185.46875,227.0725,192.32375,203.9125,384.54875,147.0775,377.70875
174.59875,182.48875,230.11375,190.25875,203.15875,382.88875,147.65875,375.13375
174.41,181.975,232.355,189.73,206.15,385.465,148.205,377.71
183.2575,183.0475,241.7275,194.5525,204.0325,386.2225,145.5625,374.7175
184.485,184.7375,243.975,197.0225,205.035,385.5125,145.545,373.2275
187.1275,181.2175,243.9175,192.0475,206.2225,389.7325,149.4325,378.9025
185.69875,183.8175,238.07875,191.7525,208.51375,387.0525,156.11875,379.1175
185.13125,183.64125,232.98125,189.34125,209.43125,387.50625,161.56625,381.82125
187.3475,184.6875,232.3625,189.6825,210.5225,386.6625,165.5075,381.6675
189.4625,184.41875,233.0525,189.39875,210.3275,388.25375,166.7375,383.25875
188.96375,188.2425,231.84875,192.1275,214.01375,388.5675,171.14375,384.6825
191.34125,185.8075,235.30625,190.5175,214.12625,388.0225,170.17625,383.3125
194.5625,182.8675,237.5525,187.4125,216.1475,389.7625,173.1575,385.2175
192.8475,184.30375,236.0475,187.12375,222.8625,388.76875,179.6625,385.93375
195.17125,186.3675,238.70125,189.6525,223.61125,389.4825,180.06625,386.1975
193.55875,185.6575,237.46375,187.4725,229.13875,388.9525,185.24875,387.1375
196.7375,184.8925,242.1425,187.7575,229.5125,388.7575,184.1075,385.8925
198.2225,183.96,244.4525,187.485,229.1075,388.62,182.8775,385.095
198.95125,184.56625,245.06125,187.89625,230.73625,386.78125,184.64125,383.46625
196.46875,184.9525,247.81375,187.3375,238.46875,388.5775,187.13875,386.1925
195.12875,183.595,245.24375,183.97,243.74375,385.525,193.61375,385.15
194.4825,185.71875,249.3375,184.54875,253.3875,375.39375,198.5325,376.54875
197.7,186.08125,250.77,185.42125,253.08,373.58125,200.01,374.22625
200.235,183.65125,251.715,183.69625,251.505,376.91125,200.025,376.85125
202.975,182.1325,254.185,182.3875,253.225,377.9575,202.015,377.7025
203.3025,181.87,257.6925,182.05,257.0475,377.05,202.6575,376.87
198.26,187.78,258.77,185.65,265.34,372.94,204.83,375.07
198.39375,188.9625,267.76875,187.1775,272.58375,373.9875,203.22375,375.7725
192.3925,197.005,259.0225,189.325,279.7975,369.655,213.1675,377.335
203.96125,198.155,278.01625,196.295,282.44125,372.005,208.37125,373.865
235.2925,190.67,283.1425,199.85,248.2375,381.77,200.3875,372.59
201.14375,215.04625,266.87375,203.10625,289.86875,329.54125,224.12375,341.49625
213.5375,204.7675,290.6825,202.6075,294.7325,347.6425,217.5875,349.8025
204.41,213.25125,277.04,199.57125,304.79,346.79625,232.16,360.49125
230.935,203.775,307.885,208.365,299.485,349.365,222.535,344.775
254.83,211.3825,329.725,231.7375,293.05,366.5875,218.155,346.2325
250.2775,197.11,318.4075,203.995,302.6725,359.83,234.5425,352.945
269.0625,197.9475,333.4275,213.6525,301.0875,346.2225,236.7225,330.5175
277.69125,198.0775,340.07625,214.3075,304.33125,351.7525,241.93125,335.5225
266.83375,197.49375,320.14375,200.23875,311.32375,371.76375,258.02875,369.03375
286.355,190.42875,335.825,198.58875,306.725,375.16875,257.255,367.02375
288.06875,190.8275,337.68875,198.5075,310.28375,375.7025,260.64875,368.0225
296.52625,188.12,345.68125,196.625,314.49625,376.82,265.32625,368.315
316.4125,187.64625,360.4825,200.12625,310.3975,377.08125,266.3275,364.61625
322.0075,187.41375,361.4575,197.28375,316.6225,376.27875,277.1725,366.39375
311.7,188.1525,359.865,194.0325,337.98,373.3575,289.815,367.4775
310.6975,191.35875,366.3775,197.68875,347.3725,364.77375,291.6925,358.42875
313.4575,194.4375,366.1075,195.5025,362.7325,362.7525,310.0825,361.6875
322.7275,195.6725,376.1125,198.7475,366.6625,363.2375,313.2775,360.1625
335.05625,195.3175,398.10125,205.4875,372.15125,366.3325,309.12125,356.1625
329.7775,200.205,389.0575,198.6,393.3925,358.335,334.1125,359.94
322.79,208.35,381.035,195.42,415.37,350.07,357.125,363.0
351.445,201.96125,416.815,206.05625,409.075,329.68625,343.705,325.60625
362.97,202.37375,423.885,208.23875,412.53,326.24375,351.615,320.39375
360.4325,205.1175,429.6125,204.3825,430.8575,321.3525,361.6775,322.0875
373.5275,202.2575,434.2475,203.5625,431.8025,317.1725,371.0825,315.8675
374.67,204.2125,444.9,202.9225,447.21,329.4175,376.98,330.7075
389.87625,207.765,449.77125,207.48,450.31125,324.435,390.43125,324.72
388.7775,210.89,449.1375,205.64,459.4725,324.41,399.1125,329.66
387.05375,213.47625,449.63375,201.26625,475.47875,333.80625,412.88375,346.00125
385.0925,214.365,445.2425,199.425,484.7375,358.515,424.5875,373.455
386.8575,213.15375,453.5475,200.65875,483.1725,358.87875,416.4825,371.35875
399.52375,209.05625,454.06375,199.74125,481.57375,360.82625,427.04875,370.12625
404.75875,204.91375,451.04875,195.86875,483.47875,361.78375,437.20375,370.84375
407.0925,199.14625,453.0525,192.33625,478.2375,362.61625,432.2775,369.41125
404.93875,193.60625,452.18875,187.63625,474.47875,363.72125,427.24375,369.70625
404.7275,188.4875,451.8575,184.2425,468.1625,365.4425,421.0325,369.6875
401.76875,183.32,451.01375,179.645,464.72375,363.62,415.46375,367.295
402.32625,181.755,449.18625,179.01,459.94125,363.105,413.09625,365.85
397.86,179.215,440.97,174.235,461.82,354.745,418.71,359.725
396.41125,173.4725,441.86125,169.9925,455.85625,352.4375,410.42125,355.9175
390.80375,173.80375,432.87875,167.62375,459.66875,349.99375,417.57875,356.18875
388.83625,174.775,430.19125,168.76,455.51125,342.625,414.17125,348.64
378.775,174.435,426.16,165.6,458.365,338.325,410.98,347.16
375.5125,174.1325,424.1425,164.7425,456.1975,330.8975,407.5675,340.2875
376.91,166.49,422.405,160.34,446.03,335.09,400.535,341.24
371.92625,163.185,419.77625,156.66,443.83625,333.075,395.97125,339.6
369.4175,158.245,418.2575,152.47,439.3925,331.255,390.5525,337.03
365.9775,158.56875,415.3425,153.37875,433.7325,327.88875,384.3675,333.09375
359.6825,159.08625,411.5675,152.45625,434.1275,328.84125,382.2425,335.48625
353.87,161.87,410.93,155.03,430.79,320.75,373.73,327.59
353.3425,158.595,410.8225,153.885,423.8875,313.245,366.4075,317.955
350.2775,161.4,407.7125,156.93,420.0125,314.94,362.5775,319.41
348.295,165.25875,405.475,161.26875,415.585,306.45375,358.405,310.42875
350.6125,160.575,407.9125,159.645,410.4175,314.565,353.1175,315.495
352.79125,156.38875,408.59125,158.26375,403.07125,322.60375,347.25625,320.71375
354.76,156.80375,411.34,161.03375,400.0,312.42875,343.42,308.18375
352.9775,155.2,411.6575,160.18,398.5925,313.9,339.9125,308.92
359.23375,153.3,413.78875,162.27,387.65875,321.24,333.08875,312.27
360.85125,148.755,414.26625,160.41,379.63125,319.305,326.20125,307.65
354.48375,150.0675,411.10875,159.5325,385.18875,314.6625,328.54875,305.1975
355.01125,146.6975,409.25125,156.2375,381.39625,314.5325,327.17125,304.9925
352.095,148.21,406.02,156.745,381.585,311.17,327.66,302.635
347.17,148.70125,399.595,153.69625,384.79,308.90125,332.365,303.89125
346.1125,144.67375,399.7675,150.76375,381.7375,309.41875,328.0825,303.31375
346.06875,146.79375,389.28375,146.82375,389.14875,309.25875,345.94875,309.21375
339.5,143.635,389.855,143.965,388.76,311.125,338.405,310.795
339.72,144.06,387.165,143.4,389.46,309.0,342.015,309.66
338.035,147.92125,388.945,147.68125,389.665,305.54125,338.755,305.76625
338.5525,147.305,393.7675,148.64,389.9575,306.335,334.7425,305.0
339.6,150.5725,391.155,151.5325,388.32,303.2575,336.765,302.2975
342.25,150.815,391.75,152.69,386.11,301.505,336.61,299.63
345.225,149.44625,391.125,151.78625,383.355,303.61625,337.455,301.26125
347.98625,149.77375,391.93625,152.77375,381.66125,302.69875,337.72625,299.68375
347.0975,149.135,393.1325,152.75,381.1925,304.805,335.1575,301.19
345.53875,147.96,393.23875,152.13,379.85875,305.28,332.17375,301.11
343.76875,148.1675,393.79375,152.4725,380.56375,306.5225,330.52375,302.2175
345.7075,146.32375,395.6125,152.03875,377.5225,309.68875,327.6175,303.95875
344.72,147.4675,393.545,152.7625,376.88,306.0025,328.055,300.7075
346.64,145.815,393.515,152.1,372.5,308.625,325.625,302.34
345.2625,146.065,391.9425,151.93,372.0675,309.955,325.3875,304.09
345.65875,145.5875,390.64375,151.4375,369.71875,312.2225,324.74875,306.3725
343.25875,146.03125,390.11875,151.74625,370.49875,312.29125,323.65375,306.56125
344.0725,147.335,388.6675,153.17,367.6375,313.865,323.0425,308.03
340.5175,148.6175,385.6675,153.0425,369.6925,316.0325,324.5425,311.6075
339.5025,149.18,383.9625,153.29,368.6475,319.28,324.1875,315.17
336.7275,151.495,384.1725,155.515,370.2825,319.405,322.8375,315.385
335.73,153.325,383.1,156.97,370.47,321.295,323.1,317.65
330.305,159.32,379.715,161.405,372.935,321.74,323.525,319.655
328.21125,158.5525,376.82625,159.5725,373.51125,319.0375,324.88125,318.0175
329.3975,153.99,376.1525,155.58,370.5725,319.17,323.8175,317.58
328.95625,155.105,375.29125,157.715,366.18625,319.595,319.83625,316.985
324.215,156.735,372.71,158.64,366.425,318.585,317.93,316.68
320.4575,158.345,369.3425,158.78,367.9325,316.535,319.0475,316.1
319.7425,152.3025,371.2975,154.7175,363.6475,318.2475,312.0925,315.8325
314.75375,155.7625,364.91375,153.3475,372.57875,312.0475,322.40375,314.4625
315.24,153.4625,365.43,152.6525,368.04,313.4675,317.85,314.2775
313.67125,148.115,363.71125,147.095,367.19125,317.225,317.13625,318.245
313.155,147.905,363.465,147.98,363.225,313.955,312.915,313.88
311.42,147.25375,364.355,147.07375,364.94,312.70375,312.005,312.89875
306.55,146.35375,363.82,146.65375,362.95,314.68375,305.68,314.39875
307.755,146.9525,362.985,147.8675,360.225,315.7175,304.995,314.8025
306.22125,146.8575,362.18625,147.4275,360.44625,316.4925,304.49625,315.9225
305.22,148.45,363.54,150.4,358.02,315.49,299.7,313.54
303.9025,153.10875,360.7825,153.79875,358.7875,315.06375,301.9075,314.35875
299.79,157.75125,359.385,157.24125,360.69,310.93125,301.095,311.42625
297.775,157.15,356.905,156.34,359.065,314.47,299.935,315.28
294.93875,156.52625,356.12375,154.99625,360.03875,310.86125,298.86875,312.40625
292.59,156.47,357.06,155.09,360.33,308.51,295.86,309.89
290.2375,156.4125,354.3925,155.1675,357.3325,306.5775,293.1775,307.8225
282.9625,161.29,345.8275,154.99,360.1675,298.15,297.3025,304.45
282.95625,161.7525,345.82125,157.0875,355.82625,291.6375,292.94625,296.3025
288.58,154.84,348.31,154.465,349.36,318.46,289.63,318.835
282.28,160.78625,342.625,155.92625,353.98,296.58125,293.635,301.45625
280.13,156.9875,338.585,151.7825,352.97,313.0025,294.515,318.2075
279.115,152.9725,335.065,147.2425,352.405,316.4575,296.455,322.1875
279.975,148.995,335.4,143.865,350.985,312.105,295.56,317.235
278.0625,150.78,334.7325,144.705,352.6275,311.58,295.9575,317.655
280.15375,146.71125,335.98375,142.19625,349.96375,315.55125,294.14875,320.05125
280.675,146.22,337.51,141.975,350.305,313.2,293.47,317.445
281.80875,145.56125,337.89375,141.94625,349.06875,314.86625,292.99875,318.49625
281.77,143.3825,343.675,144.5975,340.27,317.1275,278.365,315.9125
283.72,144.49125,342.655,145.10625,340.84,317.95125,281.905,317.32125
282.72375,145.77,344.76375,147.03,341.32875,317.43,279.27375,316.17
282.80375,145.9475,343.59875,147.3275,339.77375,316.6625,278.99375,315.2825
283.2525,147.315,347.3925,149.16,342.6375,314.625,278.4975,312.78
283.42,154.5375,347.5,156.7275,343.06,286.7325,278.98,284.5425
268.5225,162.4575,341.9325,152.8125,357.7275,272.9925,284.3175,282.6375
281.5675,155.96125,348.0325,157.94125,344.4625,278.58625,277.9975,276.62125
278.88125,152.60375,346.65125,152.90375,346.06625,277.92875,278.31125,277.61375
280.8525,151.545,343.1175,153.36,339.5775,274.875,277.3125,273.06
279.69375,153.65125,340.21875,154.62625,338.35875,272.43625,277.81875,271.47625
277.75625,150.9875,337.21625,149.8475,339.58625,273.2825,280.11125,274.4225
277.63125,151.41625,336.40125,149.76625,339.89625,274.92625,281.14125,276.56125
278.8125,147.825,340.1025,147.405,341.0175,283.335,279.7275,283.755
280.08,140.945,342.135,141.68,340.2,305.735,278.145,305.0
281.4,139.59125,343.86,141.16625,339.84,299.79125,277.38,298.20125
279.67125,139.45,342.55125,139.525,342.37125,302.65,279.47625,302.575
284.4525,142.3925,343.6575,144.0125,339.9375,280.1975,280.7325,278.5775
286.4175,142.1025,344.1975,143.4375,340.7325,293.2275,282.9525,291.8925
289.7625,139.6775,346.9275,142.8725,338.4075,295.1525,281.2425,291.9575
294.0925,140.19,351.3175,145.23,338.4175,291.75,281.1925,286.71
291.0225,139.14625,347.5875,141.02125,342.4275,295.77625,285.8625,293.88625
295.22375,138.005,350.91875,141.035,342.54875,295.535,286.83875,292.505
297.23125,134.99875,351.17125,137.99875,342.35125,296.23375,288.39625,293.21875
296.825,135.425,352.37,137.825,345.575,294.515,290.03,292.115
298.1525,132.8675,351.5225,134.0825,347.8175,296.0825,294.4475,294.8675
299.29,134.6825,354.895,136.2575,350.59,287.6675,294.985,286.0925
298.6275,136.15625,355.2825,135.61625,356.7225,288.58625,300.0675,289.11125
298.6625,137.4875,354.9125,134.5025,363.1475,289.9025,306.8975,292.8875
301.83,138.45625,359.655,136.97125,363.39,281.99125,305.565,283.49125
302.74875,140.66125,360.34875,137.61625,368.02875,282.54625,310.44375,285.60625
311.57,146.1225,363.755,146.0625,363.89,265.3275,311.705,265.3875
310.7875,140.6175,364.6975,138.4575,370.4425,282.1125,316.5325,284.2725
312.26125,140.425,367.38625,138.025,373.56625,280.255,318.45625,282.655
316.03,137.39,370.075,135.59,375.01,284.51,320.965,286.31
317.79875,140.285,373.65875,139.7,374.99375,264.815,319.11875,265.4
318.19625,140.76375,377.28125,140.22375,378.39125,259.41375,319.32125,259.96875
320.5525,140.7775,379.5175,140.4625,380.1775,261.6925,321.2125,262.0075
322.6875,138.595,382.5525,139.015,381.6825,263.845,321.8175,263.425
323.2775,142.1725,381.4175,141.8125,382.1525,260.8375,324.0125,261.1975
322.06,142.2675,375.97,137.5575,387.04,264.0225,333.13,268.7325
324.19875,139.05,382.84875,136.89,387.33375,258.93,328.66875,261.09
315.8425,138.2625,366.5425,127.6275,394.3675,260.2875,343.6675,270.9225
317.44375,130.32375,359.42875,121.86375,390.97375,278.56875,349.00375,287.01375
314.14625,128.0675,357.22625,119.3225,386.16125,262.0025,343.09625,270.7475
312.8775,122.8275,353.1825,113.7375,390.5325,279.3825,350.2275,288.4725
314.64375,127.46,358.77375,119.27,380.61375,236.96,336.49875,245.15
310.085,128.17,352.7,116.875,383.315,232.33,340.7,243.625
308.26125,125.83125,347.90625,113.68125,384.50625,233.03625,344.87625,245.20125
311.59,124.23375,349.105,114.18375,379.63,228.25875,342.115,238.29375
317.23,111.5825,353.845,105.7325,380.41,272.0675,343.795,277.9175
321.15625,109.535,361.47625,105.95,377.34625,284.045,337.01125,287.63
318.5875,106.0075,357.7825,101.4775,377.8225,274.6225,338.6275,279.1525
313.5525,117.0775,356.6925,110.7925,379.9575,270.4525,336.8175,276.7375
310.73375,113.87125,354.32375,107.24125,379.11875,269.97625,335.51375,276.62125
314.76125,123.7225,356.64125,118.0825,376.96625,268.9075,335.10125,274.5475
311.29,120.2175,353.35,113.9175,377.29,273.7125,335.23,280.0125
317.75,129.9825,358.76,125.7975,373.85,273.7875,332.84,277.9725
319.885,133.87875,360.445,130.33875,372.955,274.11375,332.395,277.63875
315.2725,137.42375,359.2675,132.47375,375.1975,273.89375,331.2025,278.85875
313.0475,138.5025,357.0725,132.1875,377.5025,274.5675,333.4775,280.8825
308.065,141.72375,355.195,132.90375,380.995,270.88875,333.865,279.69375
327.34625,138.70375,368.52125,138.49375,369.19625,263.65375,328.00625,263.87875
315.34875,141.76375,360.06375,135.14875,379.92375,269.29375,335.19375,275.92375
313.86125,143.1675,356.16125,134.0025,387.24125,277.4025,344.92625,286.5675
309.3725,144.39375,353.5475,133.42875,389.9375,279.90375,345.7625,290.88375
308.6425,149.0675,354.2575,137.0975,386.0275,258.1025,340.4125,270.0725
305.36875,154.17625,350.81875,139.23625,388.88875,254.99125,343.45375,269.94625
307.775,154.875,350.39,140.805,388.145,255.165,345.53,269.235
318.09875,152.685,353.31875,143.985,381.65375,258.855,346.41875,267.555
313.595,157.325,348.545,146.165,384.665,259.235,349.715,270.395
315.8,157.5375,346.91,148.3575,381.14,264.4125,350.03,273.5925
317.36125,158.48875,345.56125,149.15875,387.74125,276.50875,359.52625,285.85375
321.4025,156.19625,353.2775,148.80125,383.6075,279.58625,351.7325,286.96625
318.915,149.23125,372.75,147.10125,383.745,303.19125,329.91,305.30625
319.44625,151.225,372.66625,148.87,384.39625,306.235,331.16125,308.59
319.965,153.22,372.585,150.625,385.035,309.28,332.415,311.875
320.49875,155.23,372.50375,152.38,385.67375,312.31,333.65375,315.16
336.0975,161.41125,372.4425,161.09625,373.7925,318.91125,337.4475,319.21125
320.705,176.12,370.73,168.17,389.315,285.14,339.29,293.09
336.155,165.2825,375.545,165.6875,373.865,328.4675,334.475,328.0625
335.20125,167.1225,373.06125,166.4625,375.94125,331.2075,338.06625,331.8675
339.1275,175.86,377.2275,176.79,373.3425,336.18,335.2425,335.25
344.4775,176.27125,382.8025,180.68125,364.2325,341.99125,325.9075,337.56625
343.14625,187.705,380.67625,190.345,370.22125,339.115,332.70625,336.475
337.98,176.08,374.595,174.775,380.64,345.04,344.025,346.345
338.1075,178.08875,380.3925,177.77375,381.6825,349.08875,339.3975,349.41875
328.845,181.475,375.21,178.055,388.035,351.425,341.67,354.845
323.12625,182.6725,376.91625,177.8725,392.69625,354.6775,338.89125,359.4775
325.86125,186.6425,389.47625,185.5775,392.32625,356.1875,328.72625,357.2525
325.8575,194.37375,388.0175,193.41375,390.1325,330.91875,327.9725,331.86375
321.0125,199.445,379.2725,193.16,392.9375,320.015,334.6775,326.3
316.425,202.60125,374.385,193.01625,395.415,320.06625,337.455,329.66625
318.6475,202.455,376.1725,194.34,393.8425,319.485,336.3175,327.6
317.7225,202.1675,374.4975,193.7075,394.7475,329.7425,337.9725,338.2025
336.7875,194.5075,386.0325,195.3475,383.3625,351.9625,334.1175,351.1225
338.7125,187.8725,385.3925,189.2975,380.2775,357.8375,333.5975,356.4125
323.605,192.26375,376.84,186.06875,396.295,353.21375,343.06,359.42375
340.8975,185.4975,383.3775,185.2575,384.3525,358.8525,341.8725,359.0925
342.2,184.24,380.855,183.745,383.06,354.52,344.405,355.015
342.34,183.00625,382.45,182.18125,386.02,357.09625,345.91,357.90625
343.7675,182.33,381.9425,181.025,387.9425,356.27,349.7675,357.575
343.965,182.23375,384.105,181.25875,388.335,353.74375,348.195,354.73375
341.77625,180.89125,384.06125,179.18125,391.23125,355.59625,348.96125,357.32125
344.16,184.4625,387.015,183.6825,390.12,354.7875,347.265,355.5675
344.83125,180.535,384.34125,180.355,385.15125,357.865,345.62625,358.045
344.715,179.5625,385.95,179.6075,385.785,356.4875,344.55,356.4425
344.56625,181.83125,390.33125,182.89625,386.28125,355.23125,340.53125,354.15125
346.0925,182.16125,387.2825,182.40125,386.3375,352.00625,345.1475,351.78125
345.9175,179.215,386.9275,179.08,387.5125,355.165,346.5025,355.3
346.52,180.32375,387.845,180.80375,385.88,347.88875,344.555,347.39375
348.5475,177.725,388.7925,179.165,382.7025,348.635,342.4575,347.195
349.495,179.5,394.435,183.775,379.285,342.88,334.345,338.605
349.6875,176.2875,391.0875,179.7075,377.4825,344.5425,336.0825,341.1225
350.45375,174.5625,392.88875,179.0475,375.27875,345.6075,332.82875,341.1225
346.9325,175.1825,390.2525,178.4375,377.8775,343.3475,334.5575,340.0925
346.12375,172.36375,392.83375,176.44375,378.08875,345.14875,331.36375,341.05375
341.125,174.00875,387.79,175.47875,382.495,342.80375,335.83,341.31875
339.9025,174.9275,386.8075,176.3075,381.8275,345.8225,334.9225,344.4425
338.3375,175.0825,387.7925,176.2225,383.8925,345.5875,334.4375,344.4475
334.5225,175.2675,387.4575,176.1075,384.7875,345.8625,331.8525,345.0225
335.315,172.1675,386.24,172.5275,385.085,337.3625,334.16,337.0025
331.7075,175.1525,386.2475,174.6575,387.7625,343.7975,333.2225,344.2925
333.5675,177.81375,386.6525,177.99375,386.0825,335.35875,332.9975,335.16375
332.8475,175.41,384.9425,174.345,388.3625,341.85,336.2675,342.915
322.345,179.3775,377.335,174.7275,391.675,344.2725,336.685,348.9225
330.44125,177.92875,380.67625,175.84375,387.56125,342.52375,337.31125,344.59375
331.17875,181.1625,377.31875,179.5575,382.47875,328.9275,336.35375,330.5325
327.7275,178.7175,375.7575,175.6275,385.9425,333.5325,337.9125,336.6225
327.93,181.24375,378.87,179.68375,383.37,327.62875,332.43,329.17375
331.8725,183.835,381.3275,184.57,379.1375,330.925,329.6825,330.19
334.67125,178.9075,386.55625,183.3475,373.59625,334.5625,321.72625,330.1225
331.8175,178.45625,380.1925,179.08625,378.0925,339.88625,329.7175,339.24125
334.99125,178.1375,378.83625,177.8375,379.97625,344.7125,336.14625,345.0125
331.7225,179.25625,377.8175,178.02625,382.2275,344.82625,336.1325,346.04125
325.4125,185.7175,374.9575,181.4725,388.7575,342.6325,339.2125,346.8775
317.9925,189.7325,371.1525,180.6575,398.0775,338.3975,344.9175,347.4725
335.27125,169.68375,379.95625,170.50875,376.73125,347.67375,332.03125,346.86375
333.33125,180.01625,377.83625,179.86625,378.39125,337.59125,333.87125,337.75625
334.0625,187.36625,377.4125,188.13125,375.0275,325.20125,331.6775,324.45125
329.5725,181.26375,377.2725,182.11875,374.6175,328.30875,326.9175,327.43875
327.01,182.4275,374.86,183.2075,372.55,325.2425,324.7,324.4625
320.23875,183.47375,374.76375,183.77375,373.95375,328.77875,319.41375,328.46375
317.87125,180.0725,372.74125,179.8625,373.29625,326.2775,318.44125,326.4875
308.72,185.55875,369.74,185.22875,370.46,320.51375,309.44,320.82875
298.15125,188.2475,360.32625,182.9375,371.75625,316.7825,309.59625,322.0925
297.61375,172.47,360.14875,172.095,360.89875,295.05,298.34875,295.425
