0.030855,-0.00821615,-0.638494,0.00362269,0.124826,-0.38838,0.0,0.0,1.0
0.0303733,-0.000859375,-0.640017,0.00037037,0.124132,-0.380775,0.0,0.0,1.0
0.0303385,-0.00428819,-0.642509,0.00181134,0.127459,-0.374265,0.0,0.0,1.0
0.0327951,-0.00556424,-0.64362,0.00262731,0.123565,-0.376238,0.0,0.0,1.0
0.0368576,-0.0120833,-0.644601,0.00690394,0.114751,-0.368571,0.0,0.0,1.0
0.0375608,-0.0102778,-0.646519,0.00640046,0.107141,-0.376296,0.0,0.0,1.0
0.0392057,-0.0132595,-0.647261,0.0097338,0.0948727,-0.377593,0.0,0.0,1.0
0.0373481,-0.00875434,-0.650595,0.00652199,0.0891956,-0.378883,0.0,0.0,1.0
0.035651,-0.0158941,-0.646215,0.0126968,0.0793171,-0.376019,0.0,0.0,1.0
0.0347396,-0.0109201,-0.646944,0.00799769,0.084294,-0.37338,0.0,0.0,1.0
0.0307465,-0.0204774,-0.640339,0.0131713,0.0849769,-0.366157,0.0,0.0,1.0
0.032921,-0.00484809,-0.645412,0.00224537,0.124456,-0.341933,0.0,0.0,1.0
0.0329601,-0.00444444,-0.640477,0.00204282,0.124508,-0.344832,0.0,0.0,1.0
0.0329948,-0.00403646,-0.635556,0.00185185,0.12456,-0.347731,0.0,0.0,1.0
0.0330382,-0.00362847,-0.630625,0.00166667,0.124606,-0.350625,0.0,0.0,1.0
0.0330816,-0.00322049,-0.625694,0.00146991,0.124664,-0.353519,0.0,0.0,1.0
0.0331207,-0.00281684,-0.620768,0.00127894,0.124716,-0.356418,0.0,0.0,1.0
0.0331597,-0.00240451,-0.615842,0.00108796,0.124769,-0.359306,0.0,0.0,1.0
0.0332031,-0.00199653,-0.610911,0.000896991,0.124821,-0.362205,0.0,0.0,1.0
0.0332378,-0.00159722,-0.605477,0.000706019,0.124873,-0.362477,0.0,0.0,1.0
0.0332856,-0.0011849,-0.60003,0.000515046,0.124925,-0.362726,0.0,0.0,1.0
0.0333203,-0.00078559,-0.594596,0.000324074,0.124977,-0.362986,0.0,0.0,1.0
0.0333637,-0.000377604,-0.589154,0.000127315,0.125023,-0.363252,0.0,0.0,1.0
0.0334028,3.47222e-05,-0.586076,-6.94444e-05,0.125081,-0.359294,0.0,0.0,1.0
0.0334375,0.000442708,-0.582995,-0.000248843,0.125133,-0.355341,0.0,0.0,1.0
0.0334809,0.000850694,-0.58454,-0.000439815,0.125185,-0.348495,0.0,0.0,1.0
0.0348438,-0.00326389,-0.585295,0.00202546,0.099375,-0.36191,0.0,0.0,1.0
0.0333594,-0.000824653,-0.574601,0.000486111,0.100197,-0.361817,0.0,0.0,1.0
0.0309896,0.00377604,-0.565477,-0.00221644,0.0938021,-0.370828,0.0,0.0,1.0
0.0313759,0.00490885,-0.555638,-0.00299769,0.0912269,-0.375752,0.0,0.0,1.0
0.0365799,0.0012934,-0.54171,-0.000868056,0.0965278,-0.374988,0.0,0.0,1.0
0.0421354,-0.00325521,-0.533394,0.00229167,0.106331,-0.366701,0.0,0.0,1.0
0.0347049,0.00624132,-0.531623,-0.00373843,0.103032,-0.374988,0.0,0.0,1.0
0.0381554,0.0010026,-0.524674,-0.000584491,0.115527,-0.361603,0.0,0.0,1.0
0.0378733,0.00317708,-0.517005,-0.00177083,0.121111,-0.358137,0.0,0.0,1.0
0.0363368,0.00755208,-0.511979,-0.00400463,0.121748,-0.353646,0.0,0.0,1.0
0.0355773,0.0117752,-0.502539,-0.00628472,0.118345,-0.355255,0.0,0.0,1.0
0.0408854,0.014349,-0.490929,-0.00840278,0.124178,-0.344803,0.0,0.0,1.0
0.0411502,0.0134852,-0.48536,-0.00900463,0.109664,-0.353322,0.0,0.0,1.0
0.0432552,0.0129861,-0.479835,-0.00979167,0.102014,-0.353634,0.0,0.0,1.0
0.0437934,0.0107812,-0.474453,-0.0087037,0.0964468,-0.350405,0.0,0.0,1.0
0.0436458,0.0122309,-0.474418,-0.0102604,0.0925058,-0.353073,0.0,0.0,1.0
0.0453733,0.0125781,-0.468628,-0.0107697,0.0942188,-0.348663,0.0,0.0,1.0
0.0465061,0.00907552,-0.463806,-0.00721065,0.10412,-0.340729,0.0,0.0,1.0
0.0404601,0.0256944,-0.46395,-0.0185359,0.099728,-0.338802,0.0,0.0,1.0
0.0367448,0.0310851,-0.461875,-0.0214236,0.0947801,-0.338056,0.0,0.0,1.0
0.0368403,0.0349219,-0.461814,-0.0239468,0.0955093,-0.342419,0.0,0.0,1.0
0.0345009,0.0351519,-0.461124,-0.0229977,0.0937616,-0.348194,0.0,0.0,1.0
0.0332335,0.04148,-0.455143,-0.023044,0.106366,-0.334062,0.0,0.0,1.0
0.032691,0.0381163,-0.463655,-0.0251505,0.0880903,-0.353727,0.0,0.0,1.0
0.0273915,0.0302734,-0.45806,-0.0123322,0.119566,-0.33614,0.0,0.0,1.0
0.030217,0.0369792,-0.459818,-0.019919,0.0997454,-0.351146,0.0,0.0,1.0
0.0323655,0.0418967,-0.462956,-0.0248611,0.096956,-0.352604,0.0,0.0,1.0
0.0347743,0.0472309,-0.467318,-0.0327199,0.0892361,-0.354711,0.0,0.0,1.0
0.0330339,0.0416363,-0.472895,-0.0302431,0.0808565,-0.363438,0.0,0.0,1.0
0.034974,0.0441406,-0.470816,-0.0281771,0.0974016,-0.352691,0.0,0.0,1.0
0.0324957,0.0331033,-0.480395,-0.0198669,0.0962558,-0.360862,0.0,0.0,1.0
0.0338455,0.0210677,-0.486684,-0.0124306,0.101956,-0.354988,0.0,0.0,1.0
0.0327951,0.0220573,-0.487023,-0.0122396,0.105098,-0.341105,0.0,0.0,1.0
0.0366276,0.0208637,-0.495447,-0.0139352,0.0975463,-0.346597,0.0,0.0,1.0
0.0371311,0.0215495,-0.502426,-0.0152488,0.0933044,-0.349172,0.0,0.0,1.0
0.0406988,0.0246311,-0.508676,-0.0187731,0.0949074,-0.34081,0.0,0.0,1.0
0.0415972,0.0214063,-0.518559,-0.017581,0.0900579,-0.352106,0.0,0.0,1.0
0.0405165,0.0253689,-0.526194,-0.0206539,0.0884549,-0.351661,0.0,0.0,1.0
0.0384288,0.0350781,-0.532135,-0.027419,0.0873958,-0.336296,0.0,0.0,1.0
0.0360981,0.0411155,-0.536454,-0.0257523,0.102477,-0.340104,0.0,0.0,1.0
0.0315538,0.0465278,-0.545234,-0.0257176,0.101458,-0.334769,0.0,0.0,1.0
0.028763,0.0513845,-0.552808,-0.0263889,0.0995486,-0.33478,0.0,0.0,1.0
0.0281337,0.050191,-0.558116,-0.024213,0.103692,-0.335359,0.0,0.0,1.0
0.0239844,0.0483767,-0.56125,-0.0187211,0.110226,-0.335689,0.0,0.0,1.0
0.0278602,0.0333898,-0.573069,-0.0138137,0.119728,-0.332263,0.0,0.0,1.0
0.0295747,0.0394271,-0.583845,-0.0172222,0.120336,-0.333345,0.0,0.0,1.0
0.0315929,0.0284766,-0.601072,-0.0144676,0.110556,-0.348565,0.0,0.0,1.0
0.0353212,0.0315538,-0.618455,-0.0185995,0.106516,-0.352315,0.0,0.0,1.0
0.0388542,0.0290104,-0.635312,-0.0203646,0.0984201,-0.360469,0.0,0.0,1.0
0.0360503,0.0219965,-0.644991,-0.0147917,0.0953009,-0.366481,0.0,0.0,1.0
0.0348524,0.0292361,-0.659488,-0.0176794,0.102471,-0.358536,0.0,0.0,1.0
0.03,0.0216059,-0.664366,-0.010515,0.109612,-0.354693,0.0,0.0,1.0
0.0280512,0.0201693,-0.66694,-0.00790509,0.127269,-0.331817,0.0,0.0,1.0
0.0226649,0.0261458,-0.677005,-0.00831018,0.12684,-0.335961,0.0,0.0,1.0
0.0231293,0.0309766,-0.684023,-0.0098206,0.129716,-0.336233,0.0,0.0,1.0
0.0270052,0.0291493,-0.696137,-0.0106019,0.132014,-0.337523,0.0,0.0,1.0
0.0317405,0.0229384,-0.711984,-0.0116725,0.110885,-0.365897,0.0,0.0,1.0
0.0324436,0.0274436,-0.72128,-0.0150637,0.105075,-0.365492,0.0,0.0,1.0
0.0371007,0.0117708,-0.723455,-0.00659144,0.117795,-0.368756,0.0,0.0,1.0
0.0340538,0.00717014,-0.731016,-0.00449653,0.096441,-0.388895,0.0,0.0,1.0
0.0373611,0.0132552,-0.738186,-0.00827546,0.106354,-0.383843,0.0,0.0,1.0
0.0328255,0.0189887,-0.749058,-0.0108738,0.101962,-0.379786,0.0,0.0,1.0
0.0283247,0.0133941,-0.748299,-0.00512731,0.131458,-0.35897,0.0,0.0,1.0
0.0253472,0.015599,-0.752439,-0.00539352,0.130278,-0.360648,0.0,0.0,1.0
0.0241884,0.0280599,-0.754553,-0.00913773,0.132089,-0.358559,0.0,0.0,1.0
0.0295182,0.0198394,-0.763442,-0.00778935,0.133681,-0.358183,0.0,0.0,1.0
0.0311623,0.0312578,-0.76657,-0.0130845,0.132332,-0.358987,0.0,0.0,1.0
0.0322031,0.036526,-0.779668,-0.0189352,0.110428,-0.381794,0.0,0.0,1.0
0.0234701,0.0558746,-0.763444,-0.0165856,0.140544,-0.369051,0.0,0.0,1.0
0.026069,0.0435256,-0.778222,-0.0194329,0.103796,-0.395799,0.0,0.0,1.0
0.0346957,0.0142444,-0.77901,-0.00890046,0.0987616,-0.41037,0.0,0.0,1.0
0.0332674,0.0143698,-0.781332,-0.00855903,0.0993113,-0.410203,0.0,0.0,1.0
0.029579,0.00950955,-0.776949,-0.00406829,0.122795,-0.38423,0.0,0.0,1.0
0.0291753,0.0103125,-0.775061,-0.00416667,0.128218,-0.381991,0.0,0.0,1.0
0.0271267,0.0182205,-0.771146,-0.0068287,0.12875,-0.390185,0.0,0.0,1.0
0.0293967,0.023737,-0.765273,-0.00954861,0.129942,-0.389537,0.0,0.0,1.0
0.0292188,0.0192361,-0.764896,-0.00741898,0.134618,-0.389745,0.0,0.0,1.0
0.0345226,0.00987847,-0.762943,-0.00517361,0.117326,-0.415093,0.0,0.0,1.0
0.0355903,0.0182639,-0.758003,-0.00954861,0.120972,-0.419595,0.0,0.0,1.0
0.0363194,0.0175521,-0.754983,-0.00963542,0.117656,-0.423154,0.0,0.0,1.0
0.0333073,0.0119878,-0.752639,-0.00679398,0.104421,-0.436285,0.0,0.0,1.0
0.0326042,0.0104601,-0.747717,-0.0056713,0.106991,-0.44162,0.0,0.0,1.0
0.03125,0.011033,-0.742318,-0.00590856,0.103767,-0.440689,0.0,0.0,1.0
0.0277561,0.0043533,-0.73622,-0.00171875,0.12526,-0.415365,0.0,0.0,1.0
0.0306337,0.0277951,-0.726016,-0.012338,0.12272,-0.419618,0.0,0.0,1.0
0.0284809,0.0203993,-0.723533,-0.00788773,0.131059,-0.417876,0.0,0.0,1.0
0.0268837,0.0196007,-0.718863,-0.00703704,0.133206,-0.418692,0.0,0.0,1.0
0.0296267,0.0222135,-0.716979,-0.00972801,0.120272,-0.438605,0.0,0.0,1.0
0.0343403,0.0288194,-0.714757,-0.0156076,0.112737,-0.443247,0.0,0.0,1.0
0.0326128,0.00141493,-0.702413,-0.000659722,0.125799,-0.435856,0.0,0.0,1.0
0.0312543,0.0141276,-0.700838,-0.00916667,0.0856366,-0.470498,0.0,0.0,1.0
0.0324349,0.00179253,-0.686471,-0.00114583,0.0897685,-0.479109,0.0,0.0,1.0
0.0332509,0.0112196,-0.689023,-0.00673611,0.0984606,-0.470567,0.0,0.0,1.0
0.0280946,0.00015191,-0.67681,-6.36574e-05,0.123397,-0.44445,0.0,0.0,1.0
0.0264063,0.00256944,-0.671111,-0.000978009,0.123397,-0.445041,0.0,0.0,1.0
0.0339583,0.0367187,-0.664201,-0.0205498,0.107888,-0.451823,0.0,0.0,1.0
0.0301736,0.0177083,-0.653889,-0.00756366,0.125503,-0.450689,0.0,0.0,1.0
0.0279167,0.0171354,-0.650052,-0.00656829,0.12945,-0.452124,0.0,0.0,1.0
0.0307595,0.0101085,-0.646923,-0.00471643,0.117193,-0.468663,0.0,0.0,1.0
0.0325694,0.0179948,-0.642526,-0.00887731,0.117257,-0.47081,0.0,0.0,1.0
0.0350174,0.0133594,-0.636849,-0.00714699,0.116395,-0.478247,0.0,0.0,1.0
0.0336198,0.0052691,-0.6325,-0.00313657,0.10059,-0.488657,0.0,0.0,1.0
0.0326562,0.00267361,-0.628715,-0.00150463,0.103252,-0.492882,0.0,0.0,1.0
0.0309983,0.00273437,-0.621233,-0.00123843,0.121146,-0.470023,0.0,0.0,1.0
0.0280556,0.00597222,-0.61691,-0.00252315,0.117824,-0.472477,0.0,0.0,1.0
0.0321094,0.0228906,-0.611007,-0.0112384,0.116319,-0.472187,0.0,0.0,1.0
0.0292708,0.011441,-0.607622,-0.00483796,0.12294,-0.47412,0.0,0.0,1.0
0.0303516,0.00982205,-0.608893,-0.00415509,0.127407,-0.474919,0.0,0.0,1.0
0.0313628,0.0186111,-0.604175,-0.00815972,0.127153,-0.478438,0.0,0.0,1.0
0.0357378,0.0244358,-0.603958,-0.0121181,0.12816,-0.478194,0.0,0.0,1.0
0.0313108,-0.000755208,-0.606198,0.000341435,0.121858,-0.490527,0.0,0.0,1.0
0.0271701,-0.0116319,-0.602726,0.00462963,0.121204,-0.48912,0.0,0.0,1.0
0.0362023,0.00578559,-0.600412,-0.00467593,0.0796296,-0.518588,0.0,0.0,1.0
0.0304601,-0.0114149,-0.59967,0.00504051,0.122564,-0.488605,0.0,0.0,1.0
0.0331684,-0.00268229,-0.594861,0.00126157,0.124942,-0.486667,0.0,0.0,1.0
0.035013,0.0131293,-0.59326,-0.00739005,0.110584,-0.501985,0.0,0.0,1.0
0.0345226,0.0254948,-0.586528,-0.0135301,0.115671,-0.491493,0.0,0.0,1.0
0.0324262,0.0196918,-0.580291,-0.00946759,0.119954,-0.488935,0.0,0.0,1.0
0.028303,0.0127995,-0.576497,-0.00510995,0.126013,-0.484959,0.0,0.0,1.0
0.0275434,0.0167361,-0.570877,-0.00659722,0.124167,-0.492315,0.0,0.0,1.0
0.0280208,0.0090625,-0.570799,-0.00357639,0.126354,-0.498495,0.0,0.0,1.0
0.0288021,0.0101736,-0.567708,-0.00409144,0.127193,-0.503443,0.0,0.0,1.0
0.0284896,0.00424479,-0.566814,-0.00175347,0.122853,-0.503235,0.0,0.0,1.0
0.0279905,0.000117187,-0.565299,-4.62963e-05,0.124375,-0.499329,0.0,0.0,1.0
0.0281771,-0.00396701,-0.564766,0.00154514,0.128466,-0.498918,0.0,0.0,1.0
0.0293142,-0.00885417,-0.566016,0.00381944,0.120937,-0.497535,0.0,0.0,1.0
0.0296788,-0.00716146,-0.56283,0.00310764,0.121626,-0.49636,0.0,0.0,1.0
0.0311198,-0.00366319,-0.558724,0.00165509,0.122361,-0.498507,0.0,0.0,1.0
0.0363455,0.00265625,-0.55388,-0.00141204,0.121366,-0.499491,0.0,0.0,1.0
0.029809,-0.0175521,-0.554844,0.00719329,0.129381,-0.498443,0.0,0.0,1.0
0.0308681,-0.0200608,-0.550964,0.0084375,0.130475,-0.503171,0.0,0.0,1.0
0.0363976,0.0034375,-0.54645,-0.00228009,0.097419,-0.541528,0.0,0.0,1.0
0.0297656,-0.0121267,-0.54217,0.00556713,0.115162,-0.517164,0.0,0.0,1.0
0.0351693,0.0074783,-0.539952,-0.00507523,0.0921701,-0.54173,0.0,0.0,1.0
0.0336241,0.0016276,-0.536324,-0.000978009,0.0992187,-0.532865,0.0,0.0,1.0
0.0296441,-0.00270833,-0.533984,0.00114583,0.125301,-0.507095,0.0,0.0,1.0
0.0268273,-0.00423177,-0.529831,0.00163194,0.124016,-0.510903,0.0,0.0,1.0
0.0307986,0.0135069,-0.521823,-0.00571759,0.12956,-0.520255,0.0,0.0,1.0
0.028329,0.00241753,-0.518147,-0.000925926,0.131134,-0.51831,0.0,0.0,1.0
0.0253906,-0.00453125,-0.516016,0.0015625,0.131192,-0.518009,0.0,0.0,1.0
0.0282639,-0.00289063,-0.51013,0.00117477,0.123709,-0.527332,0.0,0.0,1.0
0.0282161,0.00138455,-0.501506,-0.000561343,0.123466,-0.530978,0.0,0.0,1.0
0.0266406,-0.00130208,-0.497439,0.000509259,0.121759,-0.525741,0.0,0.0,1.0
0.0279557,-0.00879774,-0.494501,0.00360532,0.121337,-0.528941,0.0,0.0,1.0
0.0281771,-0.00936632,-0.491502,0.00400463,0.117188,-0.525613,0.0,0.0,1.0
0.0301302,-0.00814236,-0.489002,0.00376157,0.115822,-0.522731,0.0,0.0,1.0
0.0307422,-0.015013,-0.487695,0.00729167,0.112477,-0.529977,0.0,0.0,1.0
0.0342448,-0.0105382,-0.484123,0.00568866,0.112772,-0.532436,0.0,0.0,1.0
0.0363194,-0.00602431,-0.483872,0.00328125,0.118652,-0.526707,0.0,0.0,1.0
0.0381076,-0.0056684,-0.483151,0.00332755,0.115434,-0.539334,0.0,0.0,1.0
0.0348481,0.00194878,-0.479744,-0.00129051,0.0934896,-0.552841,0.0,0.0,1.0
0.034349,-0.00344618,-0.478316,0.0025,0.0840162,-0.567419,0.0,0.0,1.0
0.0365278,-0.00689236,-0.478264,0.00532986,0.0839294,-0.569508,0.0,0.0,1.0
0.0336285,-0.00142361,-0.479271,0.00101273,0.0838137,-0.565608,0.0,0.0,1.0
0.0384766,0.00161892,-0.484006,-0.00106481,0.10316,-0.547859,0.0,0.0,1.0
0.0334766,0.00332899,-0.483702,-0.00208333,0.0949537,-0.557153,0.0,0.0,1.0
0.0340712,0.00717014,-0.481797,-0.00403935,0.107593,-0.548924,0.0,0.0,1.0
0.0305252,0.00825955,-0.480543,-0.00363426,0.123229,-0.537951,0.0,0.0,1.0
0.0269358,0.0087934,-0.48092,-0.00333333,0.126493,-0.532882,0.0,0.0,1.0
0.0279644,0.00115017,-0.481254,-0.000451389,0.125509,-0.536956,0.0,0.0,1.0
0.0254731,0.000195313,-0.481454,-6.94444e-05,0.124803,-0.53816,0.0,0.0,1.0
0.0254687,0.000460069,-0.483116,-0.000167824,0.125874,-0.542425,0.0,0.0,1.0
0.0275304,-0.000264757,-0.484032,0.000109954,0.123166,-0.541464,0.0,0.0,1.0
0.0269401,-0.00196615,-0.484319,0.000758102,0.12423,-0.543409,0.0,0.0,1.0
0.0283811,-0.00634983,-0.486046,0.00271412,0.11783,-0.539265,0.0,0.0,1.0
0.0290104,-0.0116493,-0.48526,0.00512731,0.117141,-0.538889,0.0,0.0,1.0
0.0272483,-0.0104774,-0.485434,0.00451389,0.112419,-0.536169,0.0,0.0,1.0
0.0274045,-0.00574653,-0.481606,0.00246528,0.113299,-0.53669,0.0,0.0,1.0
0.0237717,-0.000577257,-0.479891,0.000208333,0.119433,-0.53522,0.0,0.0,1.0
0.0247526,-0.00614149,-0.477617,0.00241319,0.111916,-0.548466,0.0,0.0,1.0
0.0243056,-0.00616319,-0.477535,0.00261574,0.101759,-0.543843,0.0,0.0,1.0
0.0242491,-0.00772135,-0.478164,0.00303819,0.109682,-0.537992,0.0,0.0,1.0
0.0246007,-0.017066,-0.479288,0.00604167,0.123519,-0.522199,0.0,0.0,1.0
0.0218793,-0.0123741,-0.483294,0.00380208,0.126615,-0.522483,0.0,0.0,1.0
0.0197743,-0.011901,-0.482474,0.00329861,0.126701,-0.524792,0.0,0.0,1.0
0.0207118,-0.0111111,-0.482083,0.00329861,0.123646,-0.523009,0.0,0.0,1.0
0.0206076,-0.00967014,-0.478993,0.00283565,0.124815,-0.524919,0.0,0.0,1.0
0.0216363,-0.0131033,-0.479848,0.00405671,0.124311,-0.525781,0.0,0.0,1.0
0.0253819,-0.0153299,-0.478559,0.00574653,0.120376,-0.521152,0.0,0.0,1.0
0.0268316,-0.0171441,-0.477361,0.00675347,0.121047,-0.517807,0.0,0.0,1.0
0.0285981,-0.0164714,-0.475004,0.00709491,0.118021,-0.51956,0.0,0.0,1.0
0.0300608,-0.0176215,-0.472925,0.00841435,0.11191,-0.516134,0.0,0.0,1.0
0.0305122,-0.0164149,-0.470243,0.00798611,0.111481,-0.517639,0.0,0.0,1.0
0.0301042,-0.0136111,-0.469705,0.00653935,0.111389,-0.518808,0.0,0.0,1.0
0.0305859,-0.00755642,-0.47082,0.0037037,0.111007,-0.516794,0.0,0.0,1.0
0.0302995,-0.0084158,-0.472852,0.00388889,0.116701,-0.504711,0.0,0.0,1.0
0.0245139,-0.0148003,-0.481606,0.00512731,0.125891,-0.498958,0.0,0.0,1.0
0.025447,-0.00765191,-0.48135,0.00283565,0.121979,-0.499444,0.0,0.0,1.0
0.0266753,0.000173611,-0.481623,-6.94444e-05,0.118877,-0.501678,0.0,0.0,1.0
0.024592,-8.68056e-06,-0.482465,1.15741e-05,0.123889,-0.50147,0.0,0.0,1.0
0.0251042,-0.00199653,-0.485087,0.000706019,0.125972,-0.502859,0.0,0.0,1.0
0.0246441,-0.00314236,-0.485061,0.00109375,0.12592,-0.503247,0.0,0.0,1.0
0.0263368,-0.00204861,-0.48625,0.000729167,0.131088,-0.499016,0.0,0.0,1.0
0.0255512,-0.00152344,-0.486775,0.00052662,0.132043,-0.495654,0.0,0.0,1.0
0.0246354,-0.00299479,-0.486016,0.00105324,0.12441,-0.494352,0.0,0.0,1.0
0.0232899,-0.00131944,-0.487839,0.00041088,0.133038,-0.486626,0.0,0.0,1.0
0.021046,-0.00513455,-0.490213,0.00147569,0.130064,-0.479589,0.0,0.0,1.0
0.0227561,-0.00367622,-0.492391,0.00113426,0.131736,-0.475949,0.0,0.0,1.0
0.0242187,-0.00394097,-0.494896,0.00129051,0.131186,-0.475515,0.0,0.0,1.0
0.0239627,-0.00307726,-0.498424,0.000978009,0.133848,-0.47151,0.0,0.0,1.0
0.0234852,-0.00210503,-0.499058,0.000653935,0.134068,-0.469508,0.0,0.0,1.0
0.0240885,-0.00118056,-0.502439,0.000381944,0.132755,-0.468067,0.0,0.0,1.0
0.0236241,-0.0019401,-0.503147,0.000601852,0.134988,-0.467118,0.0,0.0,1.0
0.0216667,0.000130208,-0.505877,-3.47222e-05,0.133773,-0.467535,0.0,0.0,1.0
0.0211024,0.000243056,-0.507335,-6.36574e-05,0.133605,-0.469242,0.0,0.0,1.0
0.0206293,-0.000959201,-0.512669,0.000260417,0.133999,-0.473374,0.0,0.0,1.0
0.0212891,-0.0037717,-0.517296,0.00104167,0.137211,-0.471956,0.0,0.0,1.0
0.0217622,-0.0033941,-0.521806,0.000966435,0.136013,-0.472089,0.0,0.0,1.0
0.0213976,-0.0046875,-0.527092,0.00128472,0.13831,-0.46978,0.0,0.0,1.0
0.0220747,-0.00538194,-0.530477,0.00151042,0.140064,-0.464439,0.0,0.0,1.0
0.0213238,-0.00870226,-0.534015,0.00230324,0.143241,-0.458646,0.0,0.0,1.0
0.0214366,-0.00707899,-0.536228,0.0019213,0.14037,-0.450069,0.0,0.0,1.0
0.0225608,-0.00631076,-0.540035,0.00188657,0.133958,-0.457558,0.0,0.0,1.0
0.0250347,-0.0134635,-0.544418,0.00428241,0.139641,-0.441655,0.0,0.0,1.0
0.0277431,-0.0115278,-0.54651,0.00408565,0.139062,-0.438403,0.0,0.0,1.0
0.0288325,-0.0101259,-0.550881,0.00376157,0.13787,-0.43728,0.0,0.0,1.0
0.0288194,-0.00782118,-0.554193,0.00287037,0.139919,-0.437396,0.0,0.0,1.0
0.0288194,-0.0112326,-0.559462,0.0041088,0.140185,-0.434387,0.0,0.0,1.0
0.02852,-0.0037717,-0.564214,0.00136574,0.139745,-0.432755,0.0,0.0,1.0
0.0278212,-0.00269097,-0.56954,0.000954861,0.138825,-0.434207,0.0,0.0,1.0
0.026901,-0.00046875,-0.575165,0.000162037,0.135451,-0.430961,0.0,0.0,1.0
0.0248003,0.0015191,-0.575885,-0.000491898,0.136892,-0.435642,0.0,0.0,1.0
0.0284983,0.00806424,-0.576736,-0.0029919,0.136429,-0.438814,0.0,0.0,1.0
0.0282378,0.00351562,-0.582691,-0.00127894,0.137992,-0.440538,0.0,0.0,1.0
0.0254731,-0.00121094,-0.586576,0.000387731,0.140446,-0.445932,0.0,0.0,1.0
0.0284201,0.000243056,-0.589583,-9.25926e-05,0.141667,-0.444097,0.0,0.0,1.0
0.0284375,-0.00453125,-0.595191,0.00167245,0.137066,-0.444948,0.0,0.0,1.0
0.0318924,0.00923611,-0.592431,-0.00362269,0.144479,-0.439977,0.0,0.0,1.0
0.0292318,0.000264757,-0.598095,-9.25926e-05,0.144514,-0.436713,0.0,0.0,1.0
0.0298264,-0.00394965,-0.601155,0.00145255,0.144288,-0.428362,0.0,0.0,1.0
0.0329514,-0.00344618,-0.60579,0.00140046,0.143333,-0.424734,0.0,0.0,1.0
0.0355599,-0.00547309,-0.609501,0.00242477,0.142807,-0.421013,0.0,0.0,1.0
0.0344792,-0.00125,-0.610833,0.000648148,0.118611,-0.437292,0.0,0.0,1.0
0.0357899,-0.00140625,-0.614227,0.000729167,0.122905,-0.436157,0.0,0.0,1.0
0.0385417,0.00138021,-0.619175,-0.000775463,0.122338,-0.43603,0.0,0.0,1.0
0.0399826,0.00568576,-0.620061,-0.00350694,0.115301,-0.428368,0.0,0.0,1.0
0.0396615,0.0080816,-0.624931,-0.00540509,0.105324,-0.447373,0.0,0.0,1.0
0.0400651,0.0142839,-0.627227,-0.00941551,0.108096,-0.437112,0.0,0.0,1.0
0.0398741,0.017296,-0.629475,-0.0104745,0.11706,-0.432326,0.0,0.0,1.0
0.0357595,0.0141189,-0.62747,-0.00730324,0.122859,-0.43662,0.0,0.0,1.0
0.0339063,0.00467014,-0.627622,-0.00214699,0.131001,-0.436846,0.0,0.0,1.0
0.0335981,0.00378906,-0.629579,-0.0017419,0.130122,-0.434358,0.0,0.0,1.0
0.0311632,-0.00243924,-0.630582,0.00101852,0.13294,-0.436898,0.0,0.0,1.0
0.0306467,-0.00985677,-0.634293,0.00449074,0.119514,-0.448079,0.0,0.0,1.0
0.0385156,0.00506944,-0.637578,-0.00240741,0.144606,-0.430579,0.0,0.0,1.0
0.0317795,0.0065191,-0.630833,-0.00262153,0.140654,-0.434948,0.0,0.0,1.0
0.0332292,0.0159722,-0.629253,-0.00759838,0.124138,-0.443131,0.0,0.0,1.0
0.0371571,0.0217925,-0.630421,-0.0121991,0.118032,-0.439769,0.0,0.0,1.0
0.0359809,0.0139323,-0.630833,-0.00759838,0.117251,-0.445804,0.0,0.0,1.0
0.0371484,0.0165061,-0.631428,-0.00975694,0.111678,-0.448056,0.0,0.0,1.0
0.0412283,0.0221832,-0.633971,-0.0143056,0.113669,-0.444016,0.0,0.0,1.0
0.0406727,0.0197873,-0.633659,-0.0107755,0.132812,-0.4325,0.0,0.0,1.0
0.0391406,0.00670139,-0.6323,-0.00341435,0.136366,-0.438322,0.0,0.0,1.0
0.0389757,-0.0034809,-0.634141,0.00181134,0.133119,-0.441962,0.0,0.0,1.0
0.0433594,-0.00537326,-0.638142,0.00407407,0.101609,-0.47684,0.0,0.0,1.0
0.0442361,0.0129601,-0.641745,-0.0106944,0.0952662,-0.473137,0.0,0.0,1.0
0.043329,0.00745226,-0.640777,-0.00457176,0.125694,-0.440914,0.0,0.0,1.0
0.0459028,0.0121528,-0.644219,-0.00880208,0.112737,-0.439508,0.0,0.0,1.0
0.04352,0.0099349,-0.642452,-0.00688079,0.111684,-0.442205,0.0,0.0,1.0
0.0443446,0.0124436,-0.643685,-0.00909722,0.107882,-0.446516,0.0,0.0,1.0
0.0437109,0.0153863,-0.645872,-0.0108738,0.109913,-0.444797,0.0,0.0,1.0
0.041059,0.0121267,-0.643707,-0.00787037,0.112488,-0.452095,0.0,0.0,1.0
0.037092,0.00303819,-0.638724,-0.00165509,0.121343,-0.45603,0.0,0.0,1.0
0.0346181,0.00133681,-0.636962,-0.00068287,0.119745,-0.46059,0.0,0.0,1.0
0.0339887,-0.000108507,-0.63714,5.20833e-05,0.125538,-0.46055,0.0,0.0,1.0
0.0319531,0.000807292,-0.637378,-0.0003125,0.143576,-0.440208,0.0,0.0,1.0
0.0325,0.000373264,-0.637457,-0.000144676,0.145631,-0.43952,0.0,0.0,1.0
0.0295399,-0.00493056,-0.638411,0.00195602,0.132361,-0.44985,0.0,0.0,1.0
0.0307335,-0.00540365,-0.639457,0.00221065,0.133275,-0.443912,0.0,0.0,1.0
0.0424219,0.0121528,-0.645321,-0.00756366,0.121221,-0.441707,0.0,0.0,1.0
0.0426085,0.011072,-0.647478,-0.00712963,0.117662,-0.445116,0.0,0.0,1.0
0.0409939,0.00567274,-0.648928,-0.0033912,0.122118,-0.440486,0.0,0.0,1.0
0.0395703,0.00137587,-0.651584,-0.000810185,0.120255,-0.440417,0.0,0.0,1.0
0.0395269,0.000290799,-0.654128,-0.000162037,0.122847,-0.440046,0.0,0.0,1.0
0.0467014,0.0021875,-0.655174,-0.00157407,0.115313,-0.435799,0.0,0.0,1.0
0.04,0.00418403,-0.660781,-0.00262731,0.113032,-0.436655,0.0,0.0,1.0
0.0399566,0.00501736,-0.664349,-0.00314236,0.113478,-0.434323,0.0,0.0,1.0
0.0435851,0.000798611,-0.666415,-0.000509259,0.120312,-0.423785,0.0,0.0,1.0
0.0415061,0.0102214,-0.675586,-0.00614005,0.122911,-0.422529,0.0,0.0,1.0
0.0392014,0.00766493,-0.678359,-0.0041956,0.127297,-0.416973,0.0,0.0,1.0
0.0367057,0.00695747,-0.683286,-0.00369792,0.122668,-0.414543,0.0,0.0,1.0
0.0354427,0.00262153,-0.686189,-0.00110532,0.149196,-0.387749,0.0,0.0,1.0
0.0342318,0.00390191,-0.691862,-0.00157407,0.150382,-0.387141,0.0,0.0,1.0
0.0308724,0.000490451,-0.696098,-0.000173611,0.154444,-0.390567,0.0,0.0,1.0
0.0271528,-0.000668403,-0.702283,0.000208333,0.155799,-0.389317,0.0,0.0,1.0
0.025803,-0.00373698,-0.706871,0.00108796,0.157697,-0.390637,0.0,0.0,1.0
0.0239062,-0.00881076,-0.711432,0.00243056,0.154074,-0.386366,0.0,0.0,1.0
0.0225694,-0.0110156,-0.715304,0.00282407,0.156505,-0.388704,0.0,0.0,1.0
0.0221615,-0.0165799,-0.719939,0.00429398,0.151991,-0.388785,0.0,0.0,1.0
0.0232856,-0.0179557,-0.721888,0.00502315,0.148067,-0.392002,0.0,0.0,1.0
0.0248177,-0.0195312,-0.724523,0.0056713,0.151944,-0.388403,0.0,0.0,1.0
0.0286372,-0.0152344,-0.730417,0.0051794,0.149659,-0.388918,0.0,0.0,1.0
0.0304601,-0.0218056,-0.729141,0.00787037,0.149873,-0.385382,0.0,0.0,1.0
0.0327083,-0.0109288,-0.736814,0.00417824,0.152292,-0.38309,0.0,0.0,1.0
0.0307856,-0.0261762,-0.733329,0.0096412,0.148657,-0.381123,0.0,0.0,1.0
0.0334983,-0.00896701,-0.740521,0.00359954,0.148449,-0.384549,0.0,0.0,1.0
0.0340191,-0.00405382,-0.74408,0.00164352,0.149155,-0.383391,0.0,0.0,1.0
0.0348351,-0.00238715,-0.74467,0.00101852,0.14603,-0.383322,0.0,0.0,1.0
0.0378993,0.000269097,-0.746432,-0.000121528,0.147679,-0.372795,0.0,0.0,1.0
0.0374523,-0.000195313,-0.745386,9.25926e-05,0.149572,-0.376169,0.0,0.0,1.0
0.0357552,0.00177083,-0.743932,-0.000763889,0.147558,-0.377164,0.0,0.0,1.0
0.0369358,0.00144097,-0.74303,-0.000625,0.150683,-0.374155,0.0,0.0,1.0
0.0358507,-0.000373264,-0.741814,0.00015625,0.150179,-0.374462,0.0,0.0,1.0
0.0359245,0.000551215,-0.741211,-0.000231481,0.153194,-0.372269,0.0,0.0,1.0
0.0332552,-0.000104167,-0.741224,4.62963e-05,0.151944,-0.36875,0.0,0.0,1.0
0.033303,0.000881076,-0.741567,-0.000347222,0.154178,-0.371655,0.0,0.0,1.0
0.0317578,-0.00437934,-0.739657,0.00157407,0.156875,-0.368704,0.0,0.0,1.0
0.0312674,-0.000225694,-0.739531,8.10185e-05,0.152014,-0.365938,0.0,0.0,1.0
0.0299089,-0.00390191,-0.736619,0.00133102,0.155799,-0.363819,0.0,0.0,1.0
0.0304427,-0.00310764,-0.735443,0.00109954,0.152986,-0.36228,0.0,0.0,1.0
0.0301997,-0.00299479,-0.73349,0.00105324,0.152465,-0.35794,0.0,0.0,1.0
0.0289193,-0.00267795,-0.731411,0.00087963,0.156435,-0.366319,0.0,0.0,1.0
0.0290408,-0.00398872,-0.728885,0.00141204,0.145845,-0.364757,0.0,0.0,1.0
0.0304253,-0.00257813,-0.724983,0.0009375,0.148183,-0.365185,0.0,0.0,1.0
0.0307378,-0.00335938,-0.723507,0.00122685,0.149699,-0.367662,0.0,0.0,1.0
0.0294705,-0.00311632,-0.722326,0.00109954,0.148553,-0.36625,0.0,0.0,1.0
0.0292014,-0.00319444,-0.721858,0.00114583,0.145,-0.362789,0.0,0.0,1.0
0.0288194,-0.00548611,-0.720677,0.00189815,0.147836,-0.364433,0.0,0.0,1.0
0.0295877,-0.00503906,-0.720109,0.00184606,0.143848,-0.360179,0.0,0.0,1.0
0.0316016,-0.00777344,-0.719067,0.00295139,0.147963,-0.362627,0.0,0.0,1.0
0.0319965,-0.0101302,-0.717248,0.00399306,0.144248,-0.360625,0.0,0.0,1.0
0.0297656,-0.00551215,-0.717847,0.00195023,0.149566,-0.363513,0.0,0.0,1.0
0.030816,-0.00955729,-0.717439,0.00368056,0.142002,-0.366169,0.0,0.0,1.0
0.0312457,-0.00729601,-0.718407,0.00293403,0.138166,-0.364925,0.0,0.0,1.0
0.0311502,-0.00867622,-0.717522,0.0034375,0.139884,-0.366076,0.0,0.0,1.0
0.0309809,-0.00301215,-0.719792,0.00114583,0.144815,-0.360637,0.0,0.0,1.0
0.0327648,-0.00823351,-0.717452,0.00337963,0.141933,-0.363183,0.0,0.0,1.0
0.0297743,-0.00174479,-0.721068,0.000694444,0.134456,-0.366424,0.0,0.0,1.0
0.0291233,-0.0015191,-0.721875,0.000561343,0.140978,-0.363397,0.0,0.0,1.0
0.0277431,0.0040191,-0.725373,-0.00136574,0.145752,-0.358854,0.0,0.0,1.0
0.0277214,0.00340712,-0.725734,-0.00119213,0.140891,-0.365949,0.0,0.0,1.0
0.0280556,0.0022309,-0.728047,-0.000769676,0.14408,-0.371117,0.0,0.0,1.0
0.0267361,0.000989583,-0.728715,-0.0003125,0.147581,-0.366898,0.0,0.0,1.0
0.0261198,-0.00118056,-0.729575,0.00037037,0.150891,-0.363345,0.0,0.0,1.0
0.026454,0.00204427,-0.727904,-0.000613426,0.155428,-0.357407,0.0,0.0,1.0
0.0250825,-0.000507812,-0.728364,0.000144676,0.156777,-0.357969,0.0,0.0,1.0
0.0260503,-0.00383681,-0.730599,0.00113426,0.157037,-0.356944,0.0,0.0,1.0
0.028125,-0.00236979,-0.730304,0.000729167,0.16265,-0.364514,0.0,0.0,1.0
0.0278906,-0.000954861,-0.731311,0.000283565,0.166985,-0.363594,0.0,0.0,1.0
0.0283594,-0.00197049,-0.73033,0.000578704,0.170475,-0.367928,0.0,0.0,1.0
0.0297179,-0.00259983,-0.729978,0.000798611,0.172465,-0.367546,0.0,0.0,1.0
0.027921,-0.00117622,-0.727869,0.000358796,0.164213,-0.362836,0.0,0.0,1.0
0.0277214,-0.000924479,-0.725751,0.000266204,0.167743,-0.364583,0.0,0.0,1.0
0.0293837,0.000338542,-0.722622,-0.000104167,0.168461,-0.361806,0.0,0.0,1.0
0.0283681,0.00212674,-0.720877,-0.000648148,0.165868,-0.359572,0.0,0.0,1.0
0.0265972,-0.000598958,-0.721189,0.000173611,0.160093,-0.354525,0.0,0.0,1.0
0.0255816,-0.00154514,-0.719991,0.000434028,0.161071,-0.35489,0.0,0.0,1.0
0.0238281,-0.00277778,-0.71954,0.000752315,0.157905,-0.348356,0.0,0.0,1.0
0.0265017,-0.000286458,-0.716962,8.10185e-05,0.16022,-0.348171,0.0,0.0,1.0
0.0239497,0.00105035,-0.715851,-0.000283565,0.157205,-0.346337,0.0,0.0,1.0
0.0256988,0.000351563,-0.713911,-0.000104167,0.158056,-0.345891,0.0,0.0,1.0
0.0252865,0.000104167,-0.714349,-2.31481e-05,0.15662,-0.343495,0.0,0.0,1.0
0.025217,-0.000625,-0.712873,0.000179398,0.158547,-0.345793,0.0,0.0,1.0
0.0242708,-0.000876736,-0.712005,0.000243056,0.155127,-0.343102,0.0,0.0,1.0
0.0245356,-0.000855035,-0.710517,0.000231481,0.158021,-0.340382,0.0,0.0,1.0
0.026901,-0.000972222,-0.711189,0.000289352,0.158264,-0.342558,0.0,0.0,1.0
0.0253906,-0.00223958,-0.710061,0.000648148,0.154062,-0.338738,0.0,0.0,1.0
0.0262023,-0.00305122,-0.708928,0.000902778,0.15691,-0.342164,0.0,0.0,1.0
0.0243576,-0.0058941,-0.708116,0.00163194,0.156389,-0.342164,0.0,0.0,1.0
0.0262674,-0.00604167,-0.708073,0.00179398,0.156968,-0.341678,0.0,0.0,1.0
0.0274002,-0.00515191,-0.706593,0.00159722,0.157442,-0.342535,0.0,0.0,1.0
0.0272743,-0.000338542,-0.704488,0.000109954,0.154392,-0.338872,0.0,0.0,1.0
0.0271571,-0.0016276,-0.704553,0.000532407,0.147488,-0.33103,0.0,0.0,1.0
0.0290712,0.00114583,-0.703689,-0.000387731,0.1507,-0.329566,0.0,0.0,1.0
0.0269097,-0.00480903,-0.704375,0.00149306,0.154583,-0.334525,0.0,0.0,1.0
0.0262674,-0.0046441,-0.703342,0.00137731,0.157523,-0.338437,0.0,0.0,1.0
0.0258377,-0.00441406,-0.703711,0.00131366,0.15401,-0.334844,0.0,0.0,1.0
0.0271701,-0.00393229,-0.703411,0.00120949,0.156788,-0.332622,0.0,0.0,1.0
0.0280122,-0.00422743,-0.705295,0.00142361,0.147604,-0.338495,0.0,0.0,1.0
0.0306597,-0.00172743,-0.704575,0.000625,0.149502,-0.330266,0.0,0.0,1.0
0.0317708,-0.0125087,-0.700165,0.00501157,0.140914,-0.338009,0.0,0.0,1.0
0.0323785,-0.0114323,-0.699384,0.00454861,0.14463,-0.329549,0.0,0.0,1.0
0.0313108,-0.00152778,-0.700911,0.000578704,0.147072,-0.325544,0.0,0.0,1.0
0.0352778,-0.0134462,-0.694835,0.00592014,0.14239,-0.335122,0.0,0.0,1.0
0.0367057,-0.0106988,-0.695135,0.00484375,0.144115,-0.335932,0.0,0.0,1.0
0.035599,-0.00769965,-0.694705,0.00340856,0.142911,-0.3368,0.0,0.0,1.0
0.0351736,0.000555556,-0.698646,-0.000243056,0.142801,-0.33647,0.0,0.0,1.0
0.0336979,0.00455729,-0.698828,-0.00188079,0.145064,-0.333061,0.0,0.0,1.0
0.0334635,0.000286458,-0.69849,-0.000115741,0.146551,-0.341597,0.0,0.0,1.0
0.033329,-0.000551215,-0.698841,0.000225694,0.147922,-0.344705,0.0,0.0,1.0
0.0338628,-0.000494792,-0.698559,0.000202546,0.14842,-0.344821,0.0,0.0,1.0
0.0333637,-0.00193142,-0.698121,0.000787037,0.145914,-0.343576,0.0,0.0,1.0
0.0350781,-0.00921875,-0.6952,0.00381366,0.150828,-0.345735,0.0,0.0,1.0
0.0347917,-0.00616319,-0.696615,0.00258102,0.147616,-0.344063,0.0,0.0,1.0
0.036059,-0.00221354,-0.69671,0.000949074,0.150197,-0.340498,0.0,0.0,1.0
0.0344444,-0.00237847,-0.69467,0.000949074,0.152234,-0.343044,0.0,0.0,1.0
0.0342795,-0.00131076,-0.692153,0.00052662,0.151672,-0.345203,0.0,0.0,1.0
0.0337153,-0.00173611,-0.691701,0.000700231,0.148397,-0.343316,0.0,0.0,1.0
0.0331684,-0.00161458,-0.691884,0.000653935,0.145341,-0.349045,0.0,0.0,1.0
0.0335938,-0.00402778,-0.690243,0.00167824,0.143183,-0.35088,0.0,0.0,1.0
0.0351823,-0.00135417,-0.687943,0.000555556,0.152245,-0.340486,0.0,0.0,1.0
0.0314106,-0.00472656,-0.68681,0.00171296,0.153437,-0.342882,0.0,0.0,1.0
0.0332422,-0.00139323,-0.689596,0.000555556,0.149363,-0.342187,0.0,0.0,1.0
0.0341406,-0.00480903,-0.688273,0.00207176,0.14125,-0.345775,0.0,0.0,1.0
0.034605,-0.0018967,-0.688233,0.000787037,0.147303,-0.339433,0.0,0.0,1.0
0.0345486,-0.00328993,-0.688724,0.00140046,0.144641,-0.345579,0.0,0.0,1.0
0.0340321,-0.00811198,-0.685438,0.00334491,0.146505,-0.343738,0.0,0.0,1.0
0.0326953,-0.00327691,-0.685569,0.00129051,0.147633,-0.345631,0.0,0.0,1.0
0.0317448,-0.00749132,-0.681892,0.00291667,0.145046,-0.34787,0.0,0.0,1.0
0.031441,-0.0106424,-0.679722,0.00396412,0.150237,-0.339427,0.0,0.0,1.0
0.0327691,-0.0104427,-0.677899,0.0041956,0.144913,-0.346233,0.0,0.0,1.0
0.0328906,-0.0134028,-0.675217,0.00528356,0.148328,-0.340249,0.0,0.0,1.0
0.0321224,-0.0155946,-0.672079,0.00598958,0.14864,-0.345619,0.0,0.0,1.0
0.033533,-0.0151649,-0.669653,0.0059838,0.15103,-0.343241,0.0,0.0,1.0
0.0338368,-0.0218142,-0.663811,0.00887731,0.147894,-0.341123,0.0,0.0,1.0
0.0344271,-0.0225347,-0.661875,0.00947917,0.14544,-0.339988,0.0,0.0,1.0
0.0328646,-0.0218142,-0.65855,0.00835648,0.152535,-0.339178,0.0,0.0,1.0
0.0303168,-0.0171137,-0.657808,0.00612269,0.150694,-0.339271,0.0,0.0,1.0
0.0276953,-0.0136328,-0.657504,0.00439236,0.152911,-0.338941,0.0,0.0,1.0
0.0260503,-0.0126389,-0.654627,0.00385417,0.151991,-0.338715,0.0,0.0,1.0
0.0252257,-0.013151,-0.65296,0.00384838,0.153432,-0.337193,0.0,0.0,1.0
0.0248134,-0.0103168,-0.650187,0.00299769,0.151574,-0.332396,0.0,0.0,1.0
0.0254384,-0.0122526,-0.648025,0.00363426,0.152396,-0.335845,0.0,0.0,1.0
0.0248785,-0.0123872,-0.643481,0.00350694,0.156134,-0.337234,0.0,0.0,1.0
0.025,-0.00763021,-0.639141,0.00218171,0.155584,-0.33673,0.0,0.0,1.0
0.0251953,-0.00873698,-0.63648,0.00253472,0.15419,-0.333507,0.0,0.0,1.0
0.0254036,-0.00481337,-0.633069,0.00140046,0.155463,-0.334942,0.0,0.0,1.0
0.026276,-0.00730903,-0.629991,0.00221065,0.155093,-0.336053,0.0,0.0,1.0
0.0267535,-0.00888021,-0.629054,0.00271991,0.155197,-0.337292,0.0,0.0,1.0
0.0266797,-0.00828559,-0.627001,0.00256366,0.153466,-0.33871,0.0,0.0,1.0
0.0297092,-0.00540365,-0.622444,0.00184028,0.155278,-0.336192,0.0,0.0,1.0
0.0290061,-0.000872396,-0.619041,0.000289352,0.155521,-0.341296,0.0,0.0,1.0
0.0317448,0.00234375,-0.611224,-0.000896991,0.147251,-0.350573,0.0,0.0,1.0
0.0307118,0.00133681,-0.608698,-0.000503472,0.145179,-0.352251,0.0,0.0,1.0
0.0297917,-0.000121528,-0.607865,4.05093e-05,0.14908,-0.351209,0.0,0.0,1.0
0.0296354,-0.000555556,-0.603993,0.000196759,0.150903,-0.351748,0.0,0.0,1.0
0.0314757,-0.000373264,-0.600391,0.000138889,0.150463,-0.353102,0.0,0.0,1.0
0.0350174,0.00380208,-0.597569,-0.00164352,0.144514,-0.351019,0.0,0.0,1.0
0.0401432,0.0027908,-0.591159,-0.00137731,0.144144,-0.348437,0.0,0.0,1.0
0.038559,0.0120226,-0.590113,-0.00592593,0.139144,-0.344144,0.0,0.0,1.0
0.0428602,0.00255642,-0.577782,-0.00143519,0.135579,-0.340093,0.0,0.0,1.0
0.027691,-0.0201997,-0.580269,0.00708333,0.14037,-0.337454,0.0,0.0,1.0
0.0380425,0.013303,-0.57378,-0.00921875,0.0975637,-0.369682,0.0,0.0,1.0
0.0446441,0.00234375,-0.558793,-0.00166667,0.11191,-0.360637,0.0,0.0,1.0
0.0420313,0.016059,-0.557986,-0.0105613,0.113605,-0.351788,0.0,0.0,1.0
0.0445312,-0.00486111,-0.539566,0.00354167,0.108796,-0.359792,0.0,0.0,1.0
0.043342,-0.021224,-0.52441,0.015706,0.104051,-0.331053,0.0,0.0,1.0
0.0394271,-0.0091059,-0.520009,0.0053125,0.120243,-0.355394,0.0,0.0,1.0
0.0372483,-0.0187153,-0.505078,0.0121181,0.102292,-0.370174,0.0,0.0,1.0
0.0361068,-0.0206901,-0.494779,0.0125231,0.106053,-0.363623,0.0,0.0,1.0
0.0308464,-0.00509983,-0.498121,0.00211227,0.132355,-0.341128,0.0,0.0,1.0
0.0286285,-0.0168403,-0.485174,0.00629051,0.136256,-0.345365,0.0,0.0,1.0
0.0287196,-0.0158637,-0.480603,0.00592593,0.136725,-0.344294,0.0,0.0,1.0
0.0284505,-0.0180512,-0.469605,0.0065625,0.139039,-0.346134,0.0,0.0,1.0
0.0255035,-0.0289844,-0.455894,0.00962384,0.136545,-0.346372,0.0,0.0,1.0
0.0228299,-0.0259462,-0.445634,0.00762153,0.138108,-0.347587,0.0,0.0,1.0
0.0278733,-0.0126649,-0.436042,0.00453704,0.138368,-0.350104,0.0,0.0,1.0
0.0322222,-0.0109983,-0.428759,0.00489005,0.128918,-0.356337,0.0,0.0,1.0
0.0304688,-0.00195312,-0.41303,0.000821759,0.129051,-0.355104,0.0,0.0,1.0
0.0308941,-0.00546875,-0.401571,0.00237269,0.126921,-0.353113,0.0,0.0,1.0
0.03648,-0.015013,-0.386098,0.00784722,0.124109,-0.349942,0.0,0.0,1.0
0.0343056,0.00250868,-0.372248,-0.00123843,0.123252,-0.353542,0.0,0.0,1.0
0.0337066,0.0198698,-0.359236,-0.00997685,0.119329,-0.353681,0.0,0.0,1.0
0.0378299,-0.00447917,-0.339826,0.00315394,0.0953993,-0.384659,0.0,0.0,1.0
0.0352517,-0.00657118,-0.326823,0.00451968,0.091059,-0.388166,0.0,0.0,1.0
0.0400347,0.000720486,-0.313116,-0.00056713,0.0902546,-0.39066,0.0,0.0,1.0
0.0351389,-0.00141493,-0.300929,0.00100694,0.087662,-0.398808,0.0,0.0,1.0
0.0406424,0.00133681,-0.286563,-0.00099537,0.0976042,-0.382373,0.0,0.0,1.0
0.0346571,0.00031684,-0.270664,-0.000219907,0.0902431,-0.384028,0.0,0.0,1.0
0.0349306,0.0059809,-0.263672,-0.00405093,0.0916435,-0.38044,0.0,0.0,1.0
0.0362196,0.0149523,-0.25128,-0.00941551,0.102263,-0.36658,0.0,0.0,1.0
0.034809,0.0228559,-0.244939,-0.0115278,0.122755,-0.336944,0.0,0.0,1.0
0.0385938,0.0171441,-0.244766,-0.00963542,0.122078,-0.337934,0.0,0.0,1.0
0.0315582,0.0159245,-0.235152,-0.00718171,0.124288,-0.340422,0.0,0.0,1.0
0.0267839,0.0187717,-0.228954,-0.00698495,0.128027,-0.344091,0.0,0.0,1.0
0.0265972,0.0145747,-0.231484,-0.00524884,0.131383,-0.349821,0.0,0.0,1.0
0.0273394,0.0129036,-0.23661,-0.00461227,0.135874,-0.354936,0.0,0.0,1.0
0.0272743,0.00943576,-0.242283,-0.00327546,0.139815,-0.358877,0.0,0.0,1.0
0.0285026,0.00792969,-0.247843,-0.00283565,0.141956,-0.366968,0.0,0.0,1.0
0.0271137,0.0062283,-0.251497,-0.00211806,0.142049,-0.369375,0.0,0.0,1.0
0.0249479,0.012066,-0.25375,-0.00384259,0.139282,-0.381991,0.0,0.0,1.0
0.0262977,0.0081033,-0.260178,-0.00268519,0.140775,-0.391308,0.0,0.0,1.0
0.0243533,0.0154991,-0.261749,-0.00477431,0.140723,-0.393744,0.0,0.0,1.0
0.023928,0.0146571,-0.267053,-0.0046412,0.134155,-0.401157,0.0,0.0,1.0
0.0274219,0.0186372,-0.273316,-0.00681713,0.133275,-0.406528,0.0,0.0,1.0
0.0281424,0.0185503,-0.27803,-0.00724537,0.128206,-0.415475,0.0,0.0,1.0
0.0263281,0.0136719,-0.285642,-0.00474537,0.134838,-0.419468,0.0,0.0,1.0
0.0276953,0.0139193,-0.291879,-0.00503472,0.136123,-0.425625,0.0,0.0,1.0
0.0282639,0.0122309,-0.297908,-0.00445602,0.137951,-0.433449,0.0,0.0,1.0
0.0285677,0.0106424,-0.305807,-0.00401042,0.134659,-0.436962,0.0,0.0,1.0
0.030026,0.0130556,-0.310929,-0.00512153,0.136105,-0.43526,0.0,0.0,1.0
0.0330208,0.0114931,-0.318872,-0.00527778,0.12787,-0.441412,0.0,0.0,1.0
0.0332639,0.00756076,-0.325321,-0.00363426,0.122963,-0.453889,0.0,0.0,1.0
0.0332378,0.00711806,-0.331345,-0.00344907,0.121921,-0.448681,0.0,0.0,1.0
0.0330903,0.00585069,-0.33691,-0.00307292,0.11202,-0.454045,0.0,0.0,1.0
0.0331597,0.00144965,-0.339384,-0.000717593,0.119537,-0.450069,0.0,0.0,1.0
0.032296,-0.00319878,-0.343876,0.00145255,0.1268,-0.445619,0.0,0.0,1.0
0.0327431,-0.0065625,-0.344826,0.00326968,0.116811,-0.456915,0.0,0.0,1.0
0.0339583,-0.00756076,-0.347595,0.00384259,0.118611,-0.45706,0.0,0.0,1.0
0.0315755,-0.0151259,-0.351662,0.0069213,0.122662,-0.450764,0.0,0.0,1.0
0.0309158,-0.0200477,-0.357227,0.00899306,0.122604,-0.458264,0.0,0.0,1.0
0.0327734,-0.0150043,-0.35793,0.00730324,0.119699,-0.462118,0.0,0.0,1.0
0.0313846,-0.0161155,-0.360751,0.00736111,0.122141,-0.466169,0.0,0.0,1.0
0.0312066,-0.0141406,-0.363125,0.00658565,0.119155,-0.46831,0.0,0.0,1.0
0.0303385,-0.00856771,-0.364618,0.00385995,0.119751,-0.470376,0.0,0.0,1.0
0.0310503,-0.010434,-0.368186,0.00470486,0.122413,-0.474439,0.0,0.0,1.0
0.0250043,-7.37847e-05,-0.361784,2.89352e-05,0.12533,-0.47217,0.0,0.0,1.0
0.0291406,-0.000633681,-0.36783,0.00025463,0.128981,-0.473657,0.0,0.0,1.0
0.0274566,0.00132813,-0.367031,-0.000509259,0.127778,-0.475625,0.0,0.0,1.0
0.0294618,0.000416667,-0.368316,-0.000179398,0.1218,-0.475168,0.0,0.0,1.0
0.0319531,-0.00220486,-0.367613,0.00103009,0.121678,-0.474954,0.0,0.0,1.0
0.0298351,-0.00164062,-0.368125,0.000740741,0.117072,-0.474734,0.0,0.0,1.0
0.0286458,-0.00326389,-0.367743,0.00144676,0.114826,-0.476481,0.0,0.0,1.0
0.0265625,-0.00449653,-0.367552,0.00181134,0.117147,-0.475631,0.0,0.0,1.0
0.0254297,-0.00594184,-0.366619,0.0023206,0.115677,-0.476314,0.0,0.0,1.0
0.0266406,-0.00690972,-0.367804,0.00278935,0.117326,-0.474606,0.0,0.0,1.0
0.0275998,-0.00773872,-0.370308,0.00321759,0.118171,-0.475417,0.0,0.0,1.0
0.028954,-0.00766059,-0.371246,0.00332176,0.118866,-0.473738,0.0,0.0,1.0
0.0288802,-0.0104688,-0.372196,0.00441551,0.121638,-0.472216,0.0,0.0,1.0
0.0282552,-0.0096441,-0.373611,0.00408565,0.118241,-0.47515,0.0,0.0,1.0
0.0271267,-0.0121615,-0.375747,0.00484954,0.120775,-0.474028,0.0,0.0,1.0
0.0270139,-0.0115017,-0.377318,0.00452546,0.121933,-0.472199,0.0,0.0,1.0
0.0260286,-0.012105,-0.379006,0.00451389,0.124063,-0.470127,0.0,0.0,1.0
0.0271137,-0.0113498,-0.380412,0.00441551,0.123872,-0.469543,0.0,0.0,1.0
0.0258073,-0.0121701,-0.382196,0.00450231,0.123993,-0.466204,0.0,0.0,1.0
0.0261285,-0.00924479,-0.383498,0.00341435,0.125764,-0.462211,0.0,0.0,1.0
0.0257292,-0.00886285,-0.385286,0.0031713,0.128079,-0.457801,0.0,0.0,1.0
0.0274566,-0.00803819,-0.386276,0.00310185,0.126458,-0.454977,0.0,0.0,1.0
0.0274132,-0.00730903,-0.386979,0.0028125,0.126794,-0.450671,0.0,0.0,1.0
0.0285938,-0.00392361,-0.389549,0.0016088,0.123715,-0.443218,0.0,0.0,1.0
0.028138,-0.00192274,-0.390872,0.000787037,0.123044,-0.447234,0.0,0.0,1.0
0.0270573,-0.00322917,-0.392387,0.00122685,0.126227,-0.452361,0.0,0.0,1.0
0.0268186,-0.00527344,-0.396584,0.00201389,0.124907,-0.450579,0.0,0.0,1.0
0.0280642,-0.00363715,-0.400486,0.00146991,0.123414,-0.449861,0.0,0.0,1.0
0.0282899,-0.000815972,-0.402439,0.000335648,0.121725,-0.45037,0.0,0.0,1.0
0.0298351,-0.00442708,-0.40678,0.00186343,0.126181,-0.455382,0.0,0.0,1.0
0.0290321,0.00443142,-0.403364,-0.00186343,0.122454,-0.458553,0.0,0.0,1.0
0.0290451,0.00151042,-0.406875,-0.000625,0.124086,-0.459572,0.0,0.0,1.0
0.0289627,0.00200955,-0.40898,-0.000787037,0.131273,-0.461412,0.0,0.0,1.0
0.0291146,-0.000138889,-0.412865,5.78704e-05,0.128067,-0.46544,0.0,0.0,1.0
0.0306337,0.000338542,-0.412882,-0.000144676,0.127807,-0.467633,0.0,0.0,1.0
0.0331424,-0.000503472,-0.418837,0.000225694,0.129659,-0.466383,0.0,0.0,1.0
0.0319618,-0.00159722,-0.420156,0.000706019,0.129514,-0.464502,0.0,0.0,1.0
0.0323828,-0.0010026,-0.421289,0.000439815,0.130451,-0.463715,0.0,0.0,1.0
0.03375,-0.00319444,-0.424271,0.00150463,0.127384,-0.463032,0.0,0.0,1.0
0.0329167,-0.00115451,-0.424748,0.000538194,0.124427,-0.458142,0.0,0.0,1.0
0.0344878,0.000755208,-0.426667,-0.000387731,0.118582,-0.457552,0.0,0.0,1.0
0.0342188,0.00125,-0.429826,-0.000625,0.122014,-0.454144,0.0,0.0,1.0
0.0354036,0.00226997,-0.431437,-0.00118634,0.120272,-0.459034,0.0,0.0,1.0
0.037309,0.00189236,-0.433229,-0.00106481,0.11838,-0.461829,0.0,0.0,1.0
0.0371267,0.00170139,-0.437873,-0.000960648,0.116829,-0.464132,0.0,0.0,1.0
0.0363802,0.00829861,-0.441727,-0.00486111,0.110463,-0.468241,0.0,0.0,1.0
0.0363845,0.00578559,-0.445508,-0.00359954,0.103819,-0.475243,0.0,0.0,1.0
0.034566,0.000607639,-0.446233,-0.000289352,0.126539,-0.452199,0.0,0.0,1.0
0.0349219,0.00657118,-0.447691,-0.00375579,0.108536,-0.470631,0.0,0.0,1.0
0.0338281,0.00832465,-0.450434,-0.0040162,0.124398,-0.45603,0.0,0.0,1.0
0.0323785,0.0100347,-0.451806,-0.0044213,0.130567,-0.456678,0.0,0.0,1.0
0.0320747,0.0090191,-0.452292,-0.00395833,0.129815,-0.466319,0.0,0.0,1.0
0.0327951,0.0103559,-0.452526,-0.0046875,0.128762,-0.464861,0.0,0.0,1.0
0.0323047,0.00809462,-0.453016,-0.00347801,0.133756,-0.464983,0.0,0.0,1.0
0.0328906,0.00740451,-0.452274,-0.00327546,0.132118,-0.468264,0.0,0.0,1.0
0.0324523,0.00647135,-0.452357,-0.00279514,0.133432,-0.467089,0.0,0.0,1.0
0.0358247,-0.00197049,-0.460035,0.0009375,0.133125,-0.467002,0.0,0.0,1.0
0.0341059,-0.00105035,-0.457847,0.000480324,0.133362,-0.464774,0.0,0.0,1.0
0.0359071,-0.00199219,-0.458294,0.000972222,0.131481,-0.463889,0.0,0.0,1.0
0.0351779,-0.0022092,-0.459562,0.00106481,0.13066,-0.464572,0.0,0.0,1.0
0.0371181,-0.00275174,-0.456693,0.00142361,0.127674,-0.465347,0.0,0.0,1.0
0.0370833,-0.00256944,-0.456181,0.00168981,0.100313,-0.489271,0.0,0.0,1.0
0.0424826,0.00914062,-0.45638,-0.00744213,0.0927315,-0.496007,0.0,0.0,1.0
0.0384635,-0.00206597,-0.456571,0.00152199,0.0930961,-0.497043,0.0,0.0,1.0
0.0392144,-0.000334201,-0.457504,0.000237269,0.0964641,-0.501707,0.0,0.0,1.0
0.036033,-0.00204861,-0.461432,0.00140046,0.0937616,-0.506458,0.0,0.0,1.0
0.0350304,-0.00108073,-0.463503,0.000746528,0.0909086,-0.506835,0.0,0.0,1.0
0.0344141,0.00136719,-0.464119,-0.00087963,0.0952431,-0.508947,0.0,0.0,1.0
0.0340061,0.00202691,-0.463945,-0.00126736,0.0965683,-0.506557,0.0,0.0,1.0
0.0354687,0.000529514,-0.461953,-0.000324074,0.104884,-0.500972,0.0,0.0,1.0
0.0359115,-0.00111979,-0.461563,0.00056713,0.126586,-0.483009,0.0,0.0,1.0
0.0361458,-0.00232639,-0.460729,0.00122106,0.12239,-0.491464,0.0,0.0,1.0
0.0363932,-0.000108507,-0.460039,5.78704e-05,0.125868,-0.48831,0.0,0.0,1.0
0.0342622,-0.00215278,-0.457995,0.00125,0.105081,-0.510891,0.0,0.0,1.0
0.0334375,-0.00200521,-0.455599,0.00103009,0.115579,-0.496146,0.0,0.0,1.0
0.0330816,-0.00493056,-0.454714,0.00246528,0.1175,-0.496725,0.0,0.0,1.0
0.0331163,-0.00746528,-0.450946,0.00388889,0.113056,-0.500069,0.0,0.0,1.0
0.0327344,-0.00298611,-0.45013,0.00145255,0.119404,-0.496626,0.0,0.0,1.0
0.0322352,-0.00484809,-0.446385,0.00233796,0.119213,-0.498218,0.0,0.0,1.0
0.0312196,-0.00510851,-0.444813,0.0023206,0.122089,-0.500897,0.0,0.0,1.0
0.0321441,-0.00393229,-0.442361,0.00185185,0.120903,-0.502384,0.0,0.0,1.0
0.0308854,-0.0021441,-0.439262,0.0009375,0.125,-0.50353,0.0,0.0,1.0
0.0321788,-0.00249132,-0.435868,0.00121528,0.116829,-0.511169,0.0,0.0,1.0
0.0327865,0.000833333,-0.43112,-0.00041088,0.118027,-0.508409,0.0,0.0,1.0
0.0325521,0.00476563,-0.425512,-0.00230324,0.119907,-0.505336,0.0,0.0,1.0
0.0334635,0.00216146,-0.422552,-0.00115162,0.111904,-0.513362,0.0,0.0,1.0
0.033329,0.00444878,-0.417721,-0.00235532,0.111834,-0.510168,0.0,0.0,1.0
0.0301997,7.8125e-05,-0.413663,-4.62963e-05,0.0920255,-0.523785,0.0,0.0,1.0
0.0311979,0.00332465,-0.408655,-0.00166667,0.110845,-0.510729,0.0,0.0,1.0
0.0318967,0.00358073,-0.404657,-0.00185185,0.109745,-0.513102,0.0,0.0,1.0
0.031276,0.0028559,-0.400139,-0.00138889,0.114907,-0.51169,0.0,0.0,1.0
0.0323307,0.000768229,-0.398624,-0.000451389,0.0965393,-0.531134,0.0,0.0,1.0
0.0341884,0.000646701,-0.395317,-0.000422454,0.0919734,-0.536823,0.0,0.0,1.0
0.0341233,0.000381944,-0.391727,-0.000243056,0.0935417,-0.534178,0.0,0.0,1.0
0.0346441,-0.000503472,-0.388568,0.000324074,0.0963194,-0.534213,0.0,0.0,1.0
0.0336458,0.000425347,-0.387648,-0.000277778,0.0918403,-0.533553,0.0,0.0,1.0
0.0311979,0.00640625,-0.384462,-0.00363426,0.097581,-0.529757,0.0,0.0,1.0
0.0339453,0.00259115,-0.382357,-0.00166667,0.0941667,-0.539375,0.0,0.0,1.0
0.0293403,0.0161024,-0.383498,-0.00820602,0.102361,-0.538715,0.0,0.0,1.0
0.0242925,0.0182595,-0.385048,-0.00652199,0.120909,-0.526753,0.0,0.0,1.0
0.0249262,0.0167491,-0.392088,-0.00674769,0.110093,-0.54853,0.0,0.0,1.0
0.0233247,0.0216146,-0.389401,-0.00701389,0.127813,-0.534479,0.0,0.0,1.0
0.0255339,0.0126432,-0.396471,-0.00631944,0.0908102,-0.578218,0.0,0.0,1.0
0.0246615,0.017717,-0.39809,-0.00871528,0.0890856,-0.582755,0.0,0.0,1.0
0.0229384,0.0211849,-0.398633,-0.00938079,0.0921007,-0.584635,0.0,0.0,1.0
0.0217101,0.0176649,-0.399983,-0.00774884,0.088015,-0.592031,0.0,0.0,1.0
0.0211892,0.0153733,-0.39441,-0.00451389,0.128345,-0.555961,0.0,0.0,1.0
0.0233377,0.00917969,-0.393668,-0.0027662,0.137419,-0.544468,0.0,0.0,1.0
0.0226823,0.0115972,-0.395477,-0.00349537,0.1336,-0.559456,0.0,0.0,1.0
0.0249653,0.0134635,-0.397995,-0.00484954,0.123194,-0.55147,0.0,0.0,1.0
0.02523,0.0143446,-0.401176,-0.00512153,0.125573,-0.555723,0.0,0.0,1.0
0.0242318,0.0117665,-0.399536,-0.00435185,0.116377,-0.545567,0.0,0.0,1.0
0.0243403,0.0138542,-0.402274,-0.00486111,0.123299,-0.544062,0.0,0.0,1.0
0.0237326,0.00873264,-0.399653,-0.00322917,0.11419,-0.532674,0.0,0.0,1.0
0.0234722,0.00723958,-0.398576,-0.00272569,0.110932,-0.527795,0.0,0.0,1.0
0.0254601,0.00921875,-0.400634,-0.00382523,0.109126,-0.523929,0.0,0.0,1.0
0.0254774,0.0118229,-0.400564,-0.00487269,0.109861,-0.52191,0.0,0.0,1.0
0.0272743,0.0149306,-0.401858,-0.00679977,0.106464,-0.522448,0.0,0.0,1.0
0.0238325,0.000386285,-0.395369,-0.000167824,0.0965799,-0.5343,0.0,0.0,1.0
0.0258811,0.0114887,-0.396471,-0.00510995,0.103513,-0.52423,0.0,0.0,1.0
0.0244835,0.0179818,-0.391411,-0.00707176,0.110648,-0.513229,0.0,0.0,1.0
0.0255642,0.021059,-0.39296,-0.00846644,0.113027,-0.508906,0.0,0.0,1.0
0.0263976,0.0183854,-0.396988,-0.00923611,0.0933681,-0.528738,0.0,0.0,1.0
0.0262977,0.0220356,-0.397339,-0.0115336,0.0893229,-0.526418,0.0,0.0,1.0
0.0246615,0.021849,-0.395903,-0.0108565,0.0882407,-0.525417,0.0,0.0,1.0
0.0203863,0.0163932,-0.392582,-0.00671296,0.0886343,-0.523681,0.0,0.0,1.0
0.0202257,0.0209028,-0.393872,-0.00861111,0.0872454,-0.51787,0.0,0.0,1.0
0.0180035,0.019809,-0.395017,-0.00708333,0.0895486,-0.511632,0.0,0.0,1.0
0.0163238,0.0244054,-0.387938,-0.00720486,0.0982697,-0.496522,0.0,0.0,1.0
0.0184462,0.0175521,-0.388012,-0.00570023,0.100909,-0.495631,0.0,0.0,1.0
0.0311545,0.00636285,-0.390052,-0.00163773,0.120434,-0.476372,0.0,0.0,1.0
0.030803,0.00678385,-0.389032,-0.00181713,0.121424,-0.470532,0.0,0.0,1.0
0.0304514,0.00720486,-0.388021,-0.00200231,0.122419,-0.464699,0.0,0.0,1.0
0.0300998,0.00761719,-0.38701,-0.00219907,0.123403,-0.458866,0.0,0.0,1.0
0.021033,0.00078125,-0.383776,-0.000237269,0.121765,-0.44408,0.0,0.0,1.0
0.0289497,0.0107552,-0.383663,-0.00613426,0.0902546,-0.466134,0.0,0.0,1.0
0.0227951,-0.000972222,-0.383663,0.0003125,0.125602,-0.42853,0.0,0.0,1.0
0.0219141,0.00166233,-0.382695,-0.000509259,0.127118,-0.423229,0.0,0.0,1.0
0.0220486,-0.00224826,-0.381536,0.000717593,0.122986,-0.407361,0.0,0.0,1.0
0.0221788,-0.0107465,-0.3848,0.00340856,0.124462,-0.400168,0.0,0.0,1.0
0.0217144,-0.00604601,-0.380751,0.00203704,0.114792,-0.390255,0.0,0.0,1.0
0.0211892,0.00349826,-0.376198,-0.00100694,0.131377,-0.396852,0.0,0.0,1.0
0.0244705,0.000746528,-0.375182,-0.000248843,0.132193,-0.389832,0.0,0.0,1.0
0.0268316,0.00742187,-0.377708,-0.00263889,0.133773,-0.383218,0.0,0.0,1.0
0.0311328,0.0091276,-0.378633,-0.0037037,0.136424,-0.378067,0.0,0.0,1.0
0.0368099,0.00165365,-0.376567,-0.000821759,0.131644,-0.371725,0.0,0.0,1.0
0.0359722,0.00122396,-0.378481,-0.000734954,0.106094,-0.392031,0.0,0.0,1.0
0.0337153,0.00790799,-0.380252,-0.00484954,0.0978819,-0.398773,0.0,0.0,1.0
0.0335417,0.0121701,-0.382083,-0.00740162,0.0980382,-0.395052,0.0,0.0,1.0
0.0332899,0.0102257,-0.381519,-0.00626157,0.0965625,-0.395903,0.0,0.0,1.0
0.0328559,0.0117188,-0.381536,-0.00652778,0.104965,-0.384363,0.0,0.0,1.0
0.0284983,-0.00154514,-0.37487,0.000648148,0.120845,-0.367512,0.0,0.0,1.0
0.0270139,-0.00296007,-0.375877,0.00109954,0.130046,-0.368391,0.0,0.0,1.0
0.0308073,0.0112587,-0.375087,-0.00478588,0.128976,-0.368652,0.0,0.0,1.0
0.0245833,0.000564236,-0.370443,-0.000185185,0.133947,-0.369965,0.0,0.0,1.0
0.0223698,0.00127604,-0.370434,-0.000381944,0.131771,-0.376435,0.0,0.0,1.0
0.0232118,0.00206597,-0.367743,-0.000630787,0.134959,-0.37489,0.0,0.0,1.0
0.022092,0.00347222,-0.364835,-0.00100694,0.13522,-0.37662,0.0,0.0,1.0
0.0232292,0.00244792,-0.364323,-0.000758102,0.133096,-0.379647,0.0,0.0,1.0
0.0244661,0.00415365,-0.363702,-0.00132523,0.136128,-0.379057,0.0,0.0,1.0
0.0248003,0.00179688,-0.362604,-0.000601852,0.132025,-0.375868,0.0,0.0,1.0
0.0228689,0.00046441,-0.366341,-0.000138889,0.136968,-0.376852,0.0,0.0,1.0
0.0238628,-9.54861e-05,-0.365885,3.47222e-05,0.136481,-0.379572,0.0,0.0,1.0
0.02648,-0.00233941,-0.365577,0.000827546,0.132969,-0.378409,0.0,0.0,1.0
0.0238368,-0.000546875,-0.36421,0.000179398,0.130874,-0.381742,0.0,0.0,1.0
0.0237326,0.000338542,-0.363342,-0.000104167,0.135868,-0.381505,0.0,0.0,1.0
0.0239149,-0.00113715,-0.364236,0.000376157,0.128918,-0.388652,0.0,0.0,1.0
0.0232899,-0.00352431,-0.365234,0.00111111,0.130764,-0.390787,0.0,0.0,1.0
0.0260069,-0.00876736,-0.367378,0.00329861,0.122766,-0.395394,0.0,0.0,1.0
0.0239583,-0.00787326,-0.368776,0.00263889,0.127188,-0.397188,0.0,0.0,1.0
0.0245616,-0.0101953,-0.37003,0.00346065,0.128519,-0.397951,0.0,0.0,1.0
0.0250694,-0.00716146,-0.370825,0.00251157,0.127245,-0.39985,0.0,0.0,1.0
0.0270356,-0.00853733,-0.37135,0.00315394,0.130168,-0.401036,0.0,0.0,1.0
0.0270052,-0.00306424,-0.371858,0.00114005,0.129103,-0.401846,0.0,0.0,1.0
0.0271441,-0.00288194,-0.373498,0.00106481,0.130799,-0.39728,0.0,0.0,1.0
0.0286198,-0.00225694,-0.373064,0.00087963,0.130683,-0.397373,0.0,0.0,1.0
0.0306337,-0.00154514,-0.375599,0.000648148,0.130984,-0.39684,0.0,0.0,1.0
0.0294705,-0.000668403,-0.374653,0.000277778,0.127188,-0.410266,0.0,0.0,1.0
0.0315625,0.000876736,-0.37546,-0.000381944,0.130509,-0.399363,0.0,0.0,1.0
0.0307205,-0.000329861,-0.375304,0.000144676,0.121418,-0.406059,0.0,0.0,1.0
0.0301476,0.00197917,-0.37395,-0.000821759,0.129248,-0.401319,0.0,0.0,1.0
0.0318229,0.00829861,-0.380191,-0.00358796,0.130822,-0.393924,0.0,0.0,1.0
0.0290755,0.00398003,-0.37674,-0.00160301,0.128605,-0.397633,0.0,0.0,1.0
0.026697,0.00299045,-0.380499,-0.00123843,0.115255,-0.409618,0.0,0.0,1.0
0.0277951,0.0058941,-0.380495,-0.00238426,0.12184,-0.407118,0.0,0.0,1.0
0.0294792,0.00260417,-0.382552,-0.00119792,0.114149,-0.411036,0.0,0.0,1.0
0.0286198,-0.00126736,-0.382804,0.00056713,0.112928,-0.404213,0.0,0.0,1.0
0.0300217,-0.00749566,-0.385178,0.00342593,0.116678,-0.405706,0.0,0.0,1.0
0.0279948,-0.00121528,-0.383759,0.000491898,0.124068,-0.400075,0.0,0.0,1.0
0.0253689,0.000664063,-0.379362,-0.000231481,0.128762,-0.39485,0.0,0.0,1.0
0.0266753,0.00255208,-0.380252,-0.000943287,0.128698,-0.393432,0.0,0.0,1.0
0.0286719,0.00798611,-0.380061,-0.00327546,0.124352,-0.388484,0.0,0.0,1.0
0.0307639,0.0155816,-0.378411,-0.00700232,0.121713,-0.388738,0.0,0.0,1.0
0.0258637,-0.00187066,-0.381949,0.000630787,0.136707,-0.401198,0.0,0.0,1.0
0.0257595,0.00031684,-0.382192,-0.000121528,0.121707,-0.400909,0.0,0.0,1.0
0.0250868,-0.00138021,-0.38447,0.000584491,0.10577,-0.406742,0.0,0.0,1.0
0.0276042,-0.00153646,-0.388724,0.000665509,0.112795,-0.410226,0.0,0.0,1.0
0.027691,-0.00133681,-0.392743,0.000601852,0.109595,-0.412419,0.0,0.0,1.0
0.0315582,-0.00047309,-0.397409,0.000237269,0.111881,-0.407124,0.0,0.0,1.0
0.0317491,0.000325521,-0.400022,-0.000162037,0.112975,-0.413947,0.0,0.0,1.0
0.0353125,0.000416667,-0.410434,-0.000248843,0.104381,-0.414277,0.0,0.0,1.0
0.0359766,0.00661892,-0.418477,-0.00409722,0.103275,-0.415475,0.0,0.0,1.0
0.0361936,0.000429687,-0.428381,-0.000289352,0.0948727,-0.458889,0.0,0.0,1.0
