-0.172495,-0.016901,0.73487,0.0626574,-0.147083,0.0573241,0.0,0.0,1.0
-0.174177,-0.00953125,0.733667,0.0372407,-0.140833,0.0563333,0.0,0.0,1.0
-0.17825,0.00308333,0.730563,-0.0127037,-0.136815,0.0543333,0.0,0.0,1.0
-0.170068,0.0182135,0.736391,-0.0737963,-0.132685,0.0376296,0.0,0.0,1.0
-0.175094,0.0142083,0.735302,-0.0636019,-0.123657,0.0464907,0.0,0.0,1.0
-0.164823,0.0220625,0.740135,-0.0882315,-0.13025,0.042787,0.0,0.0,1.0
-0.158547,0.0254948,0.755505,-0.0922963,-0.138407,0.0420741,0.0,0.0,1.0
-0.151417,0.0309167,0.756625,-0.101167,-0.146222,0.0380926,0.0,0.0,1.0
-0.147229,0.0345417,0.767583,-0.111889,-0.14363,0.0483333,0.0,0.0,1.0
-0.146333,0.0358646,0.764469,-0.1105,-0.150111,0.0399815,0.0,0.0,1.0
-0.148391,0.030401,0.762724,-0.0956389,-0.149065,0.0399722,0.0,0.0,1.0
-0.139068,0.0392135,0.771297,-0.114944,-0.149963,0.0353889,0.0,0.0,1.0
-0.141229,0.0378125,0.774229,-0.115648,-0.145963,0.040463,0.0,0.0,1.0
-0.131479,0.0449792,0.779562,-0.118611,-0.157611,0.0282593,0.0,0.0,1.0
-0.153224,0.0158281,0.776703,-0.0470185,-0.163037,0.0459074,0.0,0.0,1.0
-0.15575,0.000729167,0.777625,-0.00207407,-0.172944,0.0603889,0.0,0.0,1.0
-0.152354,0.000885417,0.783323,-0.0025,-0.17113,0.0584444,0.0,0.0,1.0
-0.133208,-0.0351875,0.796917,0.0874722,-0.169361,0.0553796,0.0,0.0,1.0
-0.157156,-0.00772917,0.79924,0.0223889,-0.171463,0.0541111,0.0,0.0,1.0
-0.171964,-0.0216615,0.82363,0.0698148,-0.168667,0.0420741,0.0,0.0,1.0
-0.179635,-0.0308125,0.849865,0.103481,-0.169019,0.0219074,0.0,0.0,1.0
-0.1595,-0.0499375,0.85775,0.156778,-0.160593,-0.0111481,0.0,0.0,1.0
-0.147729,-0.0595312,0.858073,0.175833,-0.158074,-0.0263148,0.0,0.0,1.0
-0.165458,-0.0356875,0.862667,0.113981,-0.163704,-0.00153704,0.0,0.0,1.0
-0.161031,-0.0344167,0.864531,0.110389,-0.158667,-0.00905556,0.0,0.0,1.0
-0.178255,-0.0319948,0.879745,0.11463,-0.157222,-0.0185185,0.0,0.0,1.0
-0.15975,-0.0312708,0.867437,0.10137,-0.155778,-0.0147407,0.0,0.0,1.0
-0.200719,-0.0310625,0.916156,0.126731,-0.155639,-0.04425,0.0,0.0,1.0
-0.151953,-0.0323698,0.874495,0.101407,-0.153296,-0.0199259,0.0,0.0,1.0
-0.167161,-0.034099,0.893349,0.116787,-0.154398,-0.02925,0.0,0.0,1.0
-0.156104,-0.0342083,0.888812,0.107667,-0.156741,-0.0215556,0.0,0.0,1.0
-0.151063,-0.0398542,0.893667,0.112954,-0.168454,-0.00147222,0.0,0.0,1.0
-0.13863,-0.0417135,0.898557,0.109167,-0.167444,-9.25926e-05,0.0,0.0,1.0
-0.139646,-0.0347604,0.897906,0.0905556,-0.169426,-0.000203704,0.0,0.0,1.0
-0.144521,-0.0279583,0.90425,0.0741759,-0.172157,-0.000712963,0.0,0.0,1.0
-0.128208,-0.0310312,0.891552,0.0755926,-0.166389,0.000796296,0.0,0.0,1.0
-0.139896,-0.0205625,0.893042,0.0553333,-0.164296,-0.0156296,0.0,0.0,1.0
-0.121417,-0.0269687,0.891552,0.0637037,-0.162444,-0.011,0.0,0.0,1.0
-0.12299,-0.0210729,0.891292,0.0490648,-0.166935,-0.0114907,0.0,0.0,1.0
-0.116583,-0.00767708,0.889781,0.0167037,-0.16937,-0.0226296,0.0,0.0,1.0
-0.127375,-0.0175521,0.90776,0.0432407,-0.163444,-0.0217963,0.0,0.0,1.0
-0.115792,-0.0132813,0.907719,0.0293426,-0.165657,-0.01975,0.0,0.0,1.0
-0.128594,-0.0158021,0.926333,0.0388333,-0.165407,-0.0256852,0.0,0.0,1.0
-0.108036,-0.033526,0.925589,0.0725185,-0.157852,-0.0211111,0.0,0.0,1.0
-0.113563,-0.0350625,0.931896,0.0793889,-0.158556,-0.0256481,0.0,0.0,1.0
-0.116323,-0.0330833,0.939969,0.0761481,-0.159704,-0.0305185,0.0,0.0,1.0
-0.0952813,-0.0188854,0.922437,0.0335093,-0.16975,-0.0289907,0.0,0.0,1.0
-0.0952448,-0.0166615,0.924859,0.0291111,-0.172259,-0.0289259,0.0,0.0,1.0
-0.0988594,-0.013901,0.941068,0.0247963,-0.175167,-0.0356667,0.0,0.0,1.0
-0.0806979,-0.00658333,0.927469,0.00925926,-0.180944,-0.0363519,0.0,0.0,1.0
-0.0821979,-0.00545833,0.930823,0.00765741,-0.185324,-0.0383981,0.0,0.0,1.0
-0.0819792,0.0051875,0.941729,-0.00763889,-0.175787,-0.0573796,0.0,0.0,1.0
-0.0819687,0.000770833,0.94424,-0.00125926,-0.158704,-0.0731852,0.0,0.0,1.0
-0.0749167,2.08333e-05,0.93325,-3.7037e-05,-0.156667,-0.0771111,0.0,0.0,1.0
-0.0700312,0.0094375,0.939573,-0.0132407,-0.157833,-0.0889259,0.0,0.0,1.0
-0.0702396,0.000708333,0.934594,-0.000990741,-0.158139,-0.0845278,0.0,0.0,1.0
-0.0724219,0.0105365,0.937516,-0.0150833,-0.159898,-0.102917,0.0,0.0,1.0
-0.0712083,0.0132917,0.940625,-0.0187593,-0.159352,-0.104889,0.0,0.0,1.0
-0.0678438,0.00508333,0.940823,-0.00666667,-0.163315,-0.0971667,0.0,0.0,1.0
-0.0741667,-0.0339792,0.956104,0.0551944,-0.144287,-0.079787,0.0,0.0,1.0
-0.0619948,0.00119271,0.940943,-0.00139815,-0.167565,-0.0904537,0.0,0.0,1.0
-0.0605625,-0.00296875,0.943469,0.00344444,-0.164926,-0.0855185,0.0,0.0,1.0
-0.0698385,-0.00661979,0.952422,0.00862963,-0.169259,-0.08,0.0,0.0,1.0
-0.0638646,-0.0119063,0.950021,0.0142222,-0.168944,-0.0723889,0.0,0.0,1.0
-0.0706823,-0.057151,0.980703,0.111565,-0.114417,-0.09175,0.0,0.0,1.0
-0.0625,-0.0107396,0.949906,0.0123611,-0.171731,-0.0668241,0.0,0.0,1.0
-0.0638281,-0.0571823,0.97462,0.105556,-0.109296,-0.0788889,0.0,0.0,1.0
-0.0542344,-0.00136979,0.947391,0.00132407,-0.177491,-0.0656759,0.0,0.0,1.0
-0.0563646,-0.00366667,0.949323,0.00383333,-0.169815,-0.0667593,0.0,0.0,1.0
-0.0542448,0.00158854,0.94762,-0.00160185,-0.170231,-0.0708796,0.0,0.0,1.0
-0.0554531,0.00256771,0.948318,-0.00258333,-0.173843,-0.0643241,0.0,0.0,1.0
-0.0558333,-0.00355208,0.95124,0.00347222,-0.18075,-0.0616204,0.0,0.0,1.0
-0.0572396,-0.00791667,0.95301,0.00827778,-0.173,-0.0634259,0.0,0.0,1.0
-0.0554531,-0.00450521,0.95138,0.00428704,-0.184028,-0.04925,0.0,0.0,1.0
-0.0589271,-4.16667e-05,0.953677,5.55556e-05,-0.182722,-0.0578889,0.0,0.0,1.0
-0.0553333,-0.003125,0.951083,0.00303704,-0.179833,-0.0569074,0.0,0.0,1.0
-0.0628229,-0.0115,0.959885,0.0130926,-0.174333,-0.052463,0.0,0.0,1.0
-0.0601042,0.00160417,0.955771,-0.00177778,-0.172981,-0.0550185,0.0,0.0,1.0
-0.0528542,-0.00492708,0.952177,0.0045463,-0.180713,-0.0478981,0.0,0.0,1.0
-0.0515625,-0.000927083,0.951177,0.000833333,-0.181852,-0.0473519,0.0,0.0,1.0
-0.0535938,-0.00371875,0.951625,0.00335185,-0.187426,-0.0512593,0.0,0.0,1.0
-0.0587187,0.000677083,0.942833,-0.000648148,-0.192556,-0.0521667,0.0,0.0,1.0
-0.0959479,0.0439167,0.990354,-0.0821759,-0.16212,-0.042713,0.0,0.0,1.0
-0.065724,0.00221354,0.936734,-0.00248148,-0.1855,-0.0599074,0.0,0.0,1.0
-0.107677,0.038,0.997458,-0.0807222,-0.160278,-0.0465185,0.0,0.0,1.0
-0.0667604,0.0059375,0.939406,-0.0067963,-0.184444,-0.0652778,0.0,0.0,1.0
-0.109135,0.0228438,0.984479,-0.0430741,-0.182889,-0.0544444,0.0,0.0,1.0
-0.0858854,0.0319063,0.957187,-0.0444815,-0.194704,-0.0498519,0.0,0.0,1.0
-0.072375,0.00226042,0.930156,-0.00267593,-0.19375,-0.0583611,0.0,0.0,1.0
-0.0722708,0.0255104,0.952406,-0.0311111,-0.187259,-0.0636667,0.0,0.0,1.0
-0.0698125,0.0129271,0.943802,-0.0155463,-0.183417,-0.0661944,0.0,0.0,1.0
-0.0711927,0.0164323,0.945255,-0.0197778,-0.187019,-0.0634259,0.0,0.0,1.0
-0.0738698,0.0262969,0.946141,-0.0313148,-0.196056,-0.0531481,0.0,0.0,1.0
-0.0768594,0.0144844,0.948661,-0.0184537,-0.190657,-0.0593426,0.0,0.0,1.0
-0.0715313,0.0129896,0.942062,-0.0160185,-0.183444,-0.0490926,0.0,0.0,1.0
-0.0833229,0.00941667,0.95574,-0.0136204,-0.182028,-0.0485833,0.0,0.0,1.0
-0.0826667,0.0106354,0.953115,-0.0152593,-0.182074,-0.0495556,0.0,0.0,1.0
-0.0674323,0.00508854,0.937474,-0.00601852,-0.180259,-0.0522778,0.0,0.0,1.0
-0.0692813,-0.00157292,0.939375,0.00187963,-0.183491,-0.0448426,0.0,0.0,1.0
-0.0665365,0.00117188,0.936911,-0.00133333,-0.185574,-0.045537,0.0,0.0,1.0
-0.0672188,0.0025625,0.935177,-0.00309259,-0.176759,-0.0523704,0.0,0.0,1.0
-0.0733542,0.0180417,0.946938,-0.0223148,-0.187426,-0.0521111,0.0,0.0,1.0
-0.102792,-0.00109375,0.909635,0.00185185,-0.192093,-0.0303889,0.0,0.0,1.0
-0.110396,-0.00467708,0.898177,0.00861111,-0.189333,-0.0348333,0.0,0.0,1.0
-0.105531,0.000125,0.895177,-0.000231481,-0.179713,-0.0384352,0.0,0.0,1.0
-0.171036,-0.000598958,0.959797,0.00175926,-0.17813,-0.0330741,0.0,0.0,1.0
-0.105,0.000229167,0.895729,-0.000407407,-0.19,-0.0310741,0.0,0.0,1.0
-0.108115,0.0001875,0.89976,-0.00037037,-0.173074,-0.0375556,0.0,0.0,1.0
-0.113411,-0.00639063,0.897672,0.0136574,-0.167694,-0.0376019,0.0,0.0,1.0
-0.114312,-0.00194792,0.902219,0.00405556,-0.173463,-0.035963,0.0,0.0,1.0
-0.107276,-0.00158854,0.89563,0.00312963,-0.171889,-0.0299444,0.0,0.0,1.0
-0.105115,-0.000270833,0.896948,0.000527778,-0.17262,-0.0345463,0.0,0.0,1.0
-0.108313,0.000395833,0.898104,-0.000777778,-0.172074,-0.0334444,0.0,0.0,1.0
-0.10488,-0.000265625,0.895839,0.000518519,-0.173759,-0.0317593,0.0,0.0,1.0
-0.104844,-0.000489583,0.895917,0.000944444,-0.171074,-0.0311296,0.0,0.0,1.0
-0.10399,3.125e-05,0.896104,-5.55556e-05,-0.171056,-0.0312963,0.0,0.0,1.0
-0.120271,-0.000177083,0.890177,0.000407407,-0.168056,-0.0354259,0.0,0.0,1.0
-0.12751,-0.0136042,0.886177,0.034537,-0.158759,-0.00985185,0.0,0.0,1.0
-0.126625,-0.0243229,0.896927,0.065037,-0.149648,0.00138889,0.0,0.0,1.0
-0.129927,-0.0147396,0.884,0.0386111,-0.156815,-0.00998148,0.0,0.0,1.0
-0.128224,0.000244792,0.874203,-0.000648148,-0.151407,-0.0369444,0.0,0.0,1.0
-0.181458,-0.0184271,0.934479,0.0728704,-0.144944,-0.0181852,0.0,0.0,1.0
-0.130719,0.0263437,0.893271,-0.0744722,-0.146139,-0.0570833,0.0,0.0,1.0
-0.129766,-5.72917e-05,0.872516,0.000157407,-0.16512,-0.0421944,0.0,0.0,1.0
-0.171276,0.0321823,0.936547,-0.103111,-0.169019,-0.0472778,0.0,0.0,1.0
-0.128203,-0.0168802,0.887214,0.0406204,-0.168361,-0.00989815,0.0,0.0,1.0
-0.131359,-0.0140781,0.888891,0.0376481,-0.155241,-0.0245185,0.0,0.0,1.0
-0.125177,0.000989583,0.876354,-0.00237963,-0.163361,-0.0425093,0.0,0.0,1.0
-0.126589,0.00393229,0.877411,-0.00950926,-0.165398,-0.0504722,0.0,0.0,1.0
-0.127438,0.00353125,0.877802,-0.00822222,-0.172926,-0.0572222,0.0,0.0,1.0
-0.132104,0.0091875,0.879917,-0.0245,-0.156463,-0.060963,0.0,0.0,1.0
-0.128896,0.007125,0.877937,-0.017963,-0.161593,-0.0599259,0.0,0.0,1.0
-0.129719,0.00735417,0.87749,-0.0187778,-0.160481,-0.0601481,0.0,0.0,1.0
-0.129599,0.00743229,0.878276,-0.0190741,-0.159593,-0.0612963,0.0,0.0,1.0
-0.129448,0.00752083,0.877885,-0.0190463,-0.161472,-0.0629167,0.0,0.0,1.0
-0.129719,0.0055,0.878781,-0.0138704,-0.162556,-0.0627593,0.0,0.0,1.0
-0.129891,0.00590104,0.878391,-0.0142407,-0.170056,-0.0562963,0.0,0.0,1.0
-0.136479,0.0125417,0.882458,-0.0349907,-0.15462,-0.0754907,0.0,0.0,1.0
-0.135099,0.0188802,0.881557,-0.0553704,-0.145648,-0.0837963,0.0,0.0,1.0
-0.158125,0.00976042,0.90324,-0.032037,-0.152278,-0.0679074,0.0,0.0,1.0
-0.17588,0.0127656,0.922141,-0.0465926,-0.151778,-0.067,0.0,0.0,1.0
-0.134167,1.11022e-16,0.88675,0.0,-0.166741,-0.0614074,0.0,0.0,1.0
-0.133526,0.00832812,0.880547,-0.0227407,-0.154574,-0.0720556,0.0,0.0,1.0
-0.137714,0.00677604,0.885453,-0.018963,-0.1555,-0.0710185,0.0,0.0,1.0
-0.137328,0.00978646,0.885068,-0.0274907,-0.154509,-0.0740463,0.0,0.0,1.0
-0.130781,0.00815625,0.878771,-0.0217963,-0.154704,-0.0734259,0.0,0.0,1.0
-0.184005,0.0315677,0.938182,-0.132491,-0.138546,-0.0706574,0.0,0.0,1.0
-0.12576,0.00463542,0.881958,-0.0118333,-0.155667,-0.0722407,0.0,0.0,1.0
-0.12662,0.0110156,0.885255,-0.0281759,-0.156491,-0.0788796,0.0,0.0,1.0
-0.132302,0.0114688,0.897625,-0.0301667,-0.158944,-0.079037,0.0,0.0,1.0
-0.177729,0.022,0.940292,-0.0809815,-0.152722,-0.0646667,0.0,0.0,1.0
-0.138802,0.0256458,0.885677,-0.0770926,-0.145926,-0.0966481,0.0,0.0,1.0
-0.136943,0.0200052,0.880453,-0.0571759,-0.151435,-0.101917,0.0,0.0,1.0
-0.13913,0.0200469,0.885505,-0.0593519,-0.148519,-0.103093,0.0,0.0,1.0
-0.175812,0.0226563,0.912385,-0.0887037,-0.142056,-0.0910926,0.0,0.0,1.0
-0.16362,0.023974,0.90763,-0.0803704,-0.154389,-0.0866852,0.0,0.0,1.0
-0.147464,0.0238177,0.87438,-0.0747222,-0.148556,-0.105833,0.0,0.0,1.0
-0.141948,0.0233333,0.879948,-0.0693704,-0.150889,-0.101074,0.0,0.0,1.0
-0.13976,0.0226667,0.881094,-0.0648889,-0.154296,-0.0988889,0.0,0.0,1.0
-0.139594,0.0228854,0.879812,-0.0686296,-0.147093,-0.105241,0.0,0.0,1.0
-0.165375,0.0213854,0.906979,-0.0714444,-0.156389,-0.0873148,0.0,0.0,1.0
-0.141339,0.0214115,0.87938,-0.0629815,-0.15187,-0.103,0.0,0.0,1.0
-0.155927,0.0255833,0.888385,-0.0873704,-0.144296,-0.102037,0.0,0.0,1.0
-0.137729,0.0201979,0.878469,-0.0584907,-0.150306,-0.108083,0.0,0.0,1.0
-0.139271,0.0205417,0.876854,-0.0615185,-0.146963,-0.110593,0.0,0.0,1.0
-0.13824,0.0188021,0.880188,-0.0537222,-0.152926,-0.1075,0.0,0.0,1.0
-0.140677,0.0230729,0.881625,-0.0676944,-0.151546,-0.104028,0.0,0.0,1.0
-0.13888,0.0189948,0.879807,-0.0525556,-0.15863,-0.0961481,0.0,0.0,1.0
-0.141656,0.0113229,0.885521,-0.0321296,-0.157778,-0.0870185,0.0,0.0,1.0
-0.129667,0.00179167,0.872542,-0.00444444,-0.165907,-0.0650556,0.0,0.0,1.0
-0.128411,-0.000380208,0.873849,0.00087037,-0.175981,-0.0509259,0.0,0.0,1.0
-0.163448,0.000114583,0.900042,-0.000324074,-0.174231,-0.0483611,0.0,0.0,1.0
-0.137536,0.000744792,0.866266,-0.00208333,-0.156269,-0.0501759,0.0,0.0,1.0
-0.139214,-0.0125573,0.87263,0.0351759,-0.157102,-0.0358981,0.0,0.0,1.0
-0.141198,0.0199271,0.880125,-0.0577407,-0.154037,-0.0835556,0.0,0.0,1.0
-0.138979,-0.00567708,0.867635,0.0153704,-0.162222,-0.0454815,0.0,0.0,1.0
-0.13625,-0.00034375,0.865385,0.000925926,-0.163278,-0.0546111,0.0,0.0,1.0
-0.139646,0.0220417,0.881792,-0.0604907,-0.160806,-0.0858426,0.0,0.0,1.0
-0.135651,-5.20833e-06,0.865172,1.85185e-05,-0.169537,-0.048963,0.0,0.0,1.0
-0.137458,0.000625,0.865229,-0.00157407,-0.170481,-0.0456111,0.0,0.0,1.0
-0.136073,0.000385417,0.865646,-0.000972222,-0.169417,-0.0476574,0.0,0.0,1.0
-0.147646,0.0185938,0.882719,-0.0534074,-0.162519,-0.0733333,0.0,0.0,1.0
-0.188057,0.0169219,0.892703,-0.0629815,-0.159463,-0.0673704,0.0,0.0,1.0
-0.160417,1.11022e-16,0.839583,0.0,-0.168519,-0.0425926,0.0,0.0,1.0
-0.166115,-0.000291667,0.835073,0.000916667,-0.167009,-0.039713,0.0,0.0,1.0
-0.175682,0.00102604,0.834411,-0.00340741,-0.167537,-0.0430926,0.0,0.0,1.0
-0.176323,-0.000291667,0.828865,0.000962963,-0.168796,-0.0342778,0.0,0.0,1.0
-0.174781,-0.000229167,0.830927,0.000722222,-0.170741,-0.0287963,0.0,0.0,1.0
-0.177281,-0.000552083,0.833125,0.00181481,-0.170981,-0.0278704,0.0,0.0,1.0
-0.178104,-0.000114583,0.83251,0.000398148,-0.169454,-0.0266944,0.0,0.0,1.0
-0.178609,0.000703125,0.832516,-0.00233333,-0.169333,-0.0254815,0.0,0.0,1.0
-0.191219,0.00476042,0.841521,-0.0173426,-0.165991,-0.03275,0.0,0.0,1.0
-0.201984,0.000505208,0.810776,-0.002,-0.161593,-0.0212593,0.0,0.0,1.0
-0.223198,0.00185417,0.816031,-0.00827778,-0.158315,-0.0215556,0.0,0.0,1.0
-0.212026,0.000151042,0.795318,-0.00062963,-0.16063,-0.020037,0.0,0.0,1.0
-0.219266,-6.77083e-05,0.783755,0.000296296,-0.160444,-0.0171852,0.0,0.0,1.0
-0.227417,1.11022e-16,0.783896,0.0,-0.158981,-0.0182407,0.0,0.0,1.0
-0.223333,-0.000270833,0.779042,0.00121296,-0.159509,-0.0178611,0.0,0.0,1.0
-0.224271,0.000416667,0.78075,-0.00185185,-0.15813,-0.0212407,0.0,0.0,1.0
-0.224177,-0.0005625,0.777969,0.00250926,-0.157694,-0.0156204,0.0,0.0,1.0
-0.226083,0.0005,0.781313,-0.00228704,-0.156046,-0.0194167,0.0,0.0,1.0
-0.225,2.22045e-16,0.775,0.0,-0.155556,-0.0222222,0.0,0.0,1.0
-0.22363,0.000588542,0.777943,-0.00287963,-0.143787,-0.0173796,0.0,0.0,1.0
-0.231229,0.000416667,0.776542,-0.00209259,-0.14487,-0.0154444,0.0,0.0,1.0
-0.23375,0.00446875,0.775615,-0.022,-0.149981,-0.0219074,0.0,0.0,1.0
-0.243229,0.00120833,0.782167,-0.00624074,-0.149111,-0.0128704,0.0,0.0,1.0
-0.235062,0.00603125,0.76699,-0.0302778,-0.147926,-0.0246481,0.0,0.0,1.0
-0.233135,0.00420833,0.772948,-0.0206667,-0.150204,-0.0185,0.0,0.0,1.0
-0.2345,0.00275,0.772354,-0.0135278,-0.150806,-0.0168056,0.0,0.0,1.0
-0.239203,0.000932292,0.776307,-0.00474074,-0.148519,-0.015963,0.0,0.0,1.0
-0.229687,0.00455208,0.772135,-0.0219815,-0.150278,-0.020037,0.0,0.0,1.0
-0.244917,0.00028125,0.77899,-0.00147222,-0.148343,-0.0151204,0.0,0.0,1.0
-0.237813,0.000333333,0.7775,-0.00177778,-0.141926,-0.0197407,0.0,0.0,1.0
-0.229161,0.00126563,0.774911,-0.00611111,-0.150352,-0.017463,0.0,0.0,1.0
-0.243182,0.000494792,0.781505,-0.00261111,-0.14687,-0.0209259,0.0,0.0,1.0
-0.234432,-1.5625e-05,0.778036,8.33333e-05,-0.146898,-0.0172315,0.0,0.0,1.0
-0.238396,0.000177083,0.778698,-0.000907407,-0.14463,-0.0187222,0.0,0.0,1.0
-0.228938,0.00328125,0.771677,-0.0157963,-0.150278,-0.0077037,0.0,0.0,1.0
-0.226719,0.00627083,0.773177,-0.0307778,-0.146056,-0.0126111,0.0,0.0,1.0
-0.236062,0.00598958,0.777552,-0.0311667,-0.143463,-0.00722222,0.0,0.0,1.0
-0.224708,0.00905208,0.773573,-0.0458519,-0.140148,-0.00392593,0.0,0.0,1.0
-0.219724,0.0120781,0.775589,-0.061963,-0.135407,0.00577778,0.0,0.0,1.0
-0.223495,0.0110156,0.773203,-0.0595926,-0.130574,0.0138704,0.0,0.0,1.0
-0.222073,0.0118854,0.773875,-0.0651019,-0.128157,0.0164167,0.0,0.0,1.0
-0.221807,0.00972396,0.776255,-0.0528704,-0.12887,0.0179259,0.0,0.0,1.0
-0.22076,0.0105833,0.774656,-0.0546481,-0.135111,0.0260185,0.0,0.0,1.0
-0.221427,0.00816667,0.773698,-0.0411852,-0.138722,0.0309444,0.0,0.0,1.0
-0.226141,0.00894271,0.770443,-0.0469907,-0.136009,0.0281759,0.0,0.0,1.0
-0.207875,0.007875,0.787833,-0.038037,-0.136074,0.0326667,0.0,0.0,1.0
-0.200385,0.00665625,0.737604,-0.0318611,-0.132287,0.0209907,0.0,0.0,1.0
-0.20401,0.005375,0.742635,-0.0273981,-0.126472,0.0157685,0.0,0.0,1.0
-0.202177,0.00505208,0.732146,-0.0255,-0.126667,0.0152037,0.0,0.0,1.0
-0.186432,0.00597396,0.713255,-0.0285185,-0.123444,0.0159259,0.0,0.0,1.0
-0.185052,0.0132083,0.70549,-0.0668056,-0.115639,0.0167685,0.0,0.0,1.0
-0.190125,0.01125,0.699188,-0.0613981,-0.110102,0.00910185,0.0,0.0,1.0
-0.189833,0.00521875,0.700781,-0.0291296,-0.10763,0.00161111,0.0,0.0,1.0
-0.180766,0.00265104,0.693005,-0.0137037,-0.1105,0.000833333,0.0,0.0,1.0
-0.171281,0.0025,0.673781,-0.0124907,-0.108343,-0.00202778,0.0,0.0,1.0
-0.166427,0.0045,0.663427,-0.0233333,-0.101333,-0.00459259,0.0,0.0,1.0
-0.163573,0.00529167,0.663927,-0.0278519,-0.0983889,-0.00801852,0.0,0.0,1.0
-0.156625,0.00447917,0.652417,-0.0230833,-0.0961389,-0.00939815,0.0,0.0,1.0
-0.140479,0.00769792,0.641344,-0.0337222,-0.101426,-0.00492593,0.0,0.0,1.0
-0.161365,5.55112e-17,0.563594,0.0,-0.158093,0.036463,0.0,0.0,1.0
-0.156115,1.11022e-16,0.566885,0.0,-0.160259,0.0297407,0.0,0.0,1.0
-0.150854,1.11022e-16,0.53775,0.0,-0.162463,0.0285741,0.0,0.0,1.0
-0.145594,1.11022e-16,0.505052,0.0,-0.164648,0.0414259,0.0,0.0,1.0
-0.168594,0.0,0.426281,0.0,-0.183833,0.0282407,0.0,0.0,1.0
-0.191583,8.32667e-17,0.347521,0.0,-0.203037,0.015037,0.0,0.0,1.0
-0.214583,5.55112e-17,0.26875,0.0,-0.222222,0.00185185,0.0,0.0,1.0
-0.2,5.55112e-17,0.208333,0.0,-0.211111,-0.0314815,0.0,0.0,1.0
-0.208333,6.93889e-17,0.146875,0.0,-0.222222,-0.0240741,0.0,0.0,1.0
-0.217708,5.55112e-17,0.122917,0.0,-0.212037,-0.0472222,0.0,0.0,1.0
-0.21526,1.38778e-17,0.116615,0.0,-0.209593,-0.0514444,0.0,0.0,1.0
-0.212812,1.38778e-17,0.110312,0.0,-0.20713,-0.0556481,0.0,0.0,1.0
-0.166438,0.0176458,0.049375,-0.0611574,-0.151731,-0.0690833,0.0,0.0,1.0
-0.167328,0.0173698,0.051651,-0.0602222,-0.152537,-0.0679444,0.0,0.0,1.0
-0.162865,0.0194688,0.0454583,-0.0644167,-0.155602,-0.0712685,0.0,0.0,1.0
-0.160578,0.013474,0.045724,-0.0422593,-0.161796,-0.0698704,0.0,0.0,1.0
-0.157151,0.0114323,0.0444427,-0.0345278,-0.164398,-0.0716574,0.0,0.0,1.0
-0.159922,0.0130573,0.0455365,-0.0408611,-0.161546,-0.0745093,0.0,0.0,1.0
-0.157708,0.0114688,0.0452604,-0.0353241,-0.16188,-0.0719722,0.0,0.0,1.0
-0.160365,0.0128646,0.0485208,-0.0404167,-0.161306,-0.0695833,0.0,0.0,1.0
-0.161635,0.0120729,0.0501667,-0.0386667,-0.1595,-0.0682778,0.0,0.0,1.0
-0.164005,0.013401,0.0514844,-0.0438889,-0.158315,-0.0666852,0.0,0.0,1.0
-0.164307,0.015849,0.0492344,-0.0516019,-0.159472,-0.0674722,0.0,0.0,1.0
-0.16287,0.0127344,0.0473802,-0.041,-0.159889,-0.0652222,0.0,0.0,1.0
-0.16624,0.0112917,0.0414896,-0.0368981,-0.160806,-0.0635833,0.0,0.0,1.0
-0.169609,0.00671354,0.038776,-0.0225185,-0.159778,-0.0617407,0.0,0.0,1.0
-0.175443,0.000161458,0.0272552,-0.000574074,-0.155648,-0.0631111,0.0,0.0,1.0
-0.173375,-0.000479167,0.0233125,0.00165741,-0.15838,-0.0576019,0.0,0.0,1.0
-0.170771,-0.000645833,0.02025,0.00218519,-0.159759,-0.0587222,0.0,0.0,1.0
-0.172302,-0.00904167,0.0210312,0.0312685,-0.157454,-0.0564907,0.0,0.0,1.0
-0.166474,-0.00158854,0.0183385,0.00526852,-0.15875,-0.0596019,0.0,0.0,1.0
-0.163188,-0.0135417,0.0116875,0.0449444,-0.155444,-0.0618704,0.0,0.0,1.0
-0.165229,-0.0112396,0.0114271,0.0365556,-0.160537,-0.0636481,0.0,0.0,1.0
-0.161323,-0.00604167,0.00640625,0.0193148,-0.159574,-0.0676667,0.0,0.0,1.0
-0.167021,-0.00185417,0.000145833,0.00610185,-0.160269,-0.0699167,0.0,0.0,1.0
-0.170719,-0.00290625,-0.00166667,0.00981481,-0.159704,-0.0701111,0.0,0.0,1.0
-0.171448,-0.00239583,-0.0102396,0.00816667,-0.158907,-0.0751482,0.0,0.0,1.0
-0.165161,-0.00280729,-0.0118802,0.00903704,-0.162056,-0.0769815,0.0,0.0,1.0
-0.165635,-0.00490625,-0.0144375,0.0164537,-0.156176,-0.07825,0.0,0.0,1.0
-0.166036,-0.012849,-0.0163802,0.0438426,-0.153769,-0.0814167,0.0,0.0,1.0
-0.161099,-0.00252604,-0.0159323,0.0080463,-0.159731,-0.0783426,0.0,0.0,1.0
-0.151719,-0.00854167,-0.0238854,0.0258611,-0.158361,-0.0810648,0.0,0.0,1.0
-0.149354,-0.0109688,-0.0210312,0.0326204,-0.158694,-0.0804537,0.0,0.0,1.0
-0.14638,-0.0208594,-0.020599,0.0608796,-0.158491,-0.0793241,0.0,0.0,1.0
-0.141021,-0.0270833,-0.0226875,0.0759259,-0.158981,-0.0803519,0.0,0.0,1.0
-0.136146,-0.0351458,-0.0234167,0.0939815,-0.160926,-0.0758333,0.0,0.0,1.0
-0.129849,-0.0392344,-0.0256094,0.104583,-0.153935,-0.0771018,0.0,0.0,1.0
-0.127854,-0.0381042,-0.027125,0.0978426,-0.157361,-0.0766759,0.0,0.0,1.0
-0.125641,-0.0372031,-0.027901,0.0938426,-0.157417,-0.0751204,0.0,0.0,1.0
-0.122458,-0.0507396,-0.0333646,0.12863,-0.152685,-0.0672407,0.0,0.0,1.0
-0.122813,-0.0408229,-0.0314271,0.100546,-0.157583,-0.0666944,0.0,0.0,1.0
-0.118115,-0.0413646,-0.0328958,0.101037,-0.152833,-0.058537,0.0,0.0,1.0
-0.113458,-0.0543229,-0.0340104,0.131213,-0.148454,-0.053213,0.0,0.0,1.0
-0.106526,-0.0593073,-0.034151,0.139815,-0.142815,-0.0527407,0.0,0.0,1.0
-0.10224,-0.0623125,-0.0372187,0.141889,-0.141907,-0.0470185,0.0,0.0,1.0
-0.0985833,-0.0660833,-0.0421458,0.155046,-0.132806,-0.0456574,0.0,0.0,1.0
-0.0976198,-0.066151,-0.0458073,0.152241,-0.134074,-0.0280926,0.0,0.0,1.0
-0.0957135,-0.0678177,-0.0494219,0.154833,-0.1325,-0.0206296,0.0,0.0,1.0
-0.0909062,-0.0720937,-0.0544375,0.17013,-0.121759,-0.00748148,0.0,0.0,1.0
-0.0900208,-0.0717188,-0.0564896,0.161963,-0.126,-0.00392593,0.0,0.0,1.0
-0.090401,-0.0702031,-0.0611823,0.163926,-0.12237,-0.00122222,0.0,0.0,1.0
-0.0960052,-0.0669323,-0.067224,0.158639,-0.128028,-0.00497222,0.0,0.0,1.0
-0.0806458,-0.0779792,-0.0689583,0.176333,-0.112722,-0.0116852,0.0,0.0,1.0
-0.121281,-0.0190625,-0.0743854,0.0449722,-0.162472,-0.00789815,0.0,0.0,1.0
-0.119219,-0.0330313,-0.0715417,0.0798704,-0.155852,-0.00953704,0.0,0.0,1.0
-0.12012,-0.0269948,-0.0723177,0.063713,-0.160843,-0.00719444,0.0,0.0,1.0
-0.118547,-0.0281406,-0.0761823,0.0669815,-0.157407,-0.00257407,0.0,0.0,1.0
-0.11675,-0.0354375,-0.0754167,0.0863611,-0.15138,-0.00132407,0.0,0.0,1.0
-0.116682,-0.0303281,-0.0776719,0.071713,-0.155972,0.00113889,0.0,0.0,1.0
-0.11599,-0.0332708,-0.0772187,0.0792037,-0.153963,0.000722222,0.0,0.0,1.0
-0.112719,-0.0388125,-0.0776979,0.091787,-0.150639,-0.00143519,0.0,0.0,1.0
-0.121083,-0.0102917,-0.0852083,0.0243241,-0.16188,0.000601852,0.0,0.0,1.0
-0.119693,-0.021026,-0.0865469,0.0503148,-0.158093,-0.00196296,0.0,0.0,1.0
-0.119396,-0.0217292,-0.0857708,0.0522593,-0.156907,-0.00212963,0.0,0.0,1.0
-0.117005,-0.0254219,-0.0881406,0.0600185,-0.156574,-0.00344444,0.0,0.0,1.0
-0.116359,-0.0289427,-0.0906198,0.068463,-0.155481,-0.00405556,0.0,0.0,1.0
-0.11401,-0.0464479,-0.08825,0.114704,-0.145926,-0.00403704,0.0,0.0,1.0
-0.113,-0.0484063,-0.0900729,0.119685,-0.144444,-0.00142593,0.0,0.0,1.0
-0.111724,-0.049401,-0.0915469,0.119639,-0.145806,0.000435185,0.0,0.0,1.0
-0.109661,-0.0553073,-0.0946302,0.133417,-0.143676,0.00636111,0.0,0.0,1.0
-0.108484,-0.0549115,-0.0930052,0.129926,-0.144907,0.00464815,0.0,0.0,1.0
-0.112849,-0.0579323,-0.0972656,0.145222,-0.142278,0.00798148,0.0,0.0,1.0
-0.119927,-0.0518438,-0.0984167,0.133778,-0.146889,0.0052963,0.0,0.0,1.0
-0.117484,-0.0501615,-0.0964531,0.12737,-0.146259,0.00388889,0.0,0.0,1.0
-0.119552,-0.0444167,-0.0946771,0.11213,-0.149667,-0.000240741,0.0,0.0,1.0
-0.126333,-0.0373021,-0.0927604,0.095787,-0.155472,-0.00439815,0.0,0.0,1.0
-0.143255,-0.0334531,-0.101828,0.0986111,-0.153611,0.00433333,0.0,0.0,1.0
-0.154495,-0.0139323,-0.106828,0.0421296,-0.1615,-0.00125926,0.0,0.0,1.0
-0.155078,-0.00850521,-0.106078,0.0256019,-0.162806,-0.00358333,0.0,0.0,1.0
-0.154474,-0.00742187,-0.106109,0.0220556,-0.164241,-0.00866667,0.0,0.0,1.0
-0.154135,-0.00716667,-0.10649,0.0207963,-0.167833,-0.0111481,0.0,0.0,1.0
-0.152552,-0.00539583,-0.108406,0.0157593,-0.165241,-0.00833333,0.0,0.0,1.0
-0.145219,0.00046875,-0.113042,-0.00123148,-0.173509,-0.00987963,0.0,0.0,1.0
-0.151688,-0.0163125,-0.108083,0.0485,-0.161278,-0.010037,0.0,0.0,1.0
-0.152568,-0.0227344,-0.10662,0.0692037,-0.158407,-0.0117963,0.0,0.0,1.0
-0.156083,-0.0116146,-0.114698,0.0348704,-0.164333,-0.0131667,0.0,0.0,1.0
-0.166531,-0.00272917,-0.12974,0.0087963,-0.163685,-0.0134815,0.0,0.0,1.0
-0.168667,-0.000625,-0.145146,0.00209259,-0.160537,-0.0191481,0.0,0.0,1.0
-0.182052,-0.000145833,-0.136135,0.000527778,-0.159806,-0.01525,0.0,0.0,1.0
-0.17901,0.00117708,-0.138,-0.004,-0.166074,-0.018,0.0,0.0,1.0
-0.180865,-0.0220417,-0.138656,0.0799537,-0.157546,-0.00634259,0.0,0.0,1.0
-0.183979,-0.0244479,-0.138135,0.090537,-0.156981,-0.0102963,0.0,0.0,1.0
-0.184615,-0.0220417,-0.141844,0.0816667,-0.157463,-0.0169815,0.0,0.0,1.0
-0.195,-0.0207187,-0.145448,0.0811389,-0.157361,-0.0188056,0.0,0.0,1.0
-0.185875,-0.0246667,-0.141729,0.092037,-0.157444,-0.0211481,0.0,0.0,1.0
-0.184328,-0.0239427,-0.142974,0.0877593,-0.158963,-0.0239444,0.0,0.0,1.0
-0.185813,-0.0276562,-0.143115,0.102583,-0.158306,-0.0300463,0.0,0.0,1.0
-0.186094,-0.0288958,-0.144177,0.108815,-0.156167,-0.0313148,0.0,0.0,1.0
-0.186151,-0.024401,-0.144432,0.0938611,-0.152935,-0.02875,0.0,0.0,1.0
-0.189401,-0.0220156,-0.146786,0.0848611,-0.155287,-0.0319907,0.0,0.0,1.0
-0.192437,-0.021125,-0.145917,0.0836481,-0.153611,-0.0318889,0.0,0.0,1.0
-0.182464,-0.028026,-0.149714,0.10562,-0.153028,-0.0393426,0.0,0.0,1.0
-0.179781,-0.0322917,-0.149865,0.121417,-0.151102,-0.04675,0.0,0.0,1.0
-0.178312,-0.0290417,-0.148062,0.106537,-0.153611,-0.0507407,0.0,0.0,1.0
-0.18213,-0.0165052,-0.148661,0.0607037,-0.1565,-0.0483148,0.0,0.0,1.0
-0.180839,-0.000963542,-0.144401,0.00322222,-0.170778,-0.0417778,0.0,0.0,1.0
-0.17225,-0.00578125,-0.150594,0.0197315,-0.159694,-0.0464167,0.0,0.0,1.0
-0.174302,-0.00609375,-0.151167,0.02075,-0.161713,-0.0476944,0.0,0.0,1.0
-0.171464,-0.00382813,-0.154339,0.0122963,-0.168574,-0.0471667,0.0,0.0,1.0
-0.178083,-0.0068125,-0.149729,0.0231389,-0.165713,-0.0513241,0.0,0.0,1.0
-0.182896,-0.00394792,-0.150844,0.0134352,-0.169731,-0.0386019,0.0,0.0,1.0
-0.188323,-0.00952083,-0.141927,0.0351574,-0.16112,-0.0450833,0.0,0.0,1.0
-0.189661,-0.00540104,-0.14262,0.0198704,-0.162926,-0.0394259,0.0,0.0,1.0
-0.191781,0.000125,-0.144552,-0.000435185,-0.167731,-0.0280093,0.0,0.0,1.0
-0.188245,-0.0144948,-0.147526,0.054537,-0.158111,-0.0379444,0.0,0.0,1.0
-0.17774,-0.00417708,-0.161729,0.0147222,-0.159333,-0.0237222,0.0,0.0,1.0
-0.182516,-0.00216146,-0.164797,0.0077963,-0.159815,-0.0130556,0.0,0.0,1.0
-0.185703,-0.00105729,-0.172422,0.00384259,-0.161324,-0.0101759,0.0,0.0,1.0
-0.182651,-0.000328125,-0.17612,0.00112963,-0.165574,-0.00992593,0.0,0.0,1.0
-0.184682,-0.00758854,-0.182714,0.0281111,-0.157519,-0.010963,0.0,0.0,1.0
-0.169385,-0.0113438,-0.182646,0.0402778,-0.150796,-0.0292963,0.0,0.0,1.0
-0.245229,0.00265625,-0.28749,-0.0138426,-0.148898,-0.0221944,0.0,0.0,1.0
-0.256656,-0.00040625,-0.303583,0.00237037,-0.139074,-0.0308889,0.0,0.0,1.0
-0.260182,-0.000682292,-0.317224,0.00398148,-0.141296,-0.0252037,0.0,0.0,1.0
-0.277245,-0.000380208,-0.334839,0.00243519,-0.13788,-0.0288241,0.0,0.0,1.0
-0.275672,-0.00139063,-0.345797,0.00855556,-0.141796,-0.0272778,0.0,0.0,1.0
-0.286771,-0.00255208,-0.364073,0.0167037,-0.138222,-0.026,0.0,0.0,1.0
-0.288943,-0.000776042,-0.375016,0.00490741,-0.145074,-0.0279074,0.0,0.0,1.0
-0.280792,-0.00219792,-0.371281,0.0132963,-0.146815,-0.0252222,0.0,0.0,1.0
-0.269156,-0.000375,-0.368844,0.00211111,-0.151185,-0.0241111,0.0,0.0,1.0
-0.271703,0.000671875,-0.371964,-0.0037963,-0.15163,-0.0261296,0.0,0.0,1.0
-0.267292,-0.00663542,-0.37349,0.0390741,-0.143574,-0.0199815,0.0,0.0,1.0
-0.26537,-0.00588021,-0.377016,0.0336481,-0.146519,-0.0227593,0.0,0.0,1.0
-0.265188,-0.008625,-0.3735,0.0518889,-0.139259,-0.026963,0.0,0.0,1.0
-0.264375,-0.0105104,-0.373031,0.0628519,-0.139778,-0.0248889,0.0,0.0,1.0
-0.262073,-0.00263542,-0.378896,0.0142407,-0.152981,-0.0235556,0.0,0.0,1.0
-0.269047,-0.00717187,-0.385891,0.0432685,-0.140991,-0.0181944,0.0,0.0,1.0
-0.270177,-0.0096875,-0.386906,0.059287,-0.139546,-0.0193426,0.0,0.0,1.0
-0.257969,-0.00690625,-0.380208,0.039037,-0.144222,-0.0182593,0.0,0.0,1.0
-0.262188,-0.00604167,-0.385542,0.0346852,-0.144407,-0.0188704,0.0,0.0,1.0
-0.261849,-0.00797396,-0.39288,0.0452593,-0.145852,-0.0133333,0.0,0.0,1.0
-0.26275,-0.00560417,-0.405896,0.0316204,-0.147213,-0.00208333,0.0,0.0,1.0
-0.248063,-0.00597917,-0.4275,0.0318889,-0.147037,0.00218519,0.0,0.0,1.0
-0.258812,-0.000697917,-0.425073,0.00405556,-0.1405,-0.00411111,0.0,0.0,1.0
-0.260083,-0.00547917,-0.438229,0.032537,-0.138556,-0.00298148,0.0,0.0,1.0
-0.25763,-0.00824479,-0.44313,0.0488333,-0.137537,-0.00107407,0.0,0.0,1.0
-0.235474,-0.011901,-0.460026,0.0617222,-0.143519,0.00901852,0.0,0.0,1.0
-0.234604,-0.0166354,-0.459427,0.0876759,-0.140676,0.00441667,0.0,0.0,1.0
-0.229682,-0.0239115,-0.465443,0.120194,-0.144417,0.00937963,0.0,0.0,1.0
-0.225917,-0.000489583,-0.472344,0.00216667,-0.161537,0.0238519,0.0,0.0,1.0
-0.223104,-0.0248229,-0.472865,0.124454,-0.140639,0.00723148,0.0,0.0,1.0
-0.238422,-0.0133177,-0.496005,0.0670833,-0.149602,0.0231204,0.0,0.0,1.0
-0.23824,-0.0264271,-0.503646,0.142074,-0.140056,0.0230556,0.0,0.0,1.0
-0.254583,-0.02425,-0.509792,0.139556,-0.139796,0.0204259,0.0,0.0,1.0
-0.265935,-0.0127062,-0.524331,0.0745833,-0.143176,0.0285278,0.0,0.0,1.0
-0.253814,-0.0191781,-0.52022,0.107852,-0.142667,0.0230741,0.0,0.0,1.0
-0.254679,-0.0219292,-0.526919,0.123093,-0.143389,0.0262963,0.0,0.0,1.0
-0.26308,-0.0132573,-0.534549,0.0726759,-0.151694,0.0312315,0.0,0.0,1.0
-0.256802,-0.00141667,-0.529948,0.00732407,-0.157139,0.0193796,0.0,0.0,1.0
-0.260089,-0.000432292,-0.528609,0.00223148,-0.160231,0.021787,0.0,0.0,1.0
-0.260739,-0.00279062,-0.53278,0.0144074,-0.159796,0.0249815,0.0,0.0,1.0
-0.258931,-0.0040849,-0.540389,0.0211481,-0.158148,0.0264444,0.0,0.0,1.0
-0.255968,-0.0146245,-0.550177,0.0751389,-0.157509,0.0258981,0.0,0.0,1.0
-0.266877,-0.00311302,-0.560533,0.0157315,-0.166917,0.0291944,0.0,0.0,1.0
-0.267977,-0.00977552,-0.570206,0.0526296,-0.157426,0.033537,0.0,0.0,1.0
-0.266777,-0.0004375,-0.582652,0.00233333,-0.158241,0.0206111,0.0,0.0,1.0
-0.273974,-0.000667708,-0.589786,0.00364815,-0.158463,0.0205185,0.0,0.0,1.0
-0.283632,-0.0068151,-0.590423,0.0389722,-0.156824,0.0256019,0.0,0.0,1.0
-0.278822,-0.00601875,-0.591364,0.0327037,-0.16213,0.0248333,0.0,0.0,1.0
-0.279252,-0.0129359,-0.58896,0.0724444,-0.157574,0.0284259,0.0,0.0,1.0
-0.278681,-0.0171771,-0.587963,0.097,-0.155944,0.0293889,0.0,0.0,1.0
-0.276691,-0.00968854,-0.588357,0.0547778,-0.154704,0.0189259,0.0,0.0,1.0
-0.272704,-0.0129182,-0.588808,0.0721482,-0.154296,0.0186296,0.0,0.0,1.0
-0.281426,-0.00848177,-0.590926,0.0499352,-0.151102,0.0113241,0.0,0.0,1.0
-0.279175,-0.00883125,-0.591946,0.0506667,-0.153796,0.0109074,0.0,0.0,1.0
-0.274868,-0.00254167,-0.601159,0.0136389,-0.16188,0.00443519,0.0,0.0,1.0
-0.282085,-0.0107115,-0.60044,0.0635926,-0.150204,0.00842593,0.0,0.0,1.0
-0.284704,-0.00752656,-0.599277,0.0453241,-0.149343,0.00119444,0.0,0.0,1.0
-0.285226,-0.00526146,-0.598591,0.0303704,-0.156204,5.55556e-05,0.0,0.0,1.0
-0.301491,-0.000561979,-0.584449,0.00317593,-0.168731,-0.00137963,0.0,0.0,1.0
-0.287029,-0.00649792,-0.5983,0.0388056,-0.151843,-0.000490741,0.0,0.0,1.0
-0.288408,-0.00676198,-0.594564,0.0406111,-0.151833,-0.00166667,0.0,0.0,1.0
-0.27885,-0.000489583,-0.598985,0.0027037,-0.159778,0.000703704,0.0,0.0,1.0
-0.284387,-0.000355208,-0.595721,0.00202778,-0.158176,-0.00169444,0.0,0.0,1.0
-0.280209,0.000288021,-0.594605,-0.00161111,-0.157296,9.25926e-05,0.0,0.0,1.0
-0.283319,-0.000229688,-0.598715,0.00134259,-0.153417,0.00460185,0.0,0.0,1.0
-0.285191,-0.00189219,-0.598691,0.0112778,-0.151111,0.00538889,0.0,0.0,1.0
-0.288443,0.000795833,-0.596547,-0.00476852,-0.153213,0.00952778,0.0,0.0,1.0
-0.292443,-0.00204583,-0.608172,0.0126667,-0.14963,0.00862963,0.0,0.0,1.0
-0.288512,-0.000334375,-0.611763,0.00201852,-0.152426,0.0149259,0.0,0.0,1.0
-0.24461,0.00518646,-0.663027,-0.0255463,-0.156898,0.00100926,0.0,0.0,1.0
-0.254613,0.00751094,-0.67454,-0.0383704,-0.157574,-0.000981482,0.0,0.0,1.0
-0.252971,-0.000669792,-0.674992,0.00348148,-0.154426,0.0182778,0.0,0.0,1.0
-0.259215,0.000777083,-0.677142,-0.00405556,-0.156444,0.0209074,0.0,0.0,1.0
-0.243708,-0.000157812,-0.676343,0.000796296,-0.154704,0.0252407,0.0,0.0,1.0
-0.242406,0.00721198,-0.685302,-0.0347778,-0.158926,0.0132963,0.0,0.0,1.0
-0.240564,0.00455677,-0.687491,-0.0222593,-0.15587,0.0200556,0.0,0.0,1.0
-0.234098,-0.00481094,-0.678453,0.0221852,-0.160389,0.0364259,0.0,0.0,1.0
-0.232526,5.10417e-05,-0.679245,-0.000240741,-0.156852,0.0320556,0.0,0.0,1.0
-0.225429,-0.000801042,-0.670731,0.00359259,-0.158944,0.0335,0.0,0.0,1.0
-0.212108,-0.000659375,-0.659556,0.00275926,-0.160278,0.034,0.0,0.0,1.0
-0.220574,-0.00552031,-0.645158,0.0241296,-0.1595,0.0331111,0.0,0.0,1.0
-0.205318,-0.0132198,-0.645849,0.054287,-0.158028,0.0316389,0.0,0.0,1.0
-0.202765,-0.0149979,-0.645681,0.0607037,-0.158333,0.0311111,0.0,0.0,1.0
-0.19901,-0.0157844,-0.645958,0.0621296,-0.159815,0.0292037,0.0,0.0,1.0
-0.204865,-0.0172177,-0.641333,0.0703889,-0.158352,0.0295185,0.0,0.0,1.0
-0.197315,-0.0176688,-0.642335,0.0697222,-0.158056,0.0286667,0.0,0.0,1.0
-0.176867,-0.0147828,-0.652898,0.0518148,-0.1595,0.0332778,0.0,0.0,1.0
-0.175942,-0.0132719,-0.64765,0.0461667,-0.159889,0.0316481,0.0,0.0,1.0
-0.169372,-0.013387,-0.654924,0.0450185,-0.159185,0.0336852,0.0,0.0,1.0
-0.166317,-0.0155724,-0.658578,0.0516111,-0.158611,0.0342593,0.0,0.0,1.0
-0.172935,-0.0191391,-0.665362,0.0660093,-0.158491,0.0390278,0.0,0.0,1.0
-0.17362,-0.017226,-0.666724,0.0593519,-0.159241,0.0414074,0.0,0.0,1.0
-0.177067,-0.0149724,-0.670682,0.052213,-0.160509,0.0420278,0.0,0.0,1.0
-0.177813,-0.0143063,-0.670073,0.0497407,-0.161648,0.0413889,0.0,0.0,1.0
-0.176742,-0.0146234,-0.672471,0.0512778,-0.159259,0.0420556,0.0,0.0,1.0
-0.181066,-0.0147536,-0.673899,0.0525463,-0.160713,0.0413796,0.0,0.0,1.0
-0.175932,-0.0150339,-0.676088,0.0519259,-0.161019,0.0392407,0.0,0.0,1.0
-0.174315,-0.0141109,-0.679326,0.0482593,-0.161037,0.0388519,0.0,0.0,1.0
-0.174818,-0.0159771,-0.679193,0.0552685,-0.159694,0.0374722,0.0,0.0,1.0
-0.171684,-0.0103135,-0.680768,0.0343333,-0.163019,0.0389074,0.0,0.0,1.0
-0.191285,-0.0144786,-0.703535,0.0556667,-0.157259,0.0432963,0.0,0.0,1.0
-0.215854,-0.00917552,-0.734322,0.0396204,-0.157954,0.0426759,0.0,0.0,1.0
-0.219094,-0.00577865,-0.737938,0.0251481,-0.159056,0.0391296,0.0,0.0,1.0
-0.222184,-0.000391667,-0.738143,0.00168519,-0.1615,0.0348148,0.0,0.0,1.0
-0.225334,-0.00227292,-0.738022,0.0101111,-0.160241,0.0303519,0.0,0.0,1.0
-0.224783,-0.00230469,-0.738168,0.0102407,-0.160037,0.0306852,0.0,0.0,1.0
-0.223098,-0.00624948,-0.738744,0.0279815,-0.1575,0.0256667,0.0,0.0,1.0
-0.226321,-0.00899688,-0.739987,0.0412778,-0.155889,0.0268704,0.0,0.0,1.0
-0.222177,-0.00659323,-0.738666,0.0298704,-0.154963,0.0235,0.0,0.0,1.0
-0.217646,-0.0105693,-0.738594,0.0473796,-0.153398,0.0216389,0.0,0.0,1.0
-0.215597,-0.0181667,-0.737034,0.0816944,-0.151528,0.0205463,0.0,0.0,1.0
-0.222137,-0.00968437,-0.7467,0.0437593,-0.155315,0.0166296,0.0,0.0,1.0
-0.215911,-0.0114172,-0.743807,0.0498796,-0.156194,0.0165833,0.0,0.0,1.0
-0.215128,-0.00616042,-0.749326,0.0268704,-0.155926,0.0139074,0.0,0.0,1.0
-0.208986,-0.00851354,-0.744539,0.0359074,-0.156704,0.0151296,0.0,0.0,1.0
-0.215843,-0.00810417,-0.753947,0.0350926,-0.1575,0.0163333,0.0,0.0,1.0
-0.209459,0.00106302,-0.75948,-0.00433333,-0.162593,0.012,0.0,0.0,1.0
-0.223671,0.0055949,-0.756327,-0.0247222,-0.160037,0.00394444,0.0,0.0,1.0
-0.224096,0.00911583,-0.756856,-0.0392037,-0.164722,0.00503704,0.0,0.0,1.0
-0.217038,0.00996224,-0.760955,-0.0418519,-0.16337,0.0052963,0.0,0.0,1.0
-0.214979,0.0111261,-0.767604,-0.046213,-0.163602,0.00319444,0.0,0.0,1.0
-0.215299,0.0111354,-0.769643,-0.0465556,-0.162796,0.00412963,0.0,0.0,1.0
-0.210723,0.0114091,-0.76765,-0.0470185,-0.161611,0.00551852,0.0,0.0,1.0
-0.216203,0.0117074,-0.774224,-0.0484352,-0.165176,0.0065463,0.0,0.0,1.0
-0.211,0.0133523,-0.7735,-0.0536852,-0.16587,0.00466667,0.0,0.0,1.0
-0.21824,0.0132666,-0.774365,-0.0553333,-0.165333,0.004,0.0,0.0,1.0
-0.216886,0.0115747,-0.76798,-0.0474815,-0.167111,0.00507407,0.0,0.0,1.0
-0.216119,0.0122955,-0.768203,-0.0514074,-0.163407,0.00666667,0.0,0.0,1.0
-0.214399,0.0125014,-0.769733,-0.0522963,-0.162019,0.00657407,0.0,0.0,1.0
-0.2172,0.015,-0.773367,-0.0638148,-0.161352,0.0027963,0.0,0.0,1.0
-0.22448,0.0184047,-0.782969,-0.0808889,-0.161426,-0.0045,0.0,0.0,1.0
-0.229505,0.0205731,-0.787411,-0.094963,-0.15713,-0.0087963,0.0,0.0,1.0
-0.23102,0.0187905,-0.780145,-0.0867963,-0.158056,-0.00607407,0.0,0.0,1.0
-0.237188,0.0165595,-0.781938,-0.0795926,-0.155944,-0.00475926,0.0,0.0,1.0
-0.25164,0.0146271,-0.790369,-0.0746852,-0.155796,-0.00418519,0.0,0.0,1.0
-0.258956,0.0135302,-0.8043,-0.0711944,-0.155546,-0.00610185,0.0,0.0,1.0
-0.250378,0.0127911,-0.791044,-0.0658704,-0.153667,-0.00272222,0.0,0.0,1.0
-0.25818,0.0126792,-0.797524,-0.0675185,-0.153259,-0.00744444,0.0,0.0,1.0
-0.23482,0.0122374,-0.77831,-0.0589167,-0.15412,-0.00276852,0.0,0.0,1.0
-0.260089,0.0118526,-0.798089,-0.0633704,-0.153741,-0.00877778,0.0,0.0,1.0
-0.249824,0.0123031,-0.781314,-0.0621944,-0.156213,-0.00247222,0.0,0.0,1.0
-0.232058,0.0139381,-0.783016,-0.0660741,-0.154722,-0.00805556,0.0,0.0,1.0
-0.231951,0.0170414,-0.77741,-0.0791852,-0.157741,-0.00762963,0.0,0.0,1.0
-0.228332,0.0217727,-0.786769,-0.0995185,-0.157889,-0.0163704,0.0,0.0,1.0
-0.225745,0.0256874,-0.789287,-0.114889,-0.159519,-0.0232222,0.0,0.0,1.0
-0.22121,0.0281055,-0.798252,-0.121981,-0.161074,-0.0300185,0.0,0.0,1.0
-0.229886,0.0286054,-0.792303,-0.12988,-0.160028,-0.0265278,0.0,0.0,1.0
-0.269681,0.0276042,-0.823931,-0.146444,-0.160648,-0.0462407,0.0,0.0,1.0
-0.230083,0.0289386,-0.7945,-0.132287,-0.159083,-0.0288611,0.0,0.0,1.0
-0.227449,0.0283883,-0.792939,-0.127593,-0.159944,-0.0286111,0.0,0.0,1.0
-0.249666,0.0290932,-0.815843,-0.142824,-0.160731,-0.0423981,0.0,0.0,1.0
-0.225323,0.0287177,-0.792771,-0.127296,-0.160648,-0.029463,0.0,0.0,1.0
-0.237393,0.0287715,-0.795539,-0.132019,-0.163537,-0.0287037,0.0,0.0,1.0
-0.240404,0.0289284,-0.796602,-0.135361,-0.16238,-0.0314907,0.0,0.0,1.0
-0.247139,0.0287521,-0.80593,-0.13963,-0.160833,-0.0379815,0.0,0.0,1.0
-0.242557,0.0287304,-0.798224,-0.135593,-0.162426,-0.0335741,0.0,0.0,1.0
-0.236473,0.0282871,-0.799577,-0.130981,-0.161389,-0.0322963,0.0,0.0,1.0
-0.227146,0.0288859,-0.788636,-0.126981,-0.163296,-0.024537,0.0,0.0,1.0
-0.226499,0.0282621,-0.789114,-0.126148,-0.160389,-0.028463,0.0,0.0,1.0
-0.23836,0.0288001,-0.807725,-0.134528,-0.161269,-0.0375278,0.0,0.0,1.0
-0.25406,0.0287344,-0.813498,-0.143639,-0.160657,-0.0418796,0.0,0.0,1.0
-0.246848,0.028475,-0.818723,-0.136056,-0.163259,-0.0409444,0.0,0.0,1.0
-0.229919,0.0283705,-0.80294,-0.12813,-0.16087,-0.0342593,0.0,0.0,1.0
-0.222133,0.029137,-0.796727,-0.124648,-0.164111,-0.0282037,0.0,0.0,1.0
-0.228999,0.0290439,-0.793978,-0.130574,-0.160981,-0.0286296,0.0,0.0,1.0
-0.282379,0.0299349,-0.847295,-0.166102,-0.160824,-0.0589722,0.0,0.0,1.0
-0.206885,0.0346484,-0.783593,-0.139731,-0.162139,-0.0269352,0.0,0.0,1.0
-0.20848,0.0345495,-0.784469,-0.138972,-0.163806,-0.0255833,0.0,0.0,1.0
-0.206072,0.03505,-0.783166,-0.13975,-0.163343,-0.0258796,0.0,0.0,1.0
-0.207751,0.0341193,-0.789698,-0.138333,-0.161963,-0.0305926,0.0,0.0,1.0
-0.206752,0.0355302,-0.781742,-0.143917,-0.161306,-0.0255093,0.0,0.0,1.0
-0.200921,0.0341219,-0.791525,-0.134407,-0.161204,-0.0338333,0.0,0.0,1.0
-0.203093,0.0355943,-0.787208,-0.142056,-0.160833,-0.0319259,0.0,0.0,1.0
-0.20003,0.0355104,-0.789249,-0.140222,-0.160093,-0.0353519,0.0,0.0,1.0
-0.204834,0.0351323,-0.78472,-0.142111,-0.160037,-0.0316667,0.0,0.0,1.0
-0.204096,0.0363766,-0.78918,-0.146519,-0.160148,-0.0353333,0.0,0.0,1.0
-0.204513,0.0357896,-0.786325,-0.146389,-0.158,-0.0349815,0.0,0.0,1.0
-0.199669,0.0376036,-0.788836,-0.148037,-0.160296,-0.0372222,0.0,0.0,1.0
-0.201098,0.0375198,-0.78989,-0.149185,-0.159852,-0.036963,0.0,0.0,1.0
-0.20398,0.0360402,-0.780438,-0.146537,-0.158537,-0.0295185,0.0,0.0,1.0
-0.200031,0.0378625,-0.788167,-0.148,-0.161741,-0.0331481,0.0,0.0,1.0
-0.199618,0.0381656,-0.785701,-0.152741,-0.15763,-0.0367037,0.0,0.0,1.0
-0.201263,0.0368568,-0.788888,-0.146222,-0.160352,-0.0357222,0.0,0.0,1.0
-0.197087,0.0375771,-0.78789,-0.145648,-0.160722,-0.0344444,0.0,0.0,1.0
-0.194069,0.0375599,-0.79084,-0.1435,-0.160537,-0.0345185,0.0,0.0,1.0
-0.189531,0.0359086,-0.785478,-0.132454,-0.162398,-0.0280833,0.0,0.0,1.0
-0.175413,0.0278958,-0.759371,-0.0932593,-0.165833,-0.00490741,0.0,0.0,1.0
-0.166491,0.0157188,-0.742626,-0.0482407,-0.171407,0.00953704,0.0,0.0,1.0
-0.154009,0.00511406,-0.734269,-0.0143981,-0.172935,0.0114907,0.0,0.0,1.0
-0.148346,0.0173198,-0.73044,-0.0485185,-0.167296,0.0134815,0.0,0.0,1.0
-0.135327,0.0236594,-0.728087,-0.0607778,-0.166537,0.0107593,0.0,0.0,1.0
-0.132671,0.0163224,-0.726244,-0.0403056,-0.169787,0.0134352,0.0,0.0,1.0
-0.132256,0.0191161,-0.72762,-0.0471296,-0.1695,0.0152963,0.0,0.0,1.0
-0.136958,0.0150948,-0.725969,-0.0386481,-0.169037,0.0145,0.0,0.0,1.0
-0.134559,0.0170615,-0.726726,-0.0432222,-0.16787,0.0141667,0.0,0.0,1.0
-0.129389,0.0190958,-0.721399,-0.0466019,-0.167583,0.0159167,0.0,0.0,1.0
-0.0803292,0.0825479,-0.727298,-0.135787,-0.154343,0.014287,0.0,0.0,1.0
-0.12841,0.0197406,-0.7319,-0.0475556,-0.168444,0.013963,0.0,0.0,1.0
-0.118116,0.0263187,-0.736834,-0.058963,-0.16663,0.0126667,0.0,0.0,1.0
-0.115403,0.0212151,-0.737038,-0.0465185,-0.166315,0.0140556,0.0,0.0,1.0
-0.0935521,0.0575208,-0.735781,-0.107352,-0.158444,0.0151296,0.0,0.0,1.0
-0.106544,0.0285318,-0.736617,-0.0591574,-0.162398,0.0139167,0.0,0.0,1.0
-0.107491,0.022824,-0.735355,-0.0473796,-0.163657,0.0126759,0.0,0.0,1.0
-0.106479,0.0210927,-0.734594,-0.0439444,-0.161519,0.011463,0.0,0.0,1.0
-0.10508,0.0225974,-0.733257,-0.0463889,-0.161815,0.0101667,0.0,0.0,1.0
-0.108766,0.0261016,-0.735974,-0.056463,-0.158907,0.00648148,0.0,0.0,1.0
-0.0776599,0.0673891,-0.726077,-0.128176,-0.129028,0.0200833,0.0,0.0,1.0
-0.0760427,0.0683969,-0.725689,-0.128963,-0.127463,0.0241296,0.0,0.0,1.0
-0.0776661,0.0687078,-0.724479,-0.131167,-0.128574,0.0197778,0.0,0.0,1.0
-0.0824427,0.064349,-0.725161,-0.127148,-0.13187,0.0129444,0.0,0.0,1.0
-0.103583,0.0419891,-0.725093,-0.09275,-0.148213,0.00569444,0.0,0.0,1.0
-0.124243,0.0288667,-0.717107,-0.0711944,-0.159213,0.00612037,0.0,0.0,1.0
-0.137798,0.0227979,-0.710142,-0.0603704,-0.164444,0.0105556,0.0,0.0,1.0
-0.139724,0.0182062,-0.705953,-0.0481204,-0.167065,0.00958333,0.0,0.0,1.0
-0.137756,0.0217193,-0.706349,-0.0582037,-0.162463,0.00766667,0.0,0.0,1.0
-0.132659,0.0248948,-0.72068,-0.0590278,-0.176806,0.0149907,0.0,0.0,1.0
-0.139285,0.0108021,-0.710067,-0.0268889,-0.17687,0.0102037,0.0,0.0,1.0
-0.144269,-0.00129323,-0.706623,0.0034537,-0.171009,-0.000342593,0.0,0.0,1.0
-0.145016,0.00129062,-0.715495,-0.00349074,-0.169157,0.000824074,0.0,0.0,1.0
-0.14847,-0.00139427,-0.708616,0.0037037,-0.175926,0.00814815,0.0,0.0,1.0
-0.113008,-0.0591229,-0.7153,0.133648,-0.158,-0.00987037,0.0,0.0,1.0
-0.113239,-0.0581453,-0.715114,0.133472,-0.155917,-0.00787963,0.0,0.0,1.0
-0.104533,-0.0667937,-0.715638,0.147722,-0.149407,-0.00738889,0.0,0.0,1.0
-0.114588,-0.0561297,-0.709994,0.134315,-0.151352,-0.000592593,0.0,0.0,1.0
-0.145416,0.0063026,-0.716406,-0.0176111,-0.1645,0.0107037,0.0,0.0,1.0
-0.107876,-0.0608344,-0.712251,0.134454,-0.154269,0.00234259,0.0,0.0,1.0
-0.103782,-0.0668651,-0.708438,0.145435,-0.150806,-0.00236111,0.0,0.0,1.0
-0.13673,-0.0425219,-0.68598,0.11237,-0.163519,-0.00181481,0.0,0.0,1.0
-0.1646,0.0178771,-0.687933,-0.0580926,-0.160111,0.0299074,0.0,0.0,1.0
-0.17384,0.00438281,-0.677663,-0.0150926,-0.159352,0.0257778,0.0,0.0,1.0
-0.168266,0.0110724,-0.682735,-0.0368611,-0.159713,0.02825,0.0,0.0,1.0
-0.169243,0.013824,-0.685878,-0.0464259,-0.159296,0.0289815,0.0,0.0,1.0
-0.176994,0.0112417,-0.679192,-0.0389722,-0.161417,0.0308981,0.0,0.0,1.0
-0.178169,0.000719792,-0.671971,-0.0025,-0.161796,0.0279259,0.0,0.0,1.0
-0.17047,-0.0126557,-0.669043,0.0416574,-0.163676,0.0206204,0.0,0.0,1.0
-0.180625,0.00385208,-0.66775,-0.0138519,-0.158667,0.0282593,0.0,0.0,1.0
-0.175252,-0.000274479,-0.66571,0.000962963,-0.161463,0.0276111,0.0,0.0,1.0
-0.169865,0.00937812,-0.668094,-0.0316296,-0.159241,0.0300185,0.0,0.0,1.0
-0.170285,0.0113448,-0.667358,-0.0388426,-0.157194,0.0283796,0.0,0.0,1.0
-0.166764,0.00579896,-0.670461,-0.0188704,-0.161944,0.0268889,0.0,0.0,1.0
-0.16523,0.000697917,-0.669032,-0.00227778,-0.160352,0.0292963,0.0,0.0,1.0
-0.159646,-0.00102969,-0.667365,0.00321296,-0.161787,0.0269352,0.0,0.0,1.0
-0.163643,0.000716146,-0.672049,-0.00231481,-0.160185,0.0298333,0.0,0.0,1.0
-0.166247,-0.000820312,-0.668195,0.00262963,-0.163593,0.0287407,0.0,0.0,1.0
-0.158108,0.0176786,-0.678222,-0.0552037,-0.160019,0.0259259,0.0,0.0,1.0
-0.164145,0.0107187,-0.671114,-0.0345278,-0.161046,0.0277685,0.0,0.0,1.0
-0.162147,0.0115078,-0.675449,-0.0365463,-0.161306,0.0294722,0.0,0.0,1.0
-0.174991,0.00320625,-0.670866,-0.01075,-0.164898,0.0304352,0.0,0.0,1.0
-0.166877,0.0151687,-0.670898,-0.0487593,-0.164093,0.0284444,0.0,0.0,1.0
-0.168656,0.0216516,-0.669562,-0.0733241,-0.157361,0.0283611,0.0,0.0,1.0
-0.171223,0.00968854,-0.67066,-0.0323981,-0.161843,0.0293426,0.0,0.0,1.0
-0.161341,-0.00135729,-0.663382,0.00414815,-0.16737,0.0281481,0.0,0.0,1.0
-0.173801,0.000624479,-0.668446,-0.0020463,-0.16712,0.0290833,0.0,0.0,1.0
-0.173491,0.0114677,-0.665355,-0.0385741,-0.163037,0.0300926,0.0,0.0,1.0
-0.171103,0.0132297,-0.664728,-0.044037,-0.162463,0.0296852,0.0,0.0,1.0
-0.172972,0.010874,-0.666472,-0.0355741,-0.167037,0.0311296,0.0,0.0,1.0
-0.171257,0.0128229,-0.664351,-0.0418981,-0.165639,0.0324722,0.0,0.0,1.0
-0.172666,0.014362,-0.666281,-0.0480185,-0.163167,0.0325556,0.0,0.0,1.0
-0.175289,0.0184937,-0.665153,-0.0626018,-0.163713,0.0347315,0.0,0.0,1.0
-0.183648,0.0106635,-0.656856,-0.0369444,-0.167481,0.0372778,0.0,0.0,1.0
-0.188548,0.0115385,-0.644215,-0.0415648,-0.165417,0.0395093,0.0,0.0,1.0
-0.201976,0.0152646,-0.645361,-0.0581481,-0.167593,0.0364815,0.0,0.0,1.0
-0.195914,0.0111036,-0.64106,-0.0418148,-0.164426,0.0409074,0.0,0.0,1.0
-0.201204,0.0119292,-0.645152,-0.046037,-0.164815,0.0400741,0.0,0.0,1.0
-0.202087,0.0104453,-0.645222,-0.0401481,-0.16613,0.0382037,0.0,0.0,1.0
-0.199896,0.0121359,-0.648823,-0.0467963,-0.163833,0.0335556,0.0,0.0,1.0
-0.199265,0.0105693,-0.646984,-0.0399444,-0.166593,0.0337222,0.0,0.0,1.0
-0.200329,0.0105526,-0.647339,-0.0403148,-0.165759,0.0312963,0.0,0.0,1.0
-0.207221,0.0150922,-0.653419,-0.0607778,-0.162611,0.0276111,0.0,0.0,1.0
-0.213284,0.0158302,-0.659576,-0.0658704,-0.161963,0.0252037,0.0,0.0,1.0
-0.212562,0.0175234,-0.659979,-0.0734259,-0.160352,0.0241111,0.0,0.0,1.0
-0.214457,0.0192005,-0.659884,-0.0819444,-0.158852,0.0245,0.0,0.0,1.0
-0.211247,0.0221422,-0.661643,-0.094,-0.157222,0.0268519,0.0,0.0,1.0
-0.216422,0.0220229,-0.658901,-0.0943981,-0.159583,0.0328981,0.0,0.0,1.0
-0.220777,0.0145609,-0.660047,-0.0626389,-0.162176,0.03375,0.0,0.0,1.0
-0.222348,0.0105839,-0.664078,-0.045537,-0.163333,0.0355,0.0,0.0,1.0
-0.224384,0.013238,-0.667728,-0.0608981,-0.154139,0.0397315,0.0,0.0,1.0
-0.223661,0.00834219,-0.669838,-0.037463,-0.157389,0.046963,0.0,0.0,1.0
-0.219883,-0.000477604,-0.668883,0.00205556,-0.161407,0.0500556,0.0,0.0,1.0
-0.219494,-0.00369427,-0.667317,0.0164167,-0.155935,0.0531204,0.0,0.0,1.0
-0.225109,-0.0067401,-0.667432,0.0314074,-0.152667,0.053,0.0,0.0,1.0
-0.222157,-0.0115844,-0.66822,0.0534074,-0.152333,0.0558148,0.0,0.0,1.0
-0.223548,-0.0181635,-0.670048,0.0852222,-0.150537,0.0650185,0.0,0.0,1.0
-0.223195,-0.0176167,-0.673309,0.0837685,-0.148361,0.0689167,0.0,0.0,1.0
-0.219252,-0.0186802,-0.666367,0.0857685,-0.150935,0.0689352,0.0,0.0,1.0
-0.214969,-0.0177901,-0.662178,0.0798519,-0.151352,0.0697593,0.0,0.0,1.0
-0.218055,-0.018688,-0.670305,0.0834722,-0.154306,0.0746204,0.0,0.0,1.0
-0.216849,-0.0144896,-0.670172,0.0636667,-0.155963,0.0753704,0.0,0.0,1.0
-0.220807,-0.0132172,-0.67013,0.0586296,-0.157315,0.0745,0.0,0.0,1.0
-0.220033,-0.0129266,-0.66996,0.056787,-0.158287,0.0759352,0.0,0.0,1.0
-0.220081,-0.0102062,-0.669456,0.0463611,-0.153102,0.0686944,0.0,0.0,1.0
-0.2119,-0.0153865,-0.666681,0.0633796,-0.162583,0.0718056,0.0,0.0,1.0
-0.208944,-0.00270365,-0.65559,0.0115741,-0.154,0.0532778,0.0,0.0,1.0
-0.212721,-0.00302917,-0.658252,0.0133148,-0.152833,0.0551852,0.0,0.0,1.0
-0.212415,-0.000281771,-0.656676,0.00124074,-0.152407,0.0481296,0.0,0.0,1.0
-0.217195,-0.00108333,-0.66082,0.00481481,-0.154296,0.0438889,0.0,0.0,1.0
-0.215833,-0.000168229,-0.657499,0.000759259,-0.155315,0.0415926,0.0,0.0,1.0
-0.210566,-0.00164375,-0.647586,0.00687037,-0.158889,0.0380926,0.0,0.0,1.0
-0.236364,0.000647396,-0.639052,-0.00311111,-0.156019,0.0333148,0.0,0.0,1.0
-0.260704,-0.000247917,-0.60185,0.00131481,-0.154907,0.0304074,0.0,0.0,1.0
-0.257405,0.000378125,-0.597093,-0.00201852,-0.152648,0.0266667,0.0,0.0,1.0
-0.264859,-0.00258333,-0.593047,0.014037,-0.15413,0.0223148,0.0,0.0,1.0
-0.266877,0.000105208,-0.589815,-0.000592593,-0.149463,0.017463,0.0,0.0,1.0
-0.260724,-0.000710937,-0.59387,0.00381481,-0.153963,0.0160741,0.0,0.0,1.0
-0.263861,-0.000447917,-0.591247,0.00240741,-0.155741,0.011037,0.0,0.0,1.0
-0.241261,0.00348594,-0.613292,-0.0170185,-0.156074,0.00809259,0.0,0.0,1.0
-0.256529,-0.000376042,-0.597321,0.00198148,-0.154333,0.00516667,0.0,0.0,1.0
-0.257082,0.00205469,-0.59653,-0.0107963,-0.154981,-3.7037e-05,0.0,0.0,1.0
-0.259279,-0.000338021,-0.594216,0.00180556,-0.156139,-0.00376852,0.0,0.0,1.0
-0.272813,-0.00438385,-0.591303,0.0236111,-0.160093,-0.00403704,0.0,0.0,1.0
-0.252129,0.010512,-0.598389,-0.0550556,-0.152167,-0.00992593,0.0,0.0,1.0
-0.246996,0.0100714,-0.598965,-0.0479444,-0.163981,-0.00222222,0.0,0.0,1.0
-0.272549,-0.00038125,-0.570247,0.002,-0.161333,-0.00218519,0.0,0.0,1.0
-0.282173,-0.00646875,-0.558517,0.0352593,-0.163648,-0.0117963,0.0,0.0,1.0
-0.293234,-0.000427604,-0.55139,0.00247222,-0.160324,-0.00465741,0.0,0.0,1.0
-0.291139,-0.00195781,-0.544556,0.0108333,-0.166167,0.000740741,0.0,0.0,1.0
-0.290221,-0.00577292,-0.547658,0.0311481,-0.170056,-0.00157407,0.0,0.0,1.0
-0.276767,-0.00531458,-0.535454,0.0279815,-0.166185,0.00661111,0.0,0.0,1.0
-0.271132,-0.00491042,-0.527164,0.0251204,-0.16762,0.00821296,0.0,0.0,1.0
-0.268344,0.000354167,-0.506219,-0.00182407,-0.163306,0.0114167,0.0,0.0,1.0
-0.265344,0.00303125,-0.490604,-0.0158056,-0.160769,0.00841667,0.0,0.0,1.0
-0.267406,0.00375,-0.47599,-0.0193981,-0.163231,0.0143981,0.0,0.0,1.0
-0.283365,0.0101875,-0.454844,-0.0575,-0.158685,0.0182593,0.0,0.0,1.0
-0.283865,0.0116458,-0.447073,-0.0663704,-0.157519,0.0187037,0.0,0.0,1.0
-0.276505,0.0121927,-0.436797,-0.0681389,-0.156361,0.0200463,0.0,0.0,1.0
-0.272854,0.0113542,-0.436708,-0.0623704,-0.157019,0.0167593,0.0,0.0,1.0
-0.273542,0.0128542,-0.436667,-0.0716111,-0.155111,0.0171667,0.0,0.0,1.0
-0.265932,0.013276,-0.429161,-0.0728148,-0.153222,0.0138148,0.0,0.0,1.0
-0.26787,0.0120677,-0.42837,-0.0669722,-0.152509,0.00867593,0.0,0.0,1.0
-0.263193,0.011849,-0.422974,-0.0649444,-0.151741,0.00290741,0.0,0.0,1.0
-0.273547,0.011349,-0.416964,-0.0654722,-0.14988,0.00165741,0.0,0.0,1.0
-0.275469,0.00628125,-0.405958,-0.0371389,-0.147194,-0.00675,0.0,0.0,1.0
-0.28201,-0.00034375,-0.397563,0.00203704,-0.150185,-0.0208519,0.0,0.0,1.0
-0.280599,0.000369792,-0.39138,-0.00230556,-0.143398,-0.0233611,0.0,0.0,1.0
-0.282052,0.00225,-0.39124,-0.0140833,-0.142361,-0.0218241,0.0,0.0,1.0
-0.286922,0.00220313,-0.386724,-0.0140185,-0.142556,-0.0258704,0.0,0.0,1.0
-0.280083,-0.000708333,-0.390792,0.00425926,-0.147074,-0.0217037,0.0,0.0,1.0
-0.273469,0.000322917,-0.387437,-0.00187037,-0.149426,-0.0293704,0.0,0.0,1.0
-0.27688,0.000786458,-0.384464,-0.00448148,-0.153056,-0.032537,0.0,0.0,1.0
-0.274573,0.00078125,-0.384062,-0.00444444,-0.151019,-0.0379074,0.0,0.0,1.0
-0.270708,0.0029375,-0.381104,-0.0167963,-0.149426,-0.0335556,0.0,0.0,1.0
-0.27101,0.0044375,-0.37949,-0.0252222,-0.150574,-0.0335,0.0,0.0,1.0
-0.267828,0.00360938,-0.378922,-0.0198796,-0.153602,-0.0315463,0.0,0.0,1.0
-0.264375,0.00284375,-0.375781,-0.0155463,-0.153102,-0.0345833,0.0,0.0,1.0
-0.262297,0.000786458,-0.37613,-0.00422222,-0.1545,-0.0341667,0.0,0.0,1.0
-0.260792,0.000864583,-0.372156,-0.00461111,-0.154759,-0.0340741,0.0,0.0,1.0
-0.257578,0.00171354,-0.362089,-0.00925,-0.151046,-0.0317685,0.0,0.0,1.0
-0.24801,0.00389583,-0.354073,-0.0199352,-0.153176,-0.0336389,0.0,0.0,1.0
-0.244724,0.00566146,-0.345026,-0.0287778,-0.152167,-0.0365,0.0,0.0,1.0
-0.241906,0.00129167,-0.337677,-0.00647222,-0.152546,-0.0406759,0.0,0.0,1.0
-0.243698,0.000958333,-0.332156,-0.00486111,-0.151787,-0.04175,0.0,0.0,1.0
-0.246469,-0.00188542,-0.324271,0.00963889,-0.15225,-0.045213,0.0,0.0,1.0
-0.239411,-0.000661458,-0.321286,0.00324074,-0.15487,-0.041963,0.0,0.0,1.0
-0.244427,-0.00234375,-0.316604,0.011713,-0.154898,-0.0443056,0.0,0.0,1.0
-0.239562,-0.00389583,-0.317917,0.0189167,-0.155935,-0.0388241,0.0,0.0,1.0
-0.239146,-0.00165625,-0.319156,0.00825926,-0.151815,-0.0448889,0.0,0.0,1.0
-0.234448,-0.000864583,-0.320104,0.00412963,-0.155093,-0.042,0.0,0.0,1.0
-0.238219,-0.00351042,-0.31525,0.0169444,-0.155944,-0.0402963,0.0,0.0,1.0
-0.230599,-0.000109375,-0.317953,0.000518519,-0.155222,-0.0437778,0.0,0.0,1.0
-0.232214,-0.00264062,-0.311661,0.0123519,-0.157111,-0.0411296,0.0,0.0,1.0
-0.233948,-0.000739583,-0.314083,0.00357407,-0.153296,-0.0438333,0.0,0.0,1.0
-0.233094,-0.002,-0.308281,0.00925,-0.159176,-0.0382315,0.0,0.0,1.0
-0.244026,-0.00483854,-0.293474,0.0232593,-0.1605,-0.0377963,0.0,0.0,1.0
-0.241187,-0.00452083,-0.28825,0.0221111,-0.155815,-0.0428148,0.0,0.0,1.0
-0.245135,-0.00502083,-0.289573,0.02425,-0.160417,-0.0396204,0.0,0.0,1.0
-0.244896,-0.00246875,-0.288865,0.0124722,-0.153343,-0.0481574,0.0,0.0,1.0
-0.247276,-0.00359896,-0.28863,0.0178889,-0.157167,-0.0437963,0.0,0.0,1.0
-0.243437,-0.00448958,-0.286302,0.0218148,-0.158278,-0.0407222,0.0,0.0,1.0
-0.241063,-0.003125,-0.287854,0.0148426,-0.160398,-0.04175,0.0,0.0,1.0
-0.243073,-0.00363542,-0.286292,0.0176389,-0.15838,-0.0446204,0.0,0.0,1.0
-0.241313,-0.00182292,-0.281781,0.00875926,-0.158333,-0.0463519,0.0,0.0,1.0
-0.242786,-0.00341146,-0.28338,0.0164259,-0.159444,-0.0447593,0.0,0.0,1.0
-0.239198,-0.00336458,-0.286292,0.0157315,-0.161676,-0.0426389,0.0,0.0,1.0
-0.240578,-0.00234896,-0.284443,0.0110463,-0.161639,-0.0430648,0.0,0.0,1.0
-0.242547,-0.00376562,-0.279849,0.0178056,-0.162009,-0.0423426,0.0,0.0,1.0
-0.238589,-0.00340104,-0.283995,0.0159444,-0.160759,-0.0435556,0.0,0.0,1.0
-0.235891,-0.00367187,-0.281443,0.0168148,-0.162889,-0.0428889,0.0,0.0,1.0
-0.233167,-0.000739583,-0.287531,0.00340741,-0.160741,-0.0478148,0.0,0.0,1.0
-0.242521,-0.00604167,-0.278937,0.0281574,-0.164454,-0.0386019,0.0,0.0,1.0
-0.236984,-0.00503646,-0.279995,0.0228056,-0.165528,-0.0416389,0.0,0.0,1.0
-0.248641,-0.00211979,-0.278714,0.0102963,-0.162,-0.0454815,0.0,0.0,1.0
-0.246375,-0.00410417,-0.274687,0.0194074,-0.164796,-0.0430185,0.0,0.0,1.0
-0.238526,-0.00553646,-0.273974,0.0255185,-0.163537,-0.0399074,0.0,0.0,1.0
-0.238969,-0.00613542,-0.273542,0.0278889,-0.166185,-0.0380741,0.0,0.0,1.0
-0.238229,-0.00539583,-0.282542,0.0246481,-0.164704,-0.0400926,0.0,0.0,1.0
-0.245839,-0.00719271,-0.276068,0.03325,-0.168176,-0.040213,0.0,0.0,1.0
-0.241833,-0.00863542,-0.27776,0.0393148,-0.16787,-0.0387407,0.0,0.0,1.0
-0.244667,-0.00948958,-0.272448,0.0429815,-0.170667,-0.0383519,0.0,0.0,1.0
-0.246786,-0.0100677,-0.266193,0.0469722,-0.167194,-0.0419537,0.0,0.0,1.0
-0.247677,-0.00880208,-0.272312,0.041037,-0.168019,-0.0436481,0.0,0.0,1.0
-0.246036,-0.00860937,-0.273297,0.0397037,-0.168667,-0.0440741,0.0,0.0,1.0
-0.246906,-0.00929167,-0.271219,0.0426852,-0.169852,-0.0413519,0.0,0.0,1.0
-0.245547,-0.00763021,-0.27313,0.0348889,-0.169741,-0.048037,0.0,0.0,1.0
-0.244062,-0.00888542,-0.271615,0.0411667,-0.166463,-0.0438889,0.0,0.0,1.0
-0.245161,-0.0104219,-0.269422,0.0484815,-0.166556,-0.0407407,0.0,0.0,1.0
-0.24388,-0.00904687,-0.269297,0.0410556,-0.16987,-0.0422222,0.0,0.0,1.0
-0.243385,-0.00819792,-0.272375,0.036537,-0.172574,-0.043,0.0,0.0,1.0
-0.243276,-0.00790104,-0.270318,0.0350278,-0.173454,-0.0455648,0.0,0.0,1.0
-0.245771,-0.00854167,-0.270125,0.0387593,-0.17113,-0.0439259,0.0,0.0,1.0
-0.24374,-0.00803125,-0.270021,0.0357963,-0.172759,-0.0465556,0.0,0.0,1.0
-0.243177,-0.00726042,-0.269313,0.0316019,-0.176435,-0.0458611,0.0,0.0,1.0
-0.242771,-0.00654167,-0.270375,0.0274167,-0.182917,-0.0426204,0.0,0.0,1.0
-0.241932,-0.00735937,-0.271141,0.0315833,-0.178157,-0.0422685,0.0,0.0,1.0
-0.24138,-0.00991146,-0.271339,0.0423519,-0.178407,-0.0383519,0.0,0.0,1.0
-0.243849,-0.0116719,-0.267849,0.050037,-0.179722,-0.0361296,0.0,0.0,1.0
-0.244708,-0.0126146,-0.266781,0.0538333,-0.181259,-0.0363889,0.0,0.0,1.0
-0.245396,-0.0116562,-0.267719,0.0486667,-0.185704,-0.0361852,0.0,0.0,1.0
-0.245641,-0.0122552,-0.266172,0.0522685,-0.181954,-0.039287,0.0,0.0,1.0
-0.245677,-0.00954167,-0.269115,0.0393333,-0.188315,-0.0406481,0.0,0.0,1.0
-0.248021,-0.0109375,-0.269854,0.0478148,-0.179241,-0.0436852,0.0,0.0,1.0
-0.244615,-0.0086875,-0.27299,0.0353333,-0.190037,-0.0418519,0.0,0.0,1.0
-0.245271,-0.0114479,-0.267656,0.049,-0.181111,-0.0407037,0.0,0.0,1.0
-0.247026,-0.0114531,-0.268234,0.0488704,-0.182981,-0.0374444,0.0,0.0,1.0
-0.242625,-0.0150104,-0.271781,0.0618611,-0.186028,-0.0258611,0.0,0.0,1.0
-0.247135,-0.012875,-0.26751,0.0547778,-0.183611,-0.0357963,0.0,0.0,1.0
-0.237448,-0.012,-0.267427,0.0473333,-0.190296,-0.0311111,0.0,0.0,1.0
-0.246979,-0.0151042,-0.266083,0.0633519,-0.186185,-0.0308704,0.0,0.0,1.0
-0.244906,-0.0129792,-0.265531,0.0548333,-0.183185,-0.0369815,0.0,0.0,1.0
-0.243615,-0.0136458,-0.267094,0.0552037,-0.190333,-0.0294259,0.0,0.0,1.0
-0.250089,-0.0129219,-0.263172,0.0538056,-0.189769,-0.0343611,0.0,0.0,1.0
-0.246422,-0.0103594,-0.263026,0.0422037,-0.191185,-0.0404259,0.0,0.0,1.0
-0.242786,-0.010474,-0.261036,0.0406852,-0.197574,-0.0345185,0.0,0.0,1.0
-0.248229,-0.00736458,-0.264469,0.0290741,-0.198667,-0.0417407,0.0,0.0,1.0
-0.252547,-0.00815104,-0.269745,0.034037,-0.191148,-0.0411111,0.0,0.0,1.0
-0.251786,2.60417e-05,-0.273984,-9.25926e-05,-0.197981,-0.0609259,0.0,0.0,1.0
-0.243177,-0.00075,-0.265552,0.00287037,-0.20137,-0.0523889,0.0,0.0,1.0
-0.250052,0.00291667,-0.270177,-0.0116667,-0.197407,-0.0741481,0.0,0.0,1.0
-0.255823,0.000333333,-0.262323,-0.00133333,-0.201444,-0.0642963,0.0,0.0,1.0
-0.232354,0.00359375,-0.261594,-0.0130093,-0.20288,-0.0646019,0.0,0.0,1.0
-0.258448,-0.00411458,-0.257146,0.0170741,-0.196907,-0.055463,0.0,0.0,1.0
-0.24974,-0.00547917,-0.261427,0.0221111,-0.195593,-0.0558148,0.0,0.0,1.0
-0.257844,-0.00725,-0.253531,0.030463,-0.194074,-0.0502778,0.0,0.0,1.0
-0.255094,0.0004375,-0.261719,-0.00176852,-0.20038,-0.0593426,0.0,0.0,1.0
-0.23075,0.0207708,-0.281396,-0.0756204,-0.200287,-0.0750833,0.0,0.0,1.0
-0.253911,0.0186198,-0.242828,-0.0738333,-0.202407,-0.0696852,0.0,0.0,1.0
-0.275646,0.00932292,-0.243073,-0.0417963,-0.194259,-0.0796852,0.0,0.0,1.0
-0.276604,0.0133125,-0.247583,-0.0579537,-0.200861,-0.0782315,0.0,0.0,1.0
-0.26674,0.00292708,-0.251146,-0.0128148,-0.192444,-0.0831111,0.0,0.0,1.0
-0.255719,-0.0267083,-0.25174,0.11063,-0.195111,-0.0638148,0.0,0.0,1.0
-0.2475,-0.0325521,-0.250927,0.128185,-0.198648,-0.060537,0.0,0.0,1.0
-0.245661,-0.0323802,-0.255922,0.125287,-0.200657,-0.0604722,0.0,0.0,1.0
-0.248562,-0.031125,-0.255625,0.120537,-0.202907,-0.0634074,0.0,0.0,1.0
-0.246031,-0.0324167,-0.251552,0.124815,-0.201907,-0.062537,0.0,0.0,1.0
-0.242667,-0.0323437,-0.248385,0.12137,-0.204333,-0.0615185,0.0,0.0,1.0
-0.242208,-0.031875,-0.246583,0.119824,-0.20362,-0.0620093,0.0,0.0,1.0
-0.243417,-0.0328542,-0.248292,0.126315,-0.200093,-0.0596296,0.0,0.0,1.0
-0.242193,-0.0299531,-0.246182,0.112583,-0.203639,-0.0688426,0.0,0.0,1.0
-0.240203,-0.0328906,-0.243557,0.123231,-0.20262,-0.0651204,0.0,0.0,1.0
-0.230193,-0.0328906,-0.248109,0.116648,-0.20513,-0.0603333,0.0,0.0,1.0
-0.225786,-0.0347865,-0.252172,0.123611,-0.200833,-0.0587778,0.0,0.0,1.0
-0.228349,-0.0365781,-0.251734,0.136037,-0.194037,-0.0588519,0.0,0.0,1.0
-0.227781,-0.0371458,-0.25076,0.13725,-0.194824,-0.0584352,0.0,0.0,1.0
-0.22887,-0.0365781,-0.24963,0.135037,-0.195944,-0.0596481,0.0,0.0,1.0
-0.222411,-0.0375573,-0.249839,0.136241,-0.193778,-0.0573148,0.0,0.0,1.0
-0.225104,-0.0392604,-0.245615,0.144102,-0.193843,-0.0612315,0.0,0.0,1.0
-0.225323,-0.0378229,-0.247333,0.140796,-0.191296,-0.0610185,0.0,0.0,1.0
-0.226656,-0.03925,-0.248677,0.14675,-0.191602,-0.0604352,0.0,0.0,1.0
-0.226115,-0.0392812,-0.249083,0.147222,-0.19063,-0.0602963,0.0,0.0,1.0
-0.227932,-0.0383698,-0.248661,0.146667,-0.188444,-0.0616296,0.0,0.0,1.0
-0.228859,-0.0384115,-0.247057,0.14737,-0.188556,-0.0627778,0.0,0.0,1.0
-0.227646,-0.0388021,-0.246052,0.147315,-0.189519,-0.0632407,0.0,0.0,1.0
-0.229766,-0.0377969,-0.247172,0.146722,-0.187074,-0.062537,0.0,0.0,1.0
-0.229438,-0.0382813,-0.247323,0.147519,-0.188185,-0.0619259,0.0,0.0,1.0
-0.232281,-0.0377812,-0.2455,0.147694,-0.187824,-0.0630278,0.0,0.0,1.0
-0.233063,-0.0373542,-0.248396,0.147981,-0.185926,-0.0597963,0.0,0.0,1.0
-0.230542,-0.0384583,-0.246729,0.151565,-0.184898,-0.0620463,0.0,0.0,1.0
-0.232,-0.0375521,-0.246365,0.148213,-0.185787,-0.06175,0.0,0.0,1.0
-0.229531,-0.037875,-0.245531,0.148519,-0.184981,-0.0618333,0.0,0.0,1.0
-0.228589,-0.0374531,-0.245484,0.147185,-0.183815,-0.0614815,0.0,0.0,1.0
-0.226729,-0.0385104,-0.244031,0.148694,-0.185565,-0.0610833,0.0,0.0,1.0
-0.227807,-0.0375052,-0.246161,0.149352,-0.180796,-0.0628148,0.0,0.0,1.0
-0.24037,-0.0383281,-0.24888,0.158593,-0.183611,-0.0576481,0.0,0.0,1.0
-0.229479,-0.038625,-0.244792,0.152278,-0.183963,-0.060537,0.0,0.0,1.0
-0.22987,-0.0382344,-0.244214,0.151843,-0.182935,-0.0605648,0.0,0.0,1.0
-0.227458,-0.0386979,-0.245302,0.151815,-0.183259,-0.0597778,0.0,0.0,1.0
-0.223557,-0.0391094,-0.250828,0.150824,-0.183194,-0.0559722,0.0,0.0,1.0
-0.228396,-0.0391979,-0.247656,0.154,-0.183741,-0.0572593,0.0,0.0,1.0
-0.22326,-0.0390625,-0.250073,0.150278,-0.183444,-0.0559444,0.0,0.0,1.0
-0.226948,-0.0401562,-0.2435,0.157852,-0.182463,-0.0606481,0.0,0.0,1.0
-0.227417,-0.0404896,-0.242427,0.160389,-0.181407,-0.0622037,0.0,0.0,1.0
-0.23049,-0.0397396,-0.243813,0.160028,-0.180917,-0.0607315,0.0,0.0,1.0
-0.228677,-0.0397396,-0.244292,0.158333,-0.181426,-0.0597593,0.0,0.0,1.0
-0.227052,-0.0394479,-0.244813,0.155333,-0.182204,-0.0580185,0.0,0.0,1.0
-0.227047,-0.039651,-0.243359,0.157426,-0.180722,-0.0598889,0.0,0.0,1.0
-0.227948,-0.0402813,-0.24425,0.158704,-0.182852,-0.0578519,0.0,0.0,1.0
-0.226594,-0.0394167,-0.242635,0.157259,-0.1795,-0.0598333,0.0,0.0,1.0
-0.227141,-0.0396927,-0.242391,0.15713,-0.181352,-0.0590741,0.0,0.0,1.0
-0.228667,-0.04,-0.2435,0.158722,-0.182111,-0.0567222,0.0,0.0,1.0
-0.226807,-0.039026,-0.241755,0.15475,-0.180769,-0.0588796,0.0,0.0,1.0
-0.22599,-0.0410312,-0.242021,0.162685,-0.180111,-0.0599074,0.0,0.0,1.0
-0.226417,-0.0402604,-0.244135,0.16038,-0.179639,-0.0568056,0.0,0.0,1.0
-0.226177,-0.0402083,-0.241323,0.160333,-0.179241,-0.0598333,0.0,0.0,1.0
-0.226724,-0.0417552,-0.239505,0.165417,-0.18088,-0.0608241,0.0,0.0,1.0
-0.2295,-0.0403958,-0.238833,0.1625,-0.180315,-0.0597407,0.0,0.0,1.0
-0.224,-0.0403333,-0.24,0.158148,-0.180537,-0.0591667,0.0,0.0,1.0
-0.23088,-0.0407135,-0.24187,0.163037,-0.182222,-0.0578148,0.0,0.0,1.0
-0.227589,-0.0400885,-0.241995,0.160519,-0.17963,-0.0595556,0.0,0.0,1.0
-0.224479,-0.0408646,-0.240781,0.160398,-0.180769,-0.0590833,0.0,0.0,1.0
-0.225589,-0.0400677,-0.241047,0.158759,-0.179944,-0.0593333,0.0,0.0,1.0
-0.224984,-0.0403281,-0.240016,0.160102,-0.179102,-0.0600093,0.0,0.0,1.0
-0.229375,-0.0400104,-0.243885,0.160102,-0.181194,-0.0561019,0.0,0.0,1.0
-0.226547,-0.0398698,-0.239703,0.159917,-0.178509,-0.0594537,0.0,0.0,1.0
-0.221906,-0.0408229,-0.242833,0.157306,-0.182028,-0.0560648,0.0,0.0,1.0
-0.225708,-0.0401875,-0.239562,0.159463,-0.179778,-0.0591667,0.0,0.0,1.0
-0.223875,-0.0414792,-0.239667,0.161204,-0.182074,-0.057537,0.0,0.0,1.0
-0.224802,-0.0402083,-0.240531,0.159074,-0.179574,-0.058537,0.0,0.0,1.0
-0.225917,-0.0410833,-0.24025,0.161611,-0.1815,-0.056963,0.0,0.0,1.0
-0.225203,-0.0415052,-0.23937,0.160815,-0.183667,-0.0554074,0.0,0.0,1.0
-0.225453,-0.0413281,-0.239745,0.162556,-0.181148,-0.0570741,0.0,0.0,1.0
-0.222271,-0.0422604,-0.237406,0.163241,-0.181852,-0.0575,0.0,0.0,1.0
-0.224557,-0.0408698,-0.239995,0.159843,-0.181491,-0.0554167,0.0,0.0,1.0
-0.224396,-0.0410104,-0.237948,0.161148,-0.180481,-0.0572593,0.0,0.0,1.0
-0.224896,-0.0418958,-0.237167,0.162454,-0.183306,-0.0555833,0.0,0.0,1.0
-0.22075,-0.0422708,-0.232021,0.16037,-0.183926,-0.0568148,0.0,0.0,1.0
-0.224661,-0.041474,-0.237016,0.161759,-0.182056,-0.0555926,0.0,0.0,1.0
-0.224807,-0.0400677,-0.238307,0.157889,-0.180296,-0.0568889,0.0,0.0,1.0
-0.226729,-0.0422187,-0.235469,0.166843,-0.181324,-0.0575278,0.0,0.0,1.0
-0.227667,-0.0400417,-0.236437,0.160648,-0.179315,-0.058037,0.0,0.0,1.0
-0.231599,-0.030474,-0.244484,0.124111,-0.179741,-0.0491852,0.0,0.0,1.0
-0.240406,-0.0245938,-0.242437,0.102843,-0.181694,-0.0464907,0.0,0.0,1.0
-0.246005,-0.0224115,-0.241818,0.0965185,-0.180537,-0.0477593,0.0,0.0,1.0
-0.242208,-0.0200104,-0.238094,0.0849907,-0.180194,-0.0489722,0.0,0.0,1.0
-0.244766,-0.0202865,-0.238339,0.0866667,-0.181056,-0.0471667,0.0,0.0,1.0
-0.241292,-0.0195,-0.236792,0.0815185,-0.182481,-0.0466667,0.0,0.0,1.0
-0.240052,-0.0206146,-0.234479,0.0858333,-0.182167,-0.0474444,0.0,0.0,1.0
-0.239068,-0.0199115,-0.234255,0.0822315,-0.182991,-0.0458056,0.0,0.0,1.0
-0.239224,-0.0200365,-0.231672,0.08325,-0.181972,-0.0476759,0.0,0.0,1.0
-0.240984,-0.0193177,-0.23287,0.0811852,-0.181222,-0.047,0.0,0.0,1.0
-0.233187,-0.0203125,-0.22675,0.082463,-0.1815,-0.0472963,0.0,0.0,1.0
-0.233208,-0.0195625,-0.223479,0.0796019,-0.181139,-0.0463241,0.0,0.0,1.0
-0.233411,-0.0187031,-0.222724,0.0768889,-0.179481,-0.0468519,0.0,0.0,1.0
-0.230224,-0.0160573,-0.217911,0.0649444,-0.179889,-0.0490185,0.0,0.0,1.0
-0.236578,-0.0102344,-0.217266,0.04375,-0.174898,-0.0502685,0.0,0.0,1.0
-0.245281,-0.001375,-0.211531,0.00611111,-0.173796,-0.0532778,0.0,0.0,1.0
-0.255839,0.000536458,-0.201714,-0.0025,-0.172241,-0.0554074,0.0,0.0,1.0
-0.248542,-7.29167e-05,-0.188719,0.000314815,-0.170444,-0.0592778,0.0,0.0,1.0
-0.252187,0.00947917,-0.19475,-0.0445741,-0.169537,-0.0586296,0.0,0.0,1.0
-0.263927,0.0109583,-0.182656,-0.0544815,-0.16787,-0.0598704,0.0,0.0,1.0
-0.26125,0.0123646,-0.186073,-0.0603241,-0.169231,-0.0604907,0.0,0.0,1.0
-0.258177,-0.000145833,-0.183052,0.000731481,-0.165083,-0.0611389,0.0,0.0,1.0
-0.249349,0.0142969,-0.177276,-0.0672037,-0.167667,-0.0613148,0.0,0.0,1.0
-0.249901,0.0112552,-0.178599,-0.0522963,-0.17,-0.0602593,0.0,0.0,1.0
-0.242604,0.0121146,-0.18274,-0.0540741,-0.171815,-0.0587778,0.0,0.0,1.0
-0.221516,0.020849,-0.161297,-0.081787,-0.178509,-0.0526574,0.0,0.0,1.0
-0.218521,0.0148958,-0.155521,-0.0580556,-0.177185,-0.049537,0.0,0.0,1.0
-0.229,0.000583333,-0.147062,-0.00252778,-0.169176,-0.0536204,0.0,0.0,1.0
-0.219214,-0.0137448,-0.143995,0.0554259,-0.171796,-0.0577037,0.0,0.0,1.0
-0.215448,-0.0136875,-0.140927,0.0545185,-0.170944,-0.0555,0.0,0.0,1.0
-0.215813,-0.0141771,-0.140406,0.0566019,-0.170898,-0.0536574,0.0,0.0,1.0
-0.214333,-0.00285417,-0.132104,0.011287,-0.17138,-0.0426204,0.0,0.0,1.0
-0.214948,-0.000489583,-0.124917,0.00196296,-0.167352,-0.0410185,0.0,0.0,1.0
-0.227214,0.00131771,-0.110422,-0.00564815,-0.167778,-0.0402037,0.0,0.0,1.0
-0.245,-0.000875,-0.08625,0.00401852,-0.168963,-0.0396481,0.0,0.0,1.0
-0.237354,-0.0118646,-0.0837396,0.052037,-0.170981,-0.0601667,0.0,0.0,1.0
-0.23226,-0.00858333,-0.0760521,0.0373889,-0.1685,-0.0656296,0.0,0.0,1.0
-0.229161,0.000171875,-0.0747865,-0.000722222,-0.170074,-0.062537,0.0,0.0,1.0
-0.225182,0.00230729,-0.0709219,-0.00983333,-0.167185,-0.0610926,0.0,0.0,1.0
-0.222646,9.375e-05,-0.0622188,-0.000388889,-0.168444,-0.0626481,0.0,0.0,1.0
-0.216104,-0.00446875,-0.0559271,0.0181204,-0.168602,-0.0618056,0.0,0.0,1.0
-0.21374,-0.00116667,-0.0571354,0.00467593,-0.168269,-0.069713,0.0,0.0,1.0
-0.209375,-0.00235417,-0.0486042,0.00925,-0.168435,-0.0686759,0.0,0.0,1.0
-0.206885,0.000229167,-0.0463438,-0.000898148,-0.167157,-0.0706389,0.0,0.0,1.0
-0.204333,-0.00233333,-0.04325,0.00887963,-0.16975,-0.0700093,0.0,0.0,1.0
-0.202854,-0.00322917,-0.0408542,0.0122685,-0.168861,-0.0693426,0.0,0.0,1.0
-0.202594,-0.00708333,-0.0336354,0.0266481,-0.170148,-0.0703889,0.0,0.0,1.0
-0.197063,-0.0109063,-0.0310312,0.0393148,-0.172704,-0.0699444,0.0,0.0,1.0
-0.199604,-0.0116875,-0.0296875,0.0427593,-0.17237,-0.0680556,0.0,0.0,1.0
-0.193521,-0.0124479,-0.0281146,0.0451944,-0.168491,-0.0653981,0.0,0.0,1.0
-0.188177,-0.0148646,-0.0235625,0.0526481,-0.167852,-0.0567963,0.0,0.0,1.0
-0.189807,-0.000348958,-0.0187344,0.00128704,-0.162065,-0.0349352,0.0,0.0,1.0
-0.183693,-0.000526042,-0.00846354,0.00185185,-0.166278,-0.0282778,0.0,0.0,1.0
-0.172917,-0.0122188,0.00305208,0.0392407,-0.170093,-0.0134444,0.0,0.0,1.0
-0.175042,-0.00059375,0.00907292,0.00181481,-0.180167,-0.00624074,0.0,0.0,1.0
-0.160193,-0.000286458,0.0286198,0.000814815,-0.182222,0.00422222,0.0,0.0,1.0
-0.15337,-0.00119271,0.0549948,0.00325926,-0.177389,0.0378333,0.0,0.0,1.0
-0.157052,0.0111771,0.0720417,-0.0330741,-0.167704,0.0411852,0.0,0.0,1.0
-0.154073,0.0144062,0.0944792,-0.0453889,-0.154519,0.0527593,0.0,0.0,1.0
-0.146786,0.011151,0.112661,-0.0351296,-0.147278,0.0511111,0.0,0.0,1.0
-0.123438,1.38778e-17,0.121354,0.0,-0.168519,0.0481481,0.0,0.0,1.0
-0.116667,1.38778e-17,0.138542,0.0,-0.164815,0.0518519,0.0,0.0,1.0
-0.191667,2.77556e-17,0.214583,0.0,-0.173148,0.0638889,0.0,0.0,1.0
-0.194271,8.32667e-17,0.241771,0.0,-0.168889,0.0655556,0.0,0.0,1.0
-0.196875,8.32667e-17,0.268958,0.0,-0.16463,0.0672222,0.0,0.0,1.0
-0.199479,2.77556e-17,0.296146,0.0,-0.16037,0.0688889,0.0,0.0,1.0
-0.202083,2.77556e-17,0.323333,0.0,-0.156111,0.0705556,0.0,0.0,1.0
-0.204688,8.32667e-17,0.350521,0.0,-0.151852,0.0722222,0.0,0.0,1.0
-0.191667,5.55112e-17,0.375167,0.0,-0.148611,0.0634259,0.0,0.0,1.0
-0.178646,0.0,0.375667,0.0,-0.14537,0.0701852,0.0,0.0,1.0
-0.165625,5.55112e-17,0.436042,0.0,-0.14213,0.0491667,0.0,0.0,1.0
-0.152604,1.66533e-16,0.496417,0.0,-0.138889,0.0281481,0.0,0.0,1.0
-0.139583,5.55112e-17,0.556813,0.0,-0.135648,0.00712963,0.0,0.0,1.0
-0.126563,1.11022e-16,0.617188,0.0,-0.132407,-0.0138889,0.0,0.0,1.0
-0.134375,1.11022e-16,0.622917,0.0,-0.136111,-0.0138889,0.0,0.0,1.0
-0.142188,5.55112e-17,0.628646,0.0,-0.139815,-0.012037,0.0,0.0,1.0
-0.153839,0.00358854,0.650693,-0.01525,-0.114417,-0.0194352,0.0,0.0,1.0
-0.158599,0.00398437,0.647526,-0.0170185,-0.117241,-0.0220741,0.0,0.0,1.0
-0.164969,0.0049375,0.655885,-0.0222222,-0.11587,-0.0210556,0.0,0.0,1.0
-0.161766,0.00455729,0.647359,-0.0193148,-0.120574,-0.0234444,0.0,0.0,1.0
-0.164292,0.00516667,0.647812,-0.0225556,-0.118889,-0.0246296,0.0,0.0,1.0
-0.176,0.0106562,0.657177,-0.0492963,-0.120333,-0.0228519,0.0,0.0,1.0
-0.180635,0.01425,0.66374,-0.0681852,-0.119296,-0.0163704,0.0,0.0,1.0
-0.179969,0.0140938,0.665333,-0.0646852,-0.123944,-0.0152593,0.0,0.0,1.0
-0.183104,0.0146146,0.661656,-0.0696204,-0.121491,-0.01625,0.0,0.0,1.0
-0.189562,0.0145,0.66875,-0.0701667,-0.123833,-0.0107037,0.0,0.0,1.0
-0.196531,0.0222812,0.683062,-0.115463,-0.11987,0.00781482,0.0,0.0,1.0
-0.19574,0.0187083,0.685219,-0.0945648,-0.122417,0.00262037,0.0,0.0,1.0
-0.202187,0.021125,0.685104,-0.111778,-0.120741,0.00177778,0.0,0.0,1.0
-0.202396,0.0170208,0.699292,-0.0842315,-0.129287,-0.00075,0.0,0.0,1.0
-0.200276,0.0138802,0.705286,-0.0669259,-0.131259,-0.00474074,0.0,0.0,1.0
-0.199786,0.0155365,0.704589,-0.072,-0.136296,-0.013037,0.0,0.0,1.0
-0.199891,0.016224,0.706974,-0.0724907,-0.141398,-0.00989815,0.0,0.0,1.0
-0.196099,0.017026,0.709057,-0.0738519,-0.14287,-0.0105741,0.0,0.0,1.0
-0.200885,0.0180937,0.70325,-0.0806296,-0.142463,-0.0185,0.0,0.0,1.0
-0.201875,0.0181458,0.709229,-0.0799444,-0.144833,-0.015,0.0,0.0,1.0
-0.20476,0.0156979,0.715937,-0.0680741,-0.149241,-0.0136481,0.0,0.0,1.0
-0.208766,0.0165365,0.72288,-0.0738704,-0.147685,-0.0141481,0.0,0.0,1.0
-0.225885,0.0161875,0.73374,-0.0806296,-0.143352,-0.0139815,0.0,0.0,1.0
-0.227521,0.0128125,0.744625,-0.058213,-0.15825,-0.0103056,0.0,0.0,1.0
-0.228245,0.0117344,0.74637,-0.0534537,-0.15838,-0.00962037,0.0,0.0,1.0
-0.221651,0.0113698,0.751328,-0.0496296,-0.160537,-0.0107963,0.0,0.0,1.0
-0.223401,0.0105573,0.753807,-0.0462963,-0.161,-0.0120741,0.0,0.0,1.0
-0.22351,0.00964583,0.75399,-0.0409352,-0.166398,-0.0139907,0.0,0.0,1.0
-0.238438,0.00955208,0.77174,-0.0436574,-0.164917,-0.0131574,0.0,0.0,1.0
-0.232479,0.0111979,0.77649,-0.0496389,-0.165713,-0.0123611,0.0,0.0,1.0
-0.220458,0.0310938,0.792948,-0.133852,-0.161852,-0.00474074,0.0,0.0,1.0
-0.23351,0.0289792,0.793094,-0.118231,-0.180861,0.00628704,0.0,0.0,1.0
