-0.253479,-0.0200879,0.729606,0.0939861,-0.220625,0.0573241,0.0,0.0,1.0
-0.258438,-0.0114688,0.730839,0.0558611,-0.21125,0.0563333,0.0,0.0,1.0
-0.266214,0.00346354,0.729401,-0.0190556,-0.205222,0.0543333,0.0,0.0,1.0
-0.24988,0.0220983,0.731169,-0.110694,-0.199028,0.0376296,0.0,0.0,1.0
-0.257306,0.0159779,0.729967,-0.0954028,-0.185486,0.0464907,0.0,0.0,1.0
-0.241598,0.027457,0.734499,-0.132347,-0.195375,0.042787,0.0,0.0,1.0
-0.22941,0.0298314,0.747094,-0.138444,-0.207611,0.0420741,0.0,0.0,1.0
-0.219073,0.0383229,0.748573,-0.15175,-0.219333,0.0380926,0.0,0.0,1.0
-0.210263,0.0412318,0.757003,-0.167833,-0.215444,0.0483333,0.0,0.0,1.0
-0.209538,0.0438346,0.754507,-0.16575,-0.225167,0.0399815,0.0,0.0,1.0
-0.214335,0.0373509,0.754473,-0.143458,-0.223597,0.0399722,0.0,0.0,1.0
-0.198399,0.0486178,0.761094,-0.172417,-0.224944,0.0353889,0.0,0.0,1.0
-0.200625,0.0455,0.76301,-0.173472,-0.218944,0.040463,0.0,0.0,1.0
-0.185635,0.0558854,0.767979,-0.177917,-0.236417,0.0282593,0.0,0.0,1.0
-0.221747,0.015653,0.768614,-0.0705278,-0.244556,0.0459074,0.0,0.0,1.0
-0.226958,0.000546875,0.770958,-0.00311111,-0.259417,0.0603889,0.0,0.0,1.0
-0.221563,0.000664063,0.776354,-0.00375,-0.256694,0.0584444,0.0,0.0,1.0
-0.186914,-0.0398828,0.784018,0.131208,-0.254042,0.0553796,0.0,0.0,1.0
-0.217206,-0.00579687,0.780711,0.0335833,-0.257194,0.0541111,0.0,0.0,1.0
-0.216116,-0.01625,0.781801,0.104722,-0.253,0.0420741,0.0,0.0,1.0
-0.208753,-0.0231094,0.789164,0.155222,-0.253528,0.0219074,0.0,0.0,1.0
-0.189708,-0.0374531,0.808208,0.235167,-0.240889,-0.0111481,0.0,0.0,1.0
-0.178832,-0.0465352,0.815311,0.26375,-0.237111,-0.0263148,0.0,0.0,1.0
-0.191719,-0.0267656,0.806198,0.170972,-0.245556,-0.00153704,0.0,0.0,1.0
-0.187466,-0.0258125,0.81045,0.165583,-0.238,-0.00905556,0.0,0.0,1.0
-0.192777,-0.0239922,0.805139,0.171944,-0.235833,-0.0185185,0.0,0.0,1.0
-0.185052,-0.0234531,0.812865,0.152056,-0.233667,-0.0147407,0.0,0.0,1.0
-0.191419,-0.0233125,0.806497,0.190097,-0.233458,-0.04425,0.0,0.0,1.0
-0.175676,-0.0242813,0.822241,0.152111,-0.229944,-0.0199259,0.0,0.0,1.0
-0.177655,-0.0255938,0.820262,0.175181,-0.231597,-0.02925,0.0,0.0,1.0
-0.17163,-0.0256562,0.826286,0.1615,-0.235111,-0.0215556,0.0,0.0,1.0
-0.165422,-0.0298906,0.832495,0.169431,-0.252681,-0.00147222,0.0,0.0,1.0
-0.153652,-0.0312891,0.844264,0.16375,-0.251167,-9.25926e-05,0.0,0.0,1.0
-0.15474,-0.0260703,0.843177,0.135833,-0.254139,-0.000203704,0.0,0.0,1.0
-0.155224,-0.0209688,0.842693,0.111264,-0.258236,-0.000712963,0.0,0.0,1.0
-0.149339,-0.0232734,0.848578,0.113389,-0.249583,0.000796296,0.0,0.0,1.0
-0.157359,-0.0154219,0.840557,0.083,-0.246444,-0.0156296,0.0,0.0,1.0
-0.144245,-0.0202266,0.853672,0.0955556,-0.243667,-0.011,0.0,0.0,1.0
-0.145555,-0.0158047,0.852362,0.0735972,-0.250403,-0.0114907,0.0,0.0,1.0
-0.141505,-0.00575781,0.856411,0.0250556,-0.254056,-0.0226296,0.0,0.0,1.0
-0.140609,-0.0131641,0.857307,0.0648611,-0.245167,-0.0217963,0.0,0.0,1.0
-0.131943,-0.00996094,0.865974,0.0440139,-0.248486,-0.01975,0.0,0.0,1.0
-0.132237,-0.0118516,0.86568,0.05825,-0.248111,-0.0256852,0.0,0.0,1.0
-0.117191,-0.0251484,0.880725,0.108778,-0.236778,-0.0211111,0.0,0.0,1.0
-0.118182,-0.0262969,0.879734,0.119083,-0.237833,-0.0256481,0.0,0.0,1.0
-0.116216,-0.0248125,0.881701,0.114222,-0.239556,-0.0305185,0.0,0.0,1.0
-0.109201,-0.0141641,0.888716,0.0502639,-0.254625,-0.0289907,0.0,0.0,1.0
-0.107962,-0.0124922,0.889954,0.0436667,-0.258389,-0.0289259,0.0,0.0,1.0
-0.102569,-0.0104219,0.895348,0.0371944,-0.26275,-0.0356667,0.0,0.0,1.0
-0.0957474,-0.0049375,0.902169,0.0138889,-0.271417,-0.0363519,0.0,0.0,1.0
-0.0951953,-0.00409375,0.902721,0.0114861,-0.277986,-0.0383981,0.0,0.0,1.0
-0.0895781,0.00389062,0.908339,-0.0114583,-0.263681,-0.0573796,0.0,0.0,1.0
-0.0883151,0.000578125,0.909602,-0.00188889,-0.238056,-0.0731852,0.0,0.0,1.0
-0.0885208,1.5625e-05,0.909396,-5.55556e-05,-0.235,-0.0771111,0.0,0.0,1.0
-0.0816953,0.00707813,0.916221,-0.0198611,-0.23675,-0.0889259,0.0,0.0,1.0
-0.0843411,0.00053125,0.913576,-0.00148611,-0.237208,-0.0845278,0.0,0.0,1.0
-0.0845169,0.00789844,0.9134,-0.022625,-0.239847,-0.102917,0.0,0.0,1.0
-0.0820521,0.00996875,0.915865,-0.0281389,-0.239028,-0.104889,0.0,0.0,1.0
-0.0794297,0.0038125,0.918487,-0.01,-0.244972,-0.0971667,0.0,0.0,1.0
-0.0765312,-0.0254844,0.921385,0.0827917,-0.216431,-0.079787,0.0,0.0,1.0
-0.0749831,0.000898438,0.922934,-0.00209722,-0.251347,-0.0904537,0.0,0.0,1.0
-0.0726458,-0.00222656,0.925271,0.00516667,-0.247389,-0.0855185,0.0,0.0,1.0
-0.0751263,-0.00496875,0.92279,0.0129444,-0.253889,-0.08,0.0,0.0,1.0
-0.0718464,-0.00892969,0.92607,0.0213333,-0.253417,-0.0723889,0.0,0.0,1.0
-0.0616185,-0.0428594,0.936298,0.167347,-0.171625,-0.09175,0.0,0.0,1.0
-0.0708802,-0.00805469,0.927036,0.0185417,-0.257597,-0.0668241,0.0,0.0,1.0
-0.0561895,-0.0462207,0.935067,0.158333,-0.163944,-0.0788889,0.0,0.0,1.0
-0.0659388,-0.00102344,0.931978,0.00198611,-0.266236,-0.0656759,0.0,0.0,1.0
-0.0665703,-0.00275,0.931346,0.00575,-0.254722,-0.0667593,0.0,0.0,1.0
-0.065832,0.0011875,0.932085,-0.00240278,-0.255347,-0.0708796,0.0,0.0,1.0
-0.0663893,0.00192969,0.931527,-0.003875,-0.260764,-0.0643241,0.0,0.0,1.0
-0.0652135,-0.00266406,0.932703,0.00520833,-0.271125,-0.0616204,0.0,0.0,1.0
-0.0653828,-0.0059375,0.932534,0.0124167,-0.2595,-0.0634259,0.0,0.0,1.0
-0.0648581,-0.00338281,0.933059,0.00643056,-0.276042,-0.04925,0.0,0.0,1.0
-0.0663151,-3.125e-05,0.931602,8.33333e-05,-0.274083,-0.0578889,0.0,0.0,1.0
-0.0649167,-0.00234375,0.933,0.00455556,-0.26975,-0.0569074,0.0,0.0,1.0
-0.0661328,-0.008625,0.931784,0.0196389,-0.2615,-0.052463,0.0,0.0,1.0
-0.066151,0.00120312,0.931766,-0.00266667,-0.259472,-0.0550185,0.0,0.0,1.0
-0.0625104,-0.00369531,0.935406,0.00681944,-0.271069,-0.0478981,0.0,0.0,1.0
-0.0620417,-0.000695313,0.935875,0.00125,-0.272778,-0.0473519,0.0,0.0,1.0
-0.0633411,-0.00278906,0.934575,0.00502778,-0.281139,-0.0512593,0.0,0.0,1.0
-0.0715807,0.000507812,0.926336,-0.000972222,-0.288833,-0.0521667,0.0,0.0,1.0
-0.0757422,0.0329453,0.922174,-0.123264,-0.243181,-0.042713,0.0,0.0,1.0
-0.0798841,0.00166406,0.918033,-0.00372222,-0.27825,-0.0599074,0.0,0.0,1.0
-0.080987,0.0285078,0.91693,-0.121083,-0.240417,-0.0465185,0.0,0.0,1.0
-0.0793255,0.00445312,0.918591,-0.0101944,-0.276667,-0.0652778,0.0,0.0,1.0
-0.0885703,0.0171328,0.909346,-0.0646111,-0.274333,-0.0544444,0.0,0.0,1.0
-0.0847786,0.0239297,0.913138,-0.0667222,-0.292056,-0.0498519,0.0,0.0,1.0
-0.0881615,0.00169531,0.909755,-0.00401389,-0.290625,-0.0583611,0.0,0.0,1.0
-0.0769583,0.0191328,0.920958,-0.0466667,-0.280889,-0.0636667,0.0,0.0,1.0
-0.0794167,0.00969531,0.9185,-0.0233194,-0.275125,-0.0661944,0.0,0.0,1.0
-0.0797253,0.0123281,0.918191,-0.0296667,-0.280528,-0.0634259,0.0,0.0,1.0
-0.0812904,0.0197187,0.916626,-0.0469722,-0.294083,-0.0531481,0.0,0.0,1.0
-0.0822721,0.0108672,0.915645,-0.0276806,-0.285986,-0.0593426,0.0,0.0,1.0
-0.0815755,0.00974219,0.916341,-0.0240278,-0.275167,-0.0490926,0.0,0.0,1.0
-0.0835807,0.0070625,0.914336,-0.0204306,-0.273042,-0.0485833,0.0,0.0,1.0
-0.084401,0.00797656,0.913516,-0.0228889,-0.273111,-0.0495556,0.0,0.0,1.0
-0.0807956,0.0038125,0.917121,-0.00902778,-0.270389,-0.0522778,0.0,0.0,1.0
-0.0812318,-0.00117969,0.916685,0.00281944,-0.275236,-0.0448426,0.0,0.0,1.0
-0.0804049,0.000875,0.917512,-0.002,-0.278361,-0.045537,0.0,0.0,1.0
-0.0817839,0.00192188,0.916133,-0.00463889,-0.265139,-0.0523704,0.0,0.0,1.0
-0.0805052,0.0135312,0.917411,-0.0334722,-0.281139,-0.0521111,0.0,0.0,1.0
-0.121234,-0.000820312,0.876682,0.00277778,-0.288139,-0.0303889,0.0,0.0,1.0
-0.132667,-0.00350781,0.86525,0.0129167,-0.284,-0.0348333,0.0,0.0,1.0
-0.130518,9.375e-05,0.867398,-0.000347222,-0.269569,-0.0384352,0.0,0.0,1.0
-0.147337,-0.000429687,0.850579,0.00263889,-0.267194,-0.0330741,0.0,0.0,1.0
-0.129844,0.000171875,0.868073,-0.000611111,-0.285,-0.0310741,0.0,0.0,1.0
-0.130164,0.000140625,0.867753,-0.000555556,-0.259611,-0.0375556,0.0,0.0,1.0
-0.135181,-0.00478906,0.862736,0.0204861,-0.251542,-0.0376019,0.0,0.0,1.0
-0.133583,-0.00146094,0.864333,0.00608333,-0.260194,-0.035963,0.0,0.0,1.0
-0.1316,-0.0011875,0.866316,0.00469444,-0.257833,-0.0299444,0.0,0.0,1.0
-0.12932,-0.000203125,0.868596,0.000791667,-0.258931,-0.0345463,0.0,0.0,1.0
-0.131141,0.000296875,0.866776,-0.00116667,-0.258111,-0.0334444,0.0,0.0,1.0
-0.129699,-0.000203125,0.868217,0.000777778,-0.260639,-0.0317593,0.0,0.0,1.0
-0.129633,-0.000367187,0.868284,0.00141667,-0.256611,-0.0311296,0.0,0.0,1.0
-0.128898,2.34375e-05,0.869018,-8.33333e-05,-0.256583,-0.0312963,0.0,0.0,1.0
-0.144073,-0.000132813,0.853844,0.000611111,-0.252083,-0.0354259,0.0,0.0,1.0
-0.151503,-0.0102031,0.846414,0.0518056,-0.238139,-0.00985185,0.0,0.0,1.0
-0.145464,-0.0182422,0.852453,0.0975556,-0.224472,0.00138889,0.0,0.0,1.0
-0.154404,-0.0110547,0.843513,0.0579167,-0.235222,-0.00998148,0.0,0.0,1.0
-0.158025,0.0001875,0.839892,-0.000972222,-0.227111,-0.0369444,0.0,0.0,1.0
-0.167812,-0.0138125,0.830104,0.109306,-0.217417,-0.0181852,0.0,0.0,1.0
-0.150362,0.0197578,0.847555,-0.111708,-0.219208,-0.0570833,0.0,0.0,1.0
-0.160025,-4.6875e-05,0.837892,0.000236111,-0.247681,-0.0421944,0.0,0.0,1.0
-0.159142,0.0241406,0.838775,-0.154667,-0.253528,-0.0472778,0.0,0.0,1.0
-0.151504,-0.0126641,0.846413,0.0609306,-0.252542,-0.00989815,0.0,0.0,1.0
-0.153033,-0.0105547,0.844884,0.0564722,-0.232861,-0.0245185,0.0,0.0,1.0
-0.154664,0.000742187,0.843253,-0.00356944,-0.245042,-0.0425093,0.0,0.0,1.0
-0.155194,0.00294531,0.842723,-0.0142639,-0.248097,-0.0504722,0.0,0.0,1.0
-0.155635,0.00264844,0.842281,-0.0123333,-0.259389,-0.0572222,0.0,0.0,1.0
-0.158078,0.00689063,0.839839,-0.03675,-0.234694,-0.060963,0.0,0.0,1.0
-0.156661,0.00534375,0.841255,-0.0269444,-0.242389,-0.0599259,0.0,0.0,1.0
-0.157503,0.00551562,0.840414,-0.0281667,-0.240722,-0.0601481,0.0,0.0,1.0
-0.15702,0.00557031,0.840897,-0.0286111,-0.239389,-0.0612963,0.0,0.0,1.0
-0.157102,0.00564063,0.840815,-0.0285694,-0.242208,-0.0629167,0.0,0.0,1.0
-0.156857,0.004125,0.84106,-0.0208056,-0.243833,-0.0627593,0.0,0.0,1.0
-0.157181,0.00442187,0.840736,-0.0213611,-0.255083,-0.0562963,0.0,0.0,1.0
-0.160089,0.00940625,0.837828,-0.0524861,-0.231931,-0.0754907,0.0,0.0,1.0
-0.159504,0.0141563,0.838413,-0.0830556,-0.218472,-0.0837963,0.0,0.0,1.0
-0.165932,0.00732031,0.831984,-0.0480556,-0.228417,-0.0679074,0.0,0.0,1.0
-0.169798,0.00953906,0.828119,-0.0698889,-0.227667,-0.067,0.0,0.0,1.0
-0.156208,1.11022e-16,0.841708,0.0,-0.250111,-0.0614074,0.0,0.0,1.0
-0.158829,0.00625,0.839087,-0.0341111,-0.231861,-0.0720556,0.0,0.0,1.0
-0.159517,0.00508594,0.8384,-0.0284444,-0.23325,-0.0710185,0.0,0.0,1.0
-0.159421,0.00733594,0.838496,-0.0412361,-0.231764,-0.0740463,0.0,0.0,1.0
-0.157659,0.00611719,0.840258,-0.0326944,-0.232056,-0.0734259,0.0,0.0,1.0
-0.167871,0.0236797,0.830046,-0.198736,-0.207819,-0.0706574,0.0,0.0,1.0
-0.152299,0.00347656,0.845617,-0.01775,-0.2335,-0.0722407,0.0,0.0,1.0
-0.151296,0.00825781,0.846621,-0.0422639,-0.234736,-0.0788796,0.0,0.0,1.0
-0.149372,0.00860156,0.848544,-0.04525,-0.238417,-0.079037,0.0,0.0,1.0
-0.162109,0.0165156,0.835807,-0.121472,-0.229083,-0.0646667,0.0,0.0,1.0
-0.160221,0.0192344,0.837695,-0.115639,-0.218889,-0.0966481,0.0,0.0,1.0
-0.161439,0.0150078,0.836478,-0.0857639,-0.227153,-0.101917,0.0,0.0,1.0
-0.160553,0.0150313,0.837363,-0.0890278,-0.222778,-0.103093,0.0,0.0,1.0
-0.174625,0.0170078,0.823292,-0.133056,-0.213083,-0.0910926,0.0,0.0,1.0
-0.167858,0.0179922,0.830059,-0.120556,-0.231583,-0.0866852,0.0,0.0,1.0
-0.172366,0.0178594,0.825551,-0.112083,-0.222833,-0.105833,0.0,0.0,1.0
-0.165445,0.0175,0.832471,-0.104056,-0.226333,-0.101074,0.0,0.0,1.0
-0.163232,0.017,0.834685,-0.0973333,-0.231444,-0.0988889,0.0,0.0,1.0
-0.163747,0.0171641,0.834169,-0.102944,-0.220639,-0.105241,0.0,0.0,1.0
-0.1695,0.0160313,0.828417,-0.107167,-0.234583,-0.0873148,0.0,0.0,1.0
-0.165272,0.0160625,0.832645,-0.0944722,-0.227806,-0.103,0.0,0.0,1.0
-0.171711,0.0191875,0.826206,-0.131056,-0.216444,-0.102037,0.0,0.0,1.0
-0.163021,0.0151484,0.834896,-0.0877361,-0.225458,-0.108083,0.0,0.0,1.0
-0.164984,0.0154063,0.832932,-0.0922778,-0.220444,-0.110593,0.0,0.0,1.0
-0.162544,0.0141016,0.835372,-0.0805833,-0.229389,-0.1075,0.0,0.0,1.0
-0.163654,0.0173047,0.834263,-0.101542,-0.227319,-0.104028,0.0,0.0,1.0
-0.163215,0.0142422,0.834702,-0.0788333,-0.237944,-0.0961481,0.0,0.0,1.0
-0.16244,0.00849219,0.835477,-0.0481944,-0.236667,-0.0870185,0.0,0.0,1.0
-0.159938,0.00134375,0.837979,-0.00666667,-0.248861,-0.0650556,0.0,0.0,1.0
-0.158342,-0.00028125,0.839574,0.00130556,-0.263972,-0.0509259,0.0,0.0,1.0
-0.171523,8.59375e-05,0.826393,-0.000486111,-0.261347,-0.0483611,0.0,0.0,1.0
-0.168978,0.0005625,0.828939,-0.003125,-0.234403,-0.0501759,0.0,0.0,1.0
-0.167053,-0.00942187,0.830863,0.0527639,-0.235653,-0.0358981,0.0,0.0,1.0
-0.164794,0.0149453,0.833122,-0.0866111,-0.231056,-0.0835556,0.0,0.0,1.0
-0.169375,-0.00425781,0.828542,0.0230556,-0.243333,-0.0454815,0.0,0.0,1.0
-0.168453,-0.000257812,0.829464,0.00138889,-0.244917,-0.0546111,0.0,0.0,1.0
-0.162797,0.0165312,0.83512,-0.0907361,-0.241208,-0.0858426,0.0,0.0,1.0
-0.168111,0.0,0.829806,2.77778e-05,-0.254306,-0.048963,0.0,0.0,1.0
-0.169437,0.00046875,0.828479,-0.00236111,-0.255722,-0.0456111,0.0,0.0,1.0
-0.16819,0.000289063,0.829727,-0.00145833,-0.254125,-0.0476574,0.0,0.0,1.0
-0.168333,0.0139453,0.829583,-0.0801111,-0.243778,-0.0733333,0.0,0.0,1.0
-0.19365,0.0126719,0.804267,-0.0944722,-0.239194,-0.0673704,0.0,0.0,1.0
-0.199479,0.0,0.798437,0.0,-0.252778,-0.0425926,0.0,0.0,1.0
-0.206008,-0.00021875,0.791909,0.001375,-0.250514,-0.039713,0.0,0.0,1.0
-0.213514,0.000765625,0.784402,-0.00511111,-0.251306,-0.0430926,0.0,0.0,1.0
-0.216768,-0.00021875,0.781148,0.00144444,-0.253194,-0.0342778,0.0,0.0,1.0
-0.214581,-0.000171875,0.783336,0.00108333,-0.256111,-0.0287963,0.0,0.0,1.0
-0.215357,-0.000414062,0.78256,0.00272222,-0.256472,-0.0278704,0.0,0.0,1.0
-0.216281,-8.59375e-05,0.781635,0.000597222,-0.254181,-0.0266944,0.0,0.0,1.0
-0.216658,0.000523438,0.781259,-0.0035,-0.254,-0.0254815,0.0,0.0,1.0
-0.221612,0.00357031,0.776305,-0.0260139,-0.248986,-0.03275,0.0,0.0,1.0
-0.245059,0.000375,0.752858,-0.003,-0.242389,-0.0212593,0.0,0.0,1.0
-0.258341,0.00139063,0.739576,-0.0124167,-0.237472,-0.0215556,0.0,0.0,1.0
-0.260319,0.000109375,0.737598,-0.000944444,-0.240944,-0.020037,0.0,0.0,1.0
-0.27153,-5.46875e-05,0.726387,0.000444444,-0.240667,-0.0171852,0.0,0.0,1.0
-0.277573,5.55112e-17,0.720344,0.0,-0.238472,-0.0182407,0.0,0.0,1.0
-0.276938,-0.000203125,0.720979,0.00181944,-0.239264,-0.0178611,0.0,0.0,1.0
-0.276786,0.0003125,0.72113,-0.00277778,-0.237194,-0.0212407,0.0,0.0,1.0
-0.278107,-0.000421875,0.71981,0.00376389,-0.236542,-0.0156204,0.0,0.0,1.0
-0.277865,0.000375,0.720052,-0.00343056,-0.234069,-0.0194167,0.0,0.0,1.0
-0.280208,1.66533e-16,0.717708,0.0,-0.233333,-0.0222222,0.0,0.0,1.0
-0.27771,0.0004375,0.720207,-0.00431944,-0.215681,-0.0173796,0.0,0.0,1.0
-0.284109,0.0003125,0.713807,-0.00313889,-0.217306,-0.0154444,0.0,0.0,1.0
-0.286464,0.00335156,0.711453,-0.033,-0.224972,-0.0219074,0.0,0.0,1.0
-0.290297,0.00090625,0.70762,-0.00936111,-0.223667,-0.0128704,0.0,0.0,1.0
-0.29176,0.00452344,0.706156,-0.0454167,-0.221889,-0.0246481,0.0,0.0,1.0
-0.287336,0.00315625,0.710581,-0.031,-0.225306,-0.0185,0.0,0.0,1.0
-0.288656,0.0020625,0.70926,-0.0202917,-0.226208,-0.0168056,0.0,0.0,1.0
-0.290207,0.000703125,0.70771,-0.00711111,-0.222778,-0.015963,0.0,0.0,1.0
-0.285156,0.00341406,0.71276,-0.0329722,-0.225417,-0.020037,0.0,0.0,1.0
-0.293151,0.000210938,0.704766,-0.00220833,-0.222514,-0.0151204,0.0,0.0,1.0
-0.288568,0.00025,0.709349,-0.00266667,-0.212889,-0.0197407,0.0,0.0,1.0
-0.283374,0.000953125,0.714543,-0.00916667,-0.225528,-0.017463,0.0,0.0,1.0
-0.290592,0.000367187,0.707324,-0.00391667,-0.220306,-0.0209259,0.0,0.0,1.0
-0.285764,-1.5625e-05,0.712152,0.000125,-0.220347,-0.0172315,0.0,0.0,1.0
-0.288406,0.000132813,0.70951,-0.00136111,-0.216944,-0.0187222,0.0,0.0,1.0
-0.284823,0.00246094,0.713094,-0.0236944,-0.225417,-0.0077037,0.0,0.0,1.0
-0.282409,0.00470312,0.715508,-0.0461667,-0.219083,-0.0126111,0.0,0.0,1.0
-0.287229,0.00449219,0.710688,-0.04675,-0.215194,-0.00722222,0.0,0.0,1.0
-0.280703,0.00678906,0.717214,-0.0687778,-0.210222,-0.00392593,0.0,0.0,1.0
-0.275957,0.00905469,0.72196,-0.0929444,-0.203111,0.00577778,0.0,0.0,1.0
-0.279978,0.00826562,0.717939,-0.0893889,-0.195861,0.0138704,0.0,0.0,1.0
-0.278576,0.00891406,0.719341,-0.0976528,-0.192236,0.0164167,0.0,0.0,1.0
-0.277186,0.00728906,0.72073,-0.0793056,-0.193306,0.0179259,0.0,0.0,1.0
-0.277201,0.0079375,0.720716,-0.0819722,-0.202667,0.0260185,0.0,0.0,1.0
-0.27818,0.006125,0.719737,-0.0617778,-0.208083,0.0309444,0.0,0.0,1.0
-0.283342,0.00671094,0.714574,-0.0704861,-0.204014,0.0281759,0.0,0.0,1.0
-0.260948,0.00590625,0.736969,-0.0570556,-0.204111,0.0326667,0.0,0.0,1.0
-0.280445,0.00499219,0.717471,-0.0477917,-0.198431,0.0209907,0.0,0.0,1.0
-0.280648,0.00403125,0.717268,-0.0410972,-0.189708,0.0157685,0.0,0.0,1.0
-0.284518,0.00378906,0.713398,-0.03825,-0.19,0.0152037,0.0,0.0,1.0
-0.278659,0.007972,0.712266,-0.0427778,-0.185167,0.0159259,0.0,0.0,1.0
-0.276337,0.0185716,0.704249,-0.100208,-0.173458,0.0167685,0.0,0.0,1.0
-0.284354,0.0160417,0.698354,-0.0920972,-0.165153,0.00910185,0.0,0.0,1.0
-0.28475,0.00782812,0.700781,-0.0436944,-0.161444,0.00161111,0.0,0.0,1.0
-0.271148,0.00397656,0.693005,-0.0205556,-0.16575,0.000833333,0.0,0.0,1.0
-0.256922,0.00375,0.673781,-0.0187361,-0.162514,-0.00202778,0.0,0.0,1.0
-0.249641,0.00675,0.663427,-0.035,-0.152,-0.00459259,0.0,0.0,1.0
-0.245359,0.0079375,0.663927,-0.0417778,-0.147583,-0.00801852,0.0,0.0,1.0
-0.234938,0.00671875,0.652417,-0.034625,-0.144208,-0.00939815,0.0,0.0,1.0
-0.210719,0.0115469,0.641344,-0.0505833,-0.152139,-0.00492593,0.0,0.0,1.0
-0.242047,5.55112e-17,0.563594,0.0,-0.237139,0.036463,0.0,0.0,1.0
-0.234172,5.55112e-17,0.566885,0.0,-0.240389,0.0297407,0.0,0.0,1.0
-0.226281,1.11022e-16,0.53775,0.0,-0.243694,0.0285741,0.0,0.0,1.0
-0.218391,1.11022e-16,0.505052,0.0,-0.246972,0.0414259,0.0,0.0,1.0
-0.252891,5.55112e-17,0.426281,0.0,-0.27575,0.0282407,0.0,0.0,1.0
-0.287375,2.77556e-17,0.347521,0.0,-0.304556,0.015037,0.0,0.0,1.0
-0.321875,2.77556e-17,0.26875,0.0,-0.333333,0.00185185,0.0,0.0,1.0
-0.3,5.55112e-17,0.208333,0.0,-0.316667,-0.0314815,0.0,0.0,1.0
-0.3125,6.93889e-17,0.146875,0.0,-0.333333,-0.0240741,0.0,0.0,1.0
-0.326562,4.16334e-17,0.122917,0.0,-0.318056,-0.0472222,0.0,0.0,1.0
-0.322891,2.77556e-17,0.116615,0.0,-0.314389,-0.0514444,0.0,0.0,1.0
-0.319219,4.16334e-17,0.110312,0.0,-0.310694,-0.0556481,0.0,0.0,1.0
-0.249656,0.0264688,0.049375,-0.0917361,-0.227597,-0.0690833,0.0,0.0,1.0
-0.250992,0.0260547,0.051651,-0.0903333,-0.228806,-0.0679444,0.0,0.0,1.0
-0.244297,0.0292031,0.0454583,-0.096625,-0.233403,-0.0712685,0.0,0.0,1.0
-0.240867,0.0202109,0.045724,-0.0633889,-0.242694,-0.0698704,0.0,0.0,1.0
-0.235727,0.0171484,0.0444427,-0.0517917,-0.246597,-0.0716574,0.0,0.0,1.0
-0.239883,0.0195859,0.0455365,-0.0612917,-0.242319,-0.0745093,0.0,0.0,1.0
-0.236563,0.0172031,0.0452604,-0.0529861,-0.242819,-0.0719722,0.0,0.0,1.0
-0.240547,0.0192969,0.0485208,-0.060625,-0.241958,-0.0695833,0.0,0.0,1.0
-0.242453,0.0181094,0.0501667,-0.058,-0.23925,-0.0682778,0.0,0.0,1.0
-0.246008,0.0201016,0.0514844,-0.0658333,-0.237472,-0.0666852,0.0,0.0,1.0
-0.246461,0.0237734,0.0492344,-0.0774028,-0.239208,-0.0674722,0.0,0.0,1.0
-0.244305,0.0191016,0.0473802,-0.0615,-0.239833,-0.0652222,0.0,0.0,1.0
-0.249359,0.0169375,0.0414896,-0.0553472,-0.241208,-0.0635833,0.0,0.0,1.0
-0.254414,0.0100703,0.038776,-0.0337778,-0.239667,-0.0617407,0.0,0.0,1.0
-0.263164,0.000242187,0.0272552,-0.000861111,-0.233472,-0.0631111,0.0,0.0,1.0
-0.260062,-0.00071875,0.0233125,0.00248611,-0.237569,-0.0576019,0.0,0.0,1.0
-0.256156,-0.00096875,0.02025,0.00327778,-0.239639,-0.0587222,0.0,0.0,1.0
-0.258453,-0.0135625,0.0210312,0.0469028,-0.236181,-0.0564907,0.0,0.0,1.0
-0.249711,-0.00238281,0.0183385,0.00790278,-0.238125,-0.0596019,0.0,0.0,1.0
-0.244781,-0.0203125,0.0116875,0.0674167,-0.233167,-0.0618704,0.0,0.0,1.0
-0.247844,-0.0168594,0.0114271,0.0548333,-0.240806,-0.0636481,0.0,0.0,1.0
-0.241984,-0.0090625,0.00640625,0.0289722,-0.239361,-0.0676667,0.0,0.0,1.0
-0.250531,-0.00278125,0.000145833,0.00915278,-0.240403,-0.0699167,0.0,0.0,1.0
-0.256078,-0.00435938,-0.00166667,0.0147222,-0.239556,-0.0701111,0.0,0.0,1.0
-0.257172,-0.00359375,-0.0102396,0.01225,-0.238361,-0.0751482,0.0,0.0,1.0
-0.247742,-0.00421094,-0.0118802,0.0135556,-0.243083,-0.0769815,0.0,0.0,1.0
-0.248453,-0.00735937,-0.0144375,0.0246806,-0.234264,-0.07825,0.0,0.0,1.0
-0.249055,-0.0192734,-0.0163802,0.0657639,-0.230653,-0.0814167,0.0,0.0,1.0
-0.241648,-0.00378906,-0.0159323,0.0120694,-0.239597,-0.0783426,0.0,0.0,1.0
-0.227578,-0.0128125,-0.0238854,0.0387917,-0.237542,-0.0810648,0.0,0.0,1.0
-0.224031,-0.0164531,-0.0210312,0.0489306,-0.238042,-0.0804537,0.0,0.0,1.0
-0.21957,-0.0312891,-0.020599,0.0913194,-0.237736,-0.0793241,0.0,0.0,1.0
-0.211531,-0.040625,-0.0226875,0.113889,-0.238472,-0.0803519,0.0,0.0,1.0
-0.204219,-0.0527188,-0.0234167,0.140972,-0.241389,-0.0758333,0.0,0.0,1.0
-0.194773,-0.0588516,-0.0256094,0.156875,-0.230903,-0.0771018,0.0,0.0,1.0
-0.191781,-0.0571562,-0.027125,0.146764,-0.236042,-0.0766759,0.0,0.0,1.0
-0.188461,-0.0558047,-0.027901,0.140764,-0.236125,-0.0751204,0.0,0.0,1.0
-0.183687,-0.0761094,-0.0333646,0.192944,-0.229028,-0.0672407,0.0,0.0,1.0
-0.184219,-0.0612344,-0.0314271,0.150819,-0.236375,-0.0666944,0.0,0.0,1.0
-0.177172,-0.0620469,-0.0328958,0.151556,-0.22925,-0.058537,0.0,0.0,1.0
-0.170188,-0.0814844,-0.0340104,0.196819,-0.222681,-0.053213,0.0,0.0,1.0
-0.159789,-0.0889609,-0.034151,0.209722,-0.214222,-0.0527407,0.0,0.0,1.0
-0.153359,-0.0934687,-0.0372187,0.212833,-0.212861,-0.0470185,0.0,0.0,1.0
-0.147875,-0.099125,-0.0421458,0.232569,-0.199208,-0.0456574,0.0,0.0,1.0
-0.14643,-0.0992266,-0.0458073,0.228361,-0.201111,-0.0280926,0.0,0.0,1.0
-0.14357,-0.101727,-0.0494219,0.23225,-0.19875,-0.0206296,0.0,0.0,1.0
-0.136359,-0.108141,-0.0544375,0.255194,-0.182639,-0.00748148,0.0,0.0,1.0
-0.135031,-0.107578,-0.0564896,0.242944,-0.189,-0.00392593,0.0,0.0,1.0
-0.135602,-0.105305,-0.0611823,0.245889,-0.183556,-0.00122222,0.0,0.0,1.0
-0.144008,-0.100398,-0.067224,0.237958,-0.192042,-0.00497222,0.0,0.0,1.0
-0.120969,-0.116969,-0.0689583,0.2645,-0.169083,-0.0116852,0.0,0.0,1.0
-0.181922,-0.0285938,-0.0743854,0.0674583,-0.243708,-0.00789815,0.0,0.0,1.0
-0.178828,-0.0495469,-0.0715417,0.119806,-0.233778,-0.00953704,0.0,0.0,1.0
-0.18018,-0.0404922,-0.0723177,0.0955694,-0.241264,-0.00719444,0.0,0.0,1.0
-0.17782,-0.0422109,-0.0761823,0.100472,-0.236111,-0.00257407,0.0,0.0,1.0
-0.175125,-0.0531562,-0.0754167,0.129542,-0.227069,-0.00132407,0.0,0.0,1.0
-0.175023,-0.0454922,-0.0776719,0.107569,-0.233958,0.00113889,0.0,0.0,1.0
-0.173984,-0.0499063,-0.0772187,0.118806,-0.230944,0.000722222,0.0,0.0,1.0
-0.169078,-0.0582188,-0.0776979,0.137681,-0.225958,-0.00143519,0.0,0.0,1.0
-0.181625,-0.0154375,-0.0852083,0.0364861,-0.242819,0.000601852,0.0,0.0,1.0
-0.179539,-0.0315391,-0.0865469,0.0754722,-0.237139,-0.00196296,0.0,0.0,1.0
-0.179094,-0.0325937,-0.0857708,0.0783889,-0.235361,-0.00212963,0.0,0.0,1.0
-0.175508,-0.0381328,-0.0881406,0.0900278,-0.234861,-0.00344444,0.0,0.0,1.0
-0.174539,-0.0434141,-0.0906198,0.102694,-0.233222,-0.00405556,0.0,0.0,1.0
-0.171016,-0.0696719,-0.08825,0.172056,-0.218889,-0.00403704,0.0,0.0,1.0
-0.1695,-0.0726094,-0.0900729,0.179528,-0.216667,-0.00142593,0.0,0.0,1.0
-0.167586,-0.0741016,-0.0915469,0.179458,-0.218708,0.000435185,0.0,0.0,1.0
-0.164492,-0.0829609,-0.0946302,0.200125,-0.215514,0.00636111,0.0,0.0,1.0
-0.162727,-0.0823672,-0.0930052,0.194889,-0.217361,0.00464815,0.0,0.0,1.0
-0.169273,-0.0868984,-0.0972656,0.217833,-0.213417,0.00798148,0.0,0.0,1.0
-0.179891,-0.0777656,-0.0984167,0.200667,-0.220333,0.0052963,0.0,0.0,1.0
-0.176227,-0.0752422,-0.0964531,0.191056,-0.219389,0.00388889,0.0,0.0,1.0
-0.179328,-0.066625,-0.0946771,0.168194,-0.2245,-0.000240741,0.0,0.0,1.0
-0.1895,-0.0559531,-0.0927604,0.143681,-0.233208,-0.00439815,0.0,0.0,1.0
-0.214883,-0.0501797,-0.101828,0.147917,-0.230417,0.00433333,0.0,0.0,1.0
-0.231742,-0.0208984,-0.106828,0.0631944,-0.24225,-0.00125926,0.0,0.0,1.0
-0.232617,-0.0127578,-0.106078,0.0384028,-0.244208,-0.00358333,0.0,0.0,1.0
-0.231711,-0.0111328,-0.106109,0.0330833,-0.246361,-0.00866667,0.0,0.0,1.0
-0.231203,-0.01075,-0.10649,0.0311944,-0.25175,-0.0111481,0.0,0.0,1.0
-0.228828,-0.00809375,-0.108406,0.0236389,-0.247861,-0.00833333,0.0,0.0,1.0
-0.217828,0.000703125,-0.113042,-0.00184722,-0.260264,-0.00987963,0.0,0.0,1.0
-0.227531,-0.0244687,-0.108083,0.07275,-0.241917,-0.010037,0.0,0.0,1.0
-0.228852,-0.0341016,-0.10662,0.103806,-0.237611,-0.0117963,0.0,0.0,1.0
-0.234125,-0.0174219,-0.114698,0.0523056,-0.2465,-0.0131667,0.0,0.0,1.0
-0.249797,-0.00409375,-0.12974,0.0131944,-0.245528,-0.0134815,0.0,0.0,1.0
-0.253,-0.0009375,-0.145146,0.00313889,-0.240806,-0.0191481,0.0,0.0,1.0
-0.273078,-0.00021875,-0.136135,0.000791667,-0.239708,-0.01525,0.0,0.0,1.0
-0.268516,0.00176562,-0.138,-0.006,-0.249111,-0.018,0.0,0.0,1.0
-0.271297,-0.0330625,-0.138656,0.119931,-0.236319,-0.00634259,0.0,0.0,1.0
-0.275969,-0.0366719,-0.138135,0.135806,-0.235472,-0.0102963,0.0,0.0,1.0
-0.276922,-0.0330625,-0.141844,0.1225,-0.236194,-0.0169815,0.0,0.0,1.0
-0.2925,-0.0310781,-0.145448,0.121708,-0.236042,-0.0188056,0.0,0.0,1.0
-0.278812,-0.037,-0.141729,0.138056,-0.236167,-0.0211481,0.0,0.0,1.0
-0.276492,-0.0359141,-0.142974,0.131639,-0.238444,-0.0239444,0.0,0.0,1.0
-0.278719,-0.0414844,-0.143115,0.153875,-0.237458,-0.0300463,0.0,0.0,1.0
-0.279141,-0.0433437,-0.144177,0.163222,-0.23425,-0.0313148,0.0,0.0,1.0
-0.279227,-0.0366016,-0.144432,0.140792,-0.229403,-0.02875,0.0,0.0,1.0
-0.284102,-0.0330234,-0.146786,0.127292,-0.232931,-0.0319907,0.0,0.0,1.0
-0.288656,-0.0316875,-0.145917,0.125472,-0.230417,-0.0318889,0.0,0.0,1.0
-0.273695,-0.0420391,-0.149714,0.158431,-0.229542,-0.0393426,0.0,0.0,1.0
-0.269672,-0.0484375,-0.149865,0.182125,-0.226653,-0.04675,0.0,0.0,1.0
-0.267469,-0.0435625,-0.148062,0.159806,-0.230417,-0.0507407,0.0,0.0,1.0
-0.273195,-0.0247578,-0.148661,0.0910556,-0.23475,-0.0483148,0.0,0.0,1.0
-0.271258,-0.00144531,-0.144401,0.00483333,-0.256167,-0.0417778,0.0,0.0,1.0
-0.258375,-0.00867188,-0.150594,0.0295972,-0.239542,-0.0464167,0.0,0.0,1.0
-0.261453,-0.00914062,-0.151167,0.031125,-0.242569,-0.0476944,0.0,0.0,1.0
-0.257195,-0.00574219,-0.154339,0.0184444,-0.252861,-0.0471667,0.0,0.0,1.0
-0.267125,-0.0102187,-0.149729,0.0347083,-0.248569,-0.0513241,0.0,0.0,1.0
-0.274344,-0.00592188,-0.150844,0.0201528,-0.254597,-0.0386019,0.0,0.0,1.0
-0.282484,-0.0142812,-0.141927,0.0527361,-0.241681,-0.0450833,0.0,0.0,1.0
-0.284492,-0.00810156,-0.14262,0.0298056,-0.244389,-0.0394259,0.0,0.0,1.0
-0.287672,0.0001875,-0.144552,-0.000652778,-0.251597,-0.0280093,0.0,0.0,1.0
-0.282367,-0.0217422,-0.147526,0.0818056,-0.237167,-0.0379444,0.0,0.0,1.0
-0.266609,-0.00626562,-0.161729,0.0220833,-0.239,-0.0237222,0.0,0.0,1.0
-0.273773,-0.00324219,-0.164797,0.0116944,-0.239722,-0.0130556,0.0,0.0,1.0
-0.278555,-0.00158594,-0.172422,0.00576389,-0.241986,-0.0101759,0.0,0.0,1.0
-0.273977,-0.000492188,-0.17612,0.00169444,-0.248361,-0.00992593,0.0,0.0,1.0
-0.277023,-0.0113828,-0.182714,0.0421667,-0.236278,-0.010963,0.0,0.0,1.0
-0.254078,-0.0170156,-0.182646,0.0604167,-0.226194,-0.0292963,0.0,0.0,1.0
-0.367844,0.00398437,-0.28749,-0.0207639,-0.223347,-0.0221944,0.0,0.0,1.0
-0.384984,-0.000609375,-0.303583,0.00355556,-0.208611,-0.0308889,0.0,0.0,1.0
-0.390273,-0.00102344,-0.317224,0.00597222,-0.211944,-0.0252037,0.0,0.0,1.0
-0.415867,-0.000570312,-0.334839,0.00365278,-0.206819,-0.0288241,0.0,0.0,1.0
-0.413508,-0.00208594,-0.345797,0.0128333,-0.212694,-0.0272778,0.0,0.0,1.0
-0.430156,-0.00382813,-0.364073,0.0250556,-0.207333,-0.026,0.0,0.0,1.0
-0.433414,-0.00116406,-0.375016,0.00736111,-0.217611,-0.0279074,0.0,0.0,1.0
-0.421187,-0.00329687,-0.371281,0.0199444,-0.220222,-0.0252222,0.0,0.0,1.0
-0.403734,-0.0005625,-0.368844,0.00316667,-0.226778,-0.0241111,0.0,0.0,1.0
-0.407555,0.00100781,-0.371964,-0.00569444,-0.227444,-0.0261296,0.0,0.0,1.0
-0.400937,-0.00995313,-0.37349,0.0586111,-0.215361,-0.0199815,0.0,0.0,1.0
-0.398055,-0.00882031,-0.377016,0.0504722,-0.219778,-0.0227593,0.0,0.0,1.0
-0.397781,-0.0129375,-0.3735,0.0778333,-0.208889,-0.026963,0.0,0.0,1.0
-0.396562,-0.0157656,-0.373031,0.0942778,-0.209667,-0.0248889,0.0,0.0,1.0
-0.393109,-0.00395312,-0.378896,0.0213611,-0.229472,-0.0235556,0.0,0.0,1.0
-0.40357,-0.0107578,-0.385891,0.0649028,-0.211486,-0.0181944,0.0,0.0,1.0
-0.405266,-0.0145313,-0.386906,0.0889306,-0.209319,-0.0193426,0.0,0.0,1.0
-0.386953,-0.0103594,-0.380208,0.0585556,-0.216333,-0.0182593,0.0,0.0,1.0
-0.393281,-0.0090625,-0.385542,0.0520278,-0.216611,-0.0188704,0.0,0.0,1.0
-0.392773,-0.0119609,-0.39288,0.0678889,-0.218778,-0.0133333,0.0,0.0,1.0
-0.394125,-0.00840625,-0.405896,0.0474306,-0.220819,-0.00208333,0.0,0.0,1.0
-0.372094,-0.00896875,-0.4275,0.0478333,-0.220556,0.00218519,0.0,0.0,1.0
-0.388219,-0.00104688,-0.425073,0.00608333,-0.21075,-0.00411111,0.0,0.0,1.0
-0.390125,-0.00821875,-0.438229,0.0488056,-0.207833,-0.00298148,0.0,0.0,1.0
-0.386445,-0.0123672,-0.44313,0.07325,-0.206306,-0.00107407,0.0,0.0,1.0
-0.353211,-0.0178516,-0.460026,0.0925833,-0.215278,0.00901852,0.0,0.0,1.0
-0.351906,-0.0249531,-0.459427,0.131514,-0.211014,0.00441667,0.0,0.0,1.0
-0.344523,-0.0358672,-0.465443,0.180292,-0.216625,0.00937963,0.0,0.0,1.0
-0.338875,-0.000734375,-0.472344,0.00325,-0.242306,0.0238519,0.0,0.0,1.0
-0.334656,-0.0372344,-0.472865,0.186681,-0.210958,0.00723148,0.0,0.0,1.0
-0.357633,-0.0199766,-0.496005,0.100625,-0.224403,0.0231204,0.0,0.0,1.0
-0.357359,-0.0396406,-0.503646,0.213111,-0.210083,0.0230556,0.0,0.0,1.0
-0.381875,-0.036375,-0.509792,0.209333,-0.209694,0.0204259,0.0,0.0,1.0
-0.398903,-0.0190594,-0.524331,0.111875,-0.214764,0.0285278,0.0,0.0,1.0
-0.38072,-0.0287672,-0.52022,0.161778,-0.214,0.0230741,0.0,0.0,1.0
-0.382019,-0.0328938,-0.526919,0.184639,-0.215083,0.0262963,0.0,0.0,1.0
-0.39462,-0.0198859,-0.534549,0.109014,-0.227542,0.0312315,0.0,0.0,1.0
-0.385203,-0.002125,-0.529948,0.0109861,-0.235708,0.0193796,0.0,0.0,1.0
-0.390133,-0.000648437,-0.528609,0.00334722,-0.240347,0.021787,0.0,0.0,1.0
-0.391108,-0.00418594,-0.53278,0.0216111,-0.239694,0.0249815,0.0,0.0,1.0
-0.388396,-0.00612734,-0.540389,0.0317222,-0.237222,0.0264444,0.0,0.0,1.0
-0.383952,-0.0219367,-0.550177,0.112708,-0.236264,0.0258981,0.0,0.0,1.0
-0.400315,-0.00466953,-0.560533,0.0235972,-0.250375,0.0291944,0.0,0.0,1.0
-0.401965,-0.0146633,-0.570206,0.0789444,-0.236139,0.033537,0.0,0.0,1.0
-0.400166,-0.00065625,-0.582652,0.0035,-0.237361,0.0206111,0.0,0.0,1.0
-0.410523,-0.000563932,-0.589349,0.00547222,-0.237694,0.0205185,0.0,0.0,1.0
-0.417512,-0.00510937,-0.582488,0.0584583,-0.235236,0.0256019,0.0,0.0,1.0
-0.413435,-0.00451563,-0.586565,0.0490556,-0.243194,0.0248333,0.0,0.0,1.0
-0.412068,-0.0125942,-0.58215,0.108667,-0.236361,0.0284259,0.0,0.0,1.0
-0.410084,-0.0178281,-0.580025,0.1455,-0.233917,0.0293889,0.0,0.0,1.0
-0.410554,-0.0100509,-0.583875,0.0821667,-0.232056,0.0189259,0.0,0.0,1.0
-0.404745,-0.0150666,-0.584497,0.108222,-0.231444,0.0186296,0.0,0.0,1.0
-0.415606,-0.00635938,-0.584394,0.0749028,-0.226653,0.0113241,0.0,0.0,1.0
-0.412774,-0.00725885,-0.585958,0.076,-0.230694,0.0109074,0.0,0.0,1.0
-0.405571,-0.00190625,-0.594429,0.0204583,-0.242819,0.00443519,0.0,0.0,1.0
-0.411344,-0.00803125,-0.588656,0.0953889,-0.225306,0.00842593,0.0,0.0,1.0
-0.413889,-0.00564844,-0.586111,0.0679861,-0.224014,0.00119444,0.0,0.0,1.0
-0.414624,-0.00394531,-0.585376,0.0455556,-0.234306,5.55556e-05,0.0,0.0,1.0
-0.433894,-0.000421875,-0.566106,0.00476389,-0.253097,-0.00137963,0.0,0.0,1.0
-0.416122,-0.004875,-0.583878,0.0582083,-0.227764,-0.000490741,0.0,0.0,1.0
-0.419024,-0.00507031,-0.580976,0.0609167,-0.22775,-0.00166667,0.0,0.0,1.0
-0.409645,-0.000367187,-0.590355,0.00405556,-0.239667,0.000703704,0.0,0.0,1.0
-0.41543,-0.000265625,-0.58457,0.00304167,-0.237264,-0.00169444,0.0,0.0,1.0
-0.412854,0.00021875,-0.587146,-0.00241667,-0.235944,9.25926e-05,0.0,0.0,1.0
-0.413132,-0.000171875,-0.586868,0.00201389,-0.230125,0.00460185,0.0,0.0,1.0
-0.414548,-0.00142187,-0.585452,0.0169167,-0.226667,0.00538889,0.0,0.0,1.0
-0.418059,0.00059375,-0.581941,-0.00715278,-0.229819,0.00952778,0.0,0.0,1.0
-0.415246,-0.00153125,-0.584754,0.019,-0.224444,0.00862963,0.0,0.0,1.0
-0.410503,-0.00025,-0.589497,0.00302778,-0.228639,0.0149259,0.0,0.0,1.0
-0.351944,0.00389062,-0.648056,-0.0383194,-0.235347,0.00100926,0.0,0.0,1.0
-0.35369,0.00563281,-0.64631,-0.0575556,-0.236361,-0.000981482,0.0,0.0,1.0
-0.352232,-0.0005,-0.647768,0.00522222,-0.231639,0.0182778,0.0,0.0,1.0
-0.35584,0.000585938,-0.64416,-0.00608333,-0.234667,0.0209074,0.0,0.0,1.0
-0.344609,-0.000117187,-0.655391,0.00119444,-0.232056,0.0252407,0.0,0.0,1.0
-0.339154,0.00540625,-0.660846,-0.0521667,-0.238389,0.0132963,0.0,0.0,1.0
-0.336677,0.00341406,-0.663323,-0.0333889,-0.233806,0.0200556,0.0,0.0,1.0
-0.336348,-0.00360938,-0.663652,0.0332778,-0.240583,0.0364259,0.0,0.0,1.0
-0.334772,3.90625e-05,-0.665228,-0.000361111,-0.235278,0.0320556,0.0,0.0,1.0
-0.333706,-0.000601562,-0.666294,0.00538889,-0.238417,0.0335,0.0,0.0,1.0
-0.318163,-0.000989062,-0.659556,0.00413889,-0.240417,0.034,0.0,0.0,1.0
-0.330862,-0.00828047,-0.645158,0.0361944,-0.23925,0.0331111,0.0,0.0,1.0
-0.307977,-0.0198297,-0.645849,0.0814306,-0.237042,0.0316389,0.0,0.0,1.0
-0.304147,-0.0224969,-0.645681,0.0910556,-0.2375,0.0311111,0.0,0.0,1.0
-0.298516,-0.0236766,-0.645958,0.0931944,-0.239722,0.0292037,0.0,0.0,1.0
-0.307297,-0.0258266,-0.641333,0.105583,-0.237528,0.0295185,0.0,0.0,1.0
-0.295972,-0.0265031,-0.642335,0.104583,-0.237083,0.0286667,0.0,0.0,1.0
-0.265301,-0.0221742,-0.652898,0.0777222,-0.23925,0.0332778,0.0,0.0,1.0
-0.263912,-0.0199078,-0.64765,0.06925,-0.239833,0.0316481,0.0,0.0,1.0
-0.254059,-0.0200805,-0.654924,0.0675278,-0.238778,0.0336852,0.0,0.0,1.0
-0.249476,-0.0233586,-0.658578,0.0774167,-0.237917,0.0342593,0.0,0.0,1.0
-0.259402,-0.0287086,-0.665362,0.0990139,-0.237736,0.0390278,0.0,0.0,1.0
-0.26043,-0.0258391,-0.666724,0.0890278,-0.238861,0.0414074,0.0,0.0,1.0
-0.265601,-0.0224586,-0.670682,0.0783194,-0.240764,0.0420278,0.0,0.0,1.0
-0.266719,-0.0214594,-0.670073,0.0746111,-0.242472,0.0413889,0.0,0.0,1.0
-0.265113,-0.0219352,-0.672471,0.0769167,-0.238889,0.0420556,0.0,0.0,1.0
-0.271599,-0.0221305,-0.673899,0.0788194,-0.241069,0.0413796,0.0,0.0,1.0
-0.263898,-0.0225508,-0.676088,0.0778889,-0.241528,0.0392407,0.0,0.0,1.0
-0.261473,-0.0211664,-0.679326,0.0723889,-0.241556,0.0388519,0.0,0.0,1.0
-0.262227,-0.0239656,-0.679193,0.0829028,-0.239542,0.0374722,0.0,0.0,1.0
-0.257527,-0.0154703,-0.680768,0.0515,-0.244528,0.0389074,0.0,0.0,1.0
-0.283882,-0.0186731,-0.70049,0.0835,-0.235889,0.0432963,0.0,0.0,1.0
-0.294729,-0.00688281,-0.705271,0.0594306,-0.236931,0.0426759,0.0,0.0,1.0
-0.295352,-0.00433594,-0.704648,0.0377222,-0.238583,0.0391296,0.0,0.0,1.0
-0.297567,-0.000296875,-0.702433,0.00252778,-0.24225,0.0348148,0.0,0.0,1.0
-0.29999,-0.00170312,-0.70001,0.0151667,-0.240361,0.0303519,0.0,0.0,1.0
-0.299503,-0.00172656,-0.700497,0.0153611,-0.240056,0.0306852,0.0,0.0,1.0
-0.297952,-0.0046875,-0.702048,0.0419722,-0.23625,0.0256667,0.0,0.0,1.0
-0.299747,-0.00675,-0.700253,0.0619167,-0.233833,0.0268704,0.0,0.0,1.0
-0.297299,-0.00494531,-0.702701,0.0448056,-0.232444,0.0235,0.0,0.0,1.0
-0.293938,-0.00792969,-0.706062,0.0710694,-0.230097,0.0216389,0.0,0.0,1.0
-0.29318,-0.013625,-0.70682,0.122542,-0.227292,0.0205463,0.0,0.0,1.0
-0.293253,-0.00726563,-0.706747,0.0656389,-0.232972,0.0166296,0.0,0.0,1.0
-0.29003,-0.0085625,-0.70997,0.0748194,-0.234292,0.0165833,0.0,0.0,1.0
-0.286683,-0.00461719,-0.713317,0.0403056,-0.233889,0.0139074,0.0,0.0,1.0
-0.284471,-0.00638281,-0.715529,0.0538611,-0.235056,0.0151296,0.0,0.0,1.0
-0.284909,-0.00607812,-0.715091,0.0526389,-0.23625,0.0163333,0.0,0.0,1.0
-0.277354,0.000796875,-0.722646,-0.0065,-0.243889,0.012,0.0,0.0,1.0
-0.28959,0.00419531,-0.71041,-0.0370833,-0.240056,0.00394444,0.0,0.0,1.0
-0.289644,0.00683594,-0.710356,-0.0588056,-0.247083,0.00503704,0.0,0.0,1.0
-0.282301,0.00746875,-0.717699,-0.0627778,-0.245056,0.0052963,0.0,0.0,1.0
-0.277432,0.00834375,-0.722568,-0.0693194,-0.245403,0.00319444,0.0,0.0,1.0
-0.276653,0.00835156,-0.723347,-0.0698333,-0.244194,0.00412963,0.0,0.0,1.0
-0.274217,0.00855469,-0.725783,-0.0705278,-0.242417,0.00551852,0.0,0.0,1.0
-0.27504,0.00878125,-0.72496,-0.0726528,-0.247764,0.0065463,0.0,0.0,1.0
-0.2715,0.0100156,-0.7285,-0.0805278,-0.248806,0.00466667,0.0,0.0,1.0
-0.276498,0.00995313,-0.723502,-0.083,-0.248,0.004,0.0,0.0,1.0
-0.278675,0.00867969,-0.721325,-0.0712222,-0.250667,0.00507407,0.0,0.0,1.0
-0.277988,0.00921875,-0.722012,-0.0771111,-0.245111,0.00666667,0.0,0.0,1.0
-0.275933,0.009375,-0.724067,-0.0784444,-0.243028,0.00657407,0.0,0.0,1.0
-0.276217,0.01125,-0.723783,-0.0957222,-0.242028,0.0027963,0.0,0.0,1.0
-0.276875,0.0138047,-0.723125,-0.121333,-0.242139,-0.0045,0.0,0.0,1.0
-0.278423,0.0154297,-0.721577,-0.142444,-0.235694,-0.0087963,0.0,0.0,1.0
-0.283192,0.0140938,-0.716808,-0.130194,-0.237083,-0.00607407,0.0,0.0,1.0
-0.286922,0.0124219,-0.713078,-0.119389,-0.233917,-0.00475926,0.0,0.0,1.0
-0.293545,0.0109688,-0.706455,-0.112028,-0.233694,-0.00418519,0.0,0.0,1.0
-0.292067,0.0101484,-0.707933,-0.106792,-0.233319,-0.00610185,0.0,0.0,1.0
-0.292261,0.00959375,-0.707739,-0.0988056,-0.2305,-0.00272222,0.0,0.0,1.0
-0.294873,0.00950781,-0.705127,-0.101278,-0.229889,-0.00744444,0.0,0.0,1.0
-0.28696,0.00917969,-0.71304,-0.088375,-0.231181,-0.00276852,0.0,0.0,1.0
-0.296022,0.00889063,-0.703978,-0.0950556,-0.230611,-0.00877778,0.0,0.0,1.0
-0.296711,0.00922656,-0.703289,-0.0932917,-0.234319,-0.00247222,0.0,0.0,1.0
-0.282535,0.0104531,-0.717465,-0.0991111,-0.232083,-0.00805556,0.0,0.0,1.0
-0.285259,0.0127813,-0.714741,-0.118778,-0.236611,-0.00762963,0.0,0.0,1.0
-0.277864,0.0163281,-0.722136,-0.149278,-0.236833,-0.0163704,0.0,0.0,1.0
-0.274665,0.0192656,-0.725335,-0.172333,-0.239278,-0.0232222,0.0,0.0,1.0
-0.266782,0.0210781,-0.733218,-0.182972,-0.241611,-0.0300185,0.0,0.0,1.0
-0.276263,0.0214531,-0.723737,-0.194819,-0.240042,-0.0265278,0.0,0.0,1.0
-0.290295,0.0207031,-0.709705,-0.219667,-0.240972,-0.0462407,0.0,0.0,1.0
-0.275312,0.0217031,-0.724688,-0.198431,-0.238625,-0.0288611,0.0,0.0,1.0
-0.274117,0.0212891,-0.725882,-0.191389,-0.239917,-0.0286111,0.0,0.0,1.0
-0.279328,0.0218203,-0.720672,-0.214236,-0.241097,-0.0423981,0.0,0.0,1.0
-0.272607,0.0215391,-0.727393,-0.190944,-0.240972,-0.029463,0.0,0.0,1.0
-0.280275,0.0215781,-0.719725,-0.198028,-0.245306,-0.0287037,0.0,0.0,1.0
-0.282002,0.0216953,-0.717998,-0.203042,-0.243569,-0.0314907,0.0,0.0,1.0
-0.282389,0.0215625,-0.717611,-0.209444,-0.24125,-0.0379815,0.0,0.0,1.0
-0.282806,0.0215469,-0.717194,-0.203389,-0.243639,-0.0335741,0.0,0.0,1.0
-0.277566,0.0212188,-0.722434,-0.196472,-0.242083,-0.0322963,0.0,0.0,1.0
-0.276042,0.0216641,-0.723958,-0.190472,-0.244944,-0.024537,0.0,0.0,1.0
-0.275318,0.0211953,-0.724682,-0.189222,-0.240583,-0.028463,0.0,0.0,1.0
-0.274908,0.0216016,-0.725092,-0.201792,-0.241903,-0.0375278,0.0,0.0,1.0
-0.283796,0.0215469,-0.716204,-0.215458,-0.240986,-0.0418796,0.0,0.0,1.0
-0.275774,0.0213594,-0.724226,-0.204083,-0.244889,-0.0409444,0.0,0.0,1.0
-0.270969,0.0212812,-0.729031,-0.192194,-0.241306,-0.0342593,0.0,0.0,1.0
-0.268236,0.0218516,-0.731764,-0.186972,-0.246167,-0.0282037,0.0,0.0,1.0
-0.27476,0.0217813,-0.72524,-0.195861,-0.241472,-0.0286296,0.0,0.0,1.0
-0.288136,0.0224531,-0.711864,-0.249153,-0.241236,-0.0589722,0.0,0.0,1.0
-0.263367,0.0259844,-0.736633,-0.209597,-0.243208,-0.0269352,0.0,0.0,1.0
-0.264125,0.0259141,-0.735875,-0.208458,-0.245708,-0.0255833,0.0,0.0,1.0
-0.262971,0.0262891,-0.737029,-0.209625,-0.245014,-0.0258796,0.0,0.0,1.0
-0.260964,0.0255859,-0.739036,-0.2075,-0.242944,-0.0305926,0.0,0.0,1.0
-0.264193,0.0266484,-0.735807,-0.215875,-0.241958,-0.0255093,0.0,0.0,1.0
-0.254928,0.0255938,-0.745072,-0.201611,-0.241806,-0.0338333,0.0,0.0,1.0
-0.258716,0.0266953,-0.741284,-0.213083,-0.24125,-0.0319259,0.0,0.0,1.0
-0.255398,0.0266328,-0.744602,-0.210333,-0.240139,-0.0353519,0.0,0.0,1.0
-0.261266,0.0263516,-0.738734,-0.213167,-0.240056,-0.0316667,0.0,0.0,1.0
-0.258482,0.0272813,-0.741518,-0.219778,-0.240222,-0.0353333,0.0,0.0,1.0
-0.260222,0.0268438,-0.739778,-0.219583,-0.237,-0.0349815,0.0,0.0,1.0
-0.255334,0.0282031,-0.744666,-0.222056,-0.240444,-0.0372222,0.0,0.0,1.0
-0.255879,0.0281406,-0.744121,-0.223778,-0.239778,-0.036963,0.0,0.0,1.0
-0.262766,0.0270313,-0.737234,-0.219806,-0.237806,-0.0295185,0.0,0.0,1.0
-0.25594,0.0283984,-0.74406,-0.222,-0.242611,-0.0331481,0.0,0.0,1.0
-0.256863,0.028625,-0.743137,-0.229111,-0.236444,-0.0367037,0.0,0.0,1.0
-0.256503,0.0276406,-0.743497,-0.219333,-0.240528,-0.0357222,0.0,0.0,1.0
-0.253871,0.0281797,-0.746129,-0.218472,-0.241083,-0.0344444,0.0,0.0,1.0
-0.250132,0.0281719,-0.749868,-0.21525,-0.240806,-0.0345185,0.0,0.0,1.0
-0.249409,0.0269297,-0.750591,-0.198681,-0.243597,-0.0280833,0.0,0.0,1.0
-0.247035,0.0257604,-0.743288,-0.139889,-0.24875,-0.00490741,0.0,0.0,1.0
-0.245751,0.0195931,-0.738641,-0.0723611,-0.257111,0.00953704,0.0,0.0,1.0
-0.231013,0.00767109,-0.734269,-0.0215972,-0.259403,0.0114907,0.0,0.0,1.0
-0.222519,0.0259797,-0.73044,-0.0727778,-0.250944,0.0134815,0.0,0.0,1.0
-0.202991,0.0354891,-0.728087,-0.0911667,-0.249806,0.0107593,0.0,0.0,1.0
-0.199007,0.0244836,-0.726244,-0.0604583,-0.254681,0.0134352,0.0,0.0,1.0
-0.198384,0.0286742,-0.72762,-0.0706944,-0.25425,0.0152963,0.0,0.0,1.0
-0.205437,0.0226422,-0.725969,-0.0579722,-0.253556,0.0145,0.0,0.0,1.0
-0.201839,0.0255922,-0.726726,-0.0648333,-0.251806,0.0141667,0.0,0.0,1.0
-0.194083,0.0286437,-0.721399,-0.0699028,-0.251375,0.0159167,0.0,0.0,1.0
-0.120494,0.123822,-0.727298,-0.203681,-0.231514,0.014287,0.0,0.0,1.0
-0.192616,0.0296109,-0.7319,-0.0713333,-0.252667,0.013963,0.0,0.0,1.0
-0.177173,0.0394781,-0.736834,-0.0884444,-0.249944,0.0126667,0.0,0.0,1.0
-0.173104,0.0318227,-0.737038,-0.0697778,-0.249472,0.0140556,0.0,0.0,1.0
-0.140328,0.0862812,-0.735781,-0.161028,-0.237667,0.0151296,0.0,0.0,1.0
-0.159816,0.0427977,-0.736617,-0.0887361,-0.243597,0.0139167,0.0,0.0,1.0
-0.161236,0.0342359,-0.735355,-0.0710694,-0.245486,0.0126759,0.0,0.0,1.0
-0.159719,0.0316391,-0.734594,-0.0659167,-0.242278,0.011463,0.0,0.0,1.0
-0.15762,0.0338961,-0.733257,-0.0695833,-0.242722,0.0101667,0.0,0.0,1.0
-0.163149,0.0391523,-0.735974,-0.0846944,-0.238361,0.00648148,0.0,0.0,1.0
-0.11649,0.101084,-0.726077,-0.192264,-0.193542,0.0200833,0.0,0.0,1.0
-0.114064,0.102595,-0.725689,-0.193444,-0.191194,0.0241296,0.0,0.0,1.0
-0.116499,0.103062,-0.724479,-0.19675,-0.192861,0.0197778,0.0,0.0,1.0
-0.123664,0.0965234,-0.725161,-0.190722,-0.197806,0.0129444,0.0,0.0,1.0
-0.155374,0.0629836,-0.725093,-0.139125,-0.222319,0.00569444,0.0,0.0,1.0
-0.186364,0.0433,-0.717107,-0.106792,-0.238819,0.00612037,0.0,0.0,1.0
-0.206697,0.0341969,-0.710142,-0.0905556,-0.246667,0.0105556,0.0,0.0,1.0
-0.209586,0.0273094,-0.705953,-0.0721806,-0.250597,0.00958333,0.0,0.0,1.0
-0.206634,0.0325789,-0.706349,-0.0873056,-0.243694,0.00766667,0.0,0.0,1.0
-0.198989,0.0373422,-0.72068,-0.0885417,-0.265208,0.0149907,0.0,0.0,1.0
-0.208928,0.0162031,-0.710067,-0.0403333,-0.265306,0.0102037,0.0,0.0,1.0
-0.216404,-0.00193984,-0.706623,0.00518056,-0.256514,-0.000342593,0.0,0.0,1.0
-0.217523,0.00193594,-0.715495,-0.00523611,-0.253736,0.000824074,0.0,0.0,1.0
-0.222705,-0.00209141,-0.708616,0.00555556,-0.263889,0.00814815,0.0,0.0,1.0
-0.169512,-0.0886844,-0.7153,0.200472,-0.237,-0.00987037,0.0,0.0,1.0
-0.169859,-0.087218,-0.715114,0.200208,-0.233875,-0.00787963,0.0,0.0,1.0
-0.1568,-0.100191,-0.715638,0.221583,-0.224111,-0.00738889,0.0,0.0,1.0
-0.171882,-0.0841945,-0.709994,0.201472,-0.227028,-0.000592593,0.0,0.0,1.0
-0.218124,0.00945391,-0.716406,-0.0264167,-0.24675,0.0107037,0.0,0.0,1.0
-0.161814,-0.0912516,-0.712251,0.201681,-0.231403,0.00234259,0.0,0.0,1.0
-0.155673,-0.100298,-0.708438,0.218153,-0.226208,-0.00236111,0.0,0.0,1.0
-0.205095,-0.0637828,-0.68598,0.168556,-0.245278,-0.00181481,0.0,0.0,1.0
-0.2469,0.0268156,-0.687933,-0.0871389,-0.240167,0.0299074,0.0,0.0,1.0
-0.26076,0.00657422,-0.677663,-0.0226389,-0.239028,0.0257778,0.0,0.0,1.0
-0.252399,0.0166086,-0.682735,-0.0552917,-0.239569,0.02825,0.0,0.0,1.0
-0.253864,0.0207359,-0.685878,-0.0696389,-0.238944,0.0289815,0.0,0.0,1.0
-0.265491,0.0168625,-0.679192,-0.0584583,-0.242125,0.0308981,0.0,0.0,1.0
-0.267253,0.00107969,-0.671971,-0.00375,-0.242694,0.0279259,0.0,0.0,1.0
-0.255705,-0.0189836,-0.669043,0.0624861,-0.245514,0.0206204,0.0,0.0,1.0
-0.270938,0.00577813,-0.66775,-0.0207778,-0.238,0.0282593,0.0,0.0,1.0
-0.262877,-0.000411719,-0.66571,0.00144444,-0.242194,0.0276111,0.0,0.0,1.0
-0.254797,0.0140672,-0.668094,-0.0474444,-0.238861,0.0300185,0.0,0.0,1.0
-0.255428,0.0170172,-0.667358,-0.0582639,-0.235792,0.0283796,0.0,0.0,1.0
-0.250145,0.00869844,-0.670461,-0.0283056,-0.242917,0.0268889,0.0,0.0,1.0
-0.247845,0.00104688,-0.669032,-0.00341667,-0.240528,0.0292963,0.0,0.0,1.0
-0.23947,-0.00154453,-0.667365,0.00481944,-0.242681,0.0269352,0.0,0.0,1.0
-0.245465,0.00107422,-0.672049,-0.00347222,-0.240278,0.0298333,0.0,0.0,1.0
-0.249371,-0.00123047,-0.668195,0.00394444,-0.245389,0.0287407,0.0,0.0,1.0
-0.237162,0.026518,-0.678222,-0.0828056,-0.240028,0.0259259,0.0,0.0,1.0
-0.246217,0.0160781,-0.671114,-0.0517917,-0.241569,0.0277685,0.0,0.0,1.0
-0.243221,0.0172617,-0.675449,-0.0548194,-0.241958,0.0294722,0.0,0.0,1.0
-0.262486,0.00480937,-0.670866,-0.016125,-0.247347,0.0304352,0.0,0.0,1.0
-0.250316,0.0227531,-0.670898,-0.0731389,-0.246139,0.0284444,0.0,0.0,1.0
-0.252984,0.0324773,-0.669562,-0.109986,-0.236042,0.0283611,0.0,0.0,1.0
-0.256834,0.0145328,-0.67066,-0.0485972,-0.242764,0.0293426,0.0,0.0,1.0
-0.242011,-0.00203594,-0.663382,0.00622222,-0.251056,0.0281481,0.0,0.0,1.0
-0.260701,0.000936719,-0.668446,-0.00306944,-0.250681,0.0290833,0.0,0.0,1.0
-0.260236,0.0172016,-0.665355,-0.0578611,-0.244556,0.0300926,0.0,0.0,1.0
-0.256654,0.0198445,-0.664728,-0.0660556,-0.243694,0.0296852,0.0,0.0,1.0
-0.259458,0.0163109,-0.666472,-0.0533611,-0.250556,0.0311296,0.0,0.0,1.0
-0.256886,0.0192344,-0.664351,-0.0628472,-0.248458,0.0324722,0.0,0.0,1.0
-0.258999,0.021543,-0.666281,-0.0720278,-0.24475,0.0325556,0.0,0.0,1.0
-0.262933,0.0277406,-0.665153,-0.0939028,-0.245569,0.0347315,0.0,0.0,1.0
-0.275472,0.0159953,-0.656856,-0.0554167,-0.251222,0.0372778,0.0,0.0,1.0
-0.282822,0.0173078,-0.644215,-0.0623472,-0.248125,0.0395093,0.0,0.0,1.0
-0.302964,0.0228969,-0.645361,-0.0872222,-0.251389,0.0364815,0.0,0.0,1.0
-0.293871,0.0166555,-0.64106,-0.0627222,-0.246639,0.0409074,0.0,0.0,1.0
-0.301806,0.0178938,-0.645152,-0.0690556,-0.247222,0.0400741,0.0,0.0,1.0
-0.30313,0.015668,-0.645222,-0.0602222,-0.249194,0.0382037,0.0,0.0,1.0
-0.299845,0.0182039,-0.648823,-0.0701944,-0.24575,0.0335556,0.0,0.0,1.0
-0.298898,0.0158539,-0.646984,-0.0599167,-0.249889,0.0337222,0.0,0.0,1.0
-0.300493,0.0158289,-0.647339,-0.0604722,-0.248639,0.0312963,0.0,0.0,1.0
-0.310832,0.0226383,-0.653419,-0.0911667,-0.243917,0.0276111,0.0,0.0,1.0
-0.319116,0.0229345,-0.658765,-0.0988056,-0.242944,0.0252037,0.0,0.0,1.0
-0.317565,0.0250075,-0.658701,-0.110139,-0.240528,0.0241111,0.0,0.0,1.0
-0.319092,0.0262074,-0.65729,-0.122917,-0.238278,0.0245,0.0,0.0,1.0
-0.313941,0.0302827,-0.658713,-0.141,-0.235833,0.0268519,0.0,0.0,1.0
-0.32049,0.0288915,-0.654758,-0.141597,-0.239375,0.0328981,0.0,0.0,1.0
-0.327902,0.0185786,-0.656785,-0.0939583,-0.243264,0.03375,0.0,0.0,1.0
-0.330153,0.0125066,-0.660708,-0.0683056,-0.245,0.0355,0.0,0.0,1.0
-0.330536,0.0138175,-0.661688,-0.0913472,-0.231208,0.0397315,0.0,0.0,1.0
-0.331031,0.00805319,-0.665378,-0.0561944,-0.236083,0.046963,0.0,0.0,1.0
-0.329824,-0.000716406,-0.668883,0.00308333,-0.242111,0.0500556,0.0,0.0,1.0
-0.328718,-0.00501777,-0.666794,0.024625,-0.233903,0.0531204,0.0,0.0,1.0
-0.333862,-0.00630866,-0.66363,0.0471111,-0.229,0.053,0.0,0.0,1.0
-0.328527,-0.0126681,-0.663511,0.0801111,-0.2285,0.0558148,0.0,0.0,1.0
-0.327169,-0.0190927,-0.661895,0.127833,-0.225806,0.0650185,0.0,0.0,1.0
-0.32616,-0.0177926,-0.664677,0.125653,-0.222542,0.0689167,0.0,0.0,1.0
-0.323061,-0.0222029,-0.660549,0.128653,-0.226403,0.0689352,0.0,0.0,1.0
-0.319625,-0.0238566,-0.659349,0.119778,-0.227028,0.0697593,0.0,0.0,1.0
-0.320727,-0.0216771,-0.66395,0.125208,-0.231458,0.0746204,0.0,0.0,1.0
-0.320979,-0.0174395,-0.665877,0.0955,-0.233944,0.0753704,0.0,0.0,1.0
-0.325919,-0.014535,-0.664839,0.0879444,-0.235972,0.0745,0.0,0.0,1.0
-0.3252,-0.0145403,-0.66511,0.0851806,-0.237431,0.0759352,0.0,0.0,1.0
-0.326401,-0.0115883,-0.665735,0.0695417,-0.229653,0.0686944,0.0,0.0,1.0
-0.315947,-0.0211766,-0.664778,0.0950694,-0.243875,0.0718056,0.0,0.0,1.0
-0.313416,-0.00405547,-0.65559,0.0173611,-0.231,0.0532778,0.0,0.0,1.0
-0.319081,-0.00454375,-0.658252,0.0199722,-0.22925,0.0551852,0.0,0.0,1.0
-0.318623,-0.000422656,-0.656676,0.00186111,-0.228611,0.0481296,0.0,0.0,1.0
-0.325792,-0.001625,-0.66082,0.00722222,-0.231444,0.0438889,0.0,0.0,1.0
-0.323749,-0.000252344,-0.657499,0.00113889,-0.232972,0.0415926,0.0,0.0,1.0
-0.315848,-0.00246563,-0.647586,0.0103056,-0.238333,0.0380926,0.0,0.0,1.0
-0.354546,0.000971094,-0.639052,-0.00466667,-0.234028,0.0333148,0.0,0.0,1.0
-0.391056,-0.000371875,-0.60185,0.00197222,-0.232361,0.0304074,0.0,0.0,1.0
-0.386108,0.000567187,-0.597093,-0.00302778,-0.228972,0.0266667,0.0,0.0,1.0
-0.397289,-0.003875,-0.593047,0.0210556,-0.231194,0.0223148,0.0,0.0,1.0
-0.400316,0.000157812,-0.589815,-0.000888889,-0.224194,0.017463,0.0,0.0,1.0
-0.391087,-0.00106641,-0.59387,0.00572222,-0.230944,0.0160741,0.0,0.0,1.0
-0.395792,-0.000671875,-0.591247,0.00361111,-0.233611,0.011037,0.0,0.0,1.0
-0.361891,0.00522891,-0.613292,-0.0255278,-0.234111,0.00809259,0.0,0.0,1.0
-0.384794,-0.000564063,-0.597321,0.00297222,-0.2315,0.00516667,0.0,0.0,1.0
-0.385623,0.00308203,-0.59653,-0.0161944,-0.232472,-3.7037e-05,0.0,0.0,1.0
-0.388918,-0.000507031,-0.594216,0.00270833,-0.234208,-0.00376852,0.0,0.0,1.0
-0.407446,-0.00480189,-0.589529,0.0354167,-0.240139,-0.00403704,0.0,0.0,1.0
-0.378193,0.015768,-0.598389,-0.0825833,-0.22825,-0.00992593,0.0,0.0,1.0
-0.370495,0.015107,-0.598965,-0.0719167,-0.245972,-0.00222222,0.0,0.0,1.0
-0.408823,-0.000571875,-0.570247,0.003,-0.242,-0.00218519,0.0,0.0,1.0
-0.423259,-0.00970312,-0.558517,0.0528889,-0.245472,-0.0117963,0.0,0.0,1.0
-0.439851,-0.000641406,-0.55139,0.00370833,-0.240486,-0.00465741,0.0,0.0,1.0
-0.436709,-0.00293672,-0.544556,0.01625,-0.24925,0.000740741,0.0,0.0,1.0
-0.435331,-0.00865937,-0.547658,0.0467222,-0.255083,-0.00157407,0.0,0.0,1.0
-0.41515,-0.00797188,-0.535454,0.0419722,-0.249278,0.00661111,0.0,0.0,1.0
-0.406698,-0.00736562,-0.527164,0.0376806,-0.251431,0.00821296,0.0,0.0,1.0
-0.402516,0.00053125,-0.506219,-0.00273611,-0.244958,0.0114167,0.0,0.0,1.0
-0.398016,0.00454688,-0.490604,-0.0237083,-0.241153,0.00841667,0.0,0.0,1.0
-0.401109,0.005625,-0.47599,-0.0290972,-0.244847,0.0143981,0.0,0.0,1.0
-0.425047,0.0152812,-0.454844,-0.08625,-0.238028,0.0182593,0.0,0.0,1.0
-0.425797,0.0174688,-0.447073,-0.0995556,-0.236278,0.0187037,0.0,0.0,1.0
-0.414758,0.0182891,-0.436797,-0.102208,-0.234542,0.0200463,0.0,0.0,1.0
-0.409281,0.0170313,-0.436708,-0.0935556,-0.235528,0.0167593,0.0,0.0,1.0
-0.410313,0.0192812,-0.436667,-0.107417,-0.232667,0.0171667,0.0,0.0,1.0
-0.398898,0.0199141,-0.429161,-0.109222,-0.229833,0.0138148,0.0,0.0,1.0
-0.401805,0.0181016,-0.42837,-0.100458,-0.228764,0.00867593,0.0,0.0,1.0
-0.394789,0.0177734,-0.422974,-0.0974167,-0.227611,0.00290741,0.0,0.0,1.0
-0.41032,0.0170234,-0.416964,-0.0982083,-0.224819,0.00165741,0.0,0.0,1.0
-0.413203,0.00942187,-0.405958,-0.0557083,-0.220792,-0.00675,0.0,0.0,1.0
-0.423016,-0.000515625,-0.397563,0.00305556,-0.225278,-0.0208519,0.0,0.0,1.0
-0.420898,0.000554688,-0.39138,-0.00345833,-0.215097,-0.0233611,0.0,0.0,1.0
-0.423078,0.003375,-0.39124,-0.021125,-0.213542,-0.0218241,0.0,0.0,1.0
-0.430383,0.00330469,-0.386724,-0.0210278,-0.213833,-0.0258704,0.0,0.0,1.0
-0.420125,-0.0010625,-0.390792,0.00638889,-0.220611,-0.0217037,0.0,0.0,1.0
-0.410203,0.000484375,-0.387437,-0.00280556,-0.224139,-0.0293704,0.0,0.0,1.0
-0.41532,0.00117969,-0.384464,-0.00672222,-0.229583,-0.032537,0.0,0.0,1.0
-0.411859,0.00117188,-0.384062,-0.00666667,-0.226528,-0.0379074,0.0,0.0,1.0
-0.406063,0.00440625,-0.381104,-0.0251944,-0.224139,-0.0335556,0.0,0.0,1.0
-0.406516,0.00665625,-0.37949,-0.0378333,-0.225861,-0.0335,0.0,0.0,1.0
-0.401742,0.00541406,-0.378922,-0.0298194,-0.230403,-0.0315463,0.0,0.0,1.0
-0.396562,0.00426563,-0.375781,-0.0233194,-0.229653,-0.0345833,0.0,0.0,1.0
-0.393445,0.00117969,-0.37613,-0.00633333,-0.23175,-0.0341667,0.0,0.0,1.0
-0.391187,0.00129687,-0.372156,-0.00691667,-0.232139,-0.0340741,0.0,0.0,1.0
-0.386367,0.00257031,-0.362089,-0.013875,-0.226569,-0.0317685,0.0,0.0,1.0
-0.372016,0.00584375,-0.354073,-0.0299028,-0.229764,-0.0336389,0.0,0.0,1.0
-0.367086,0.00849219,-0.345026,-0.0431667,-0.22825,-0.0365,0.0,0.0,1.0
-0.362859,0.0019375,-0.337677,-0.00970833,-0.228819,-0.0406759,0.0,0.0,1.0
-0.365547,0.0014375,-0.332156,-0.00729167,-0.227681,-0.04175,0.0,0.0,1.0
-0.369703,-0.00282812,-0.324271,0.0144583,-0.228375,-0.045213,0.0,0.0,1.0
-0.359117,-0.000992188,-0.321286,0.00486111,-0.232306,-0.041963,0.0,0.0,1.0
-0.366641,-0.00351562,-0.316604,0.0175694,-0.232347,-0.0443056,0.0,0.0,1.0
-0.359344,-0.00584375,-0.317917,0.028375,-0.233903,-0.0388241,0.0,0.0,1.0
-0.358719,-0.00248437,-0.319156,0.0123889,-0.227722,-0.0448889,0.0,0.0,1.0
-0.351672,-0.00129687,-0.320104,0.00619444,-0.232639,-0.042,0.0,0.0,1.0
-0.357328,-0.00526563,-0.31525,0.0254167,-0.233917,-0.0402963,0.0,0.0,1.0
-0.345898,-0.000164062,-0.317953,0.000777778,-0.232833,-0.0437778,0.0,0.0,1.0
-0.34832,-0.00396094,-0.311661,0.0185278,-0.235667,-0.0411296,0.0,0.0,1.0
-0.350922,-0.00110938,-0.314083,0.00536111,-0.229944,-0.0438333,0.0,0.0,1.0
-0.349641,-0.003,-0.308281,0.013875,-0.238764,-0.0382315,0.0,0.0,1.0
-0.366039,-0.00725781,-0.293474,0.0348889,-0.24075,-0.0377963,0.0,0.0,1.0
-0.361781,-0.00678125,-0.28825,0.0331667,-0.233722,-0.0428148,0.0,0.0,1.0
-0.367703,-0.00753125,-0.289573,0.036375,-0.240625,-0.0396204,0.0,0.0,1.0
-0.367344,-0.00370313,-0.288865,0.0187083,-0.230014,-0.0481574,0.0,0.0,1.0
-0.370914,-0.00539844,-0.28863,0.0268333,-0.23575,-0.0437963,0.0,0.0,1.0
-0.365156,-0.00673437,-0.286302,0.0327222,-0.237417,-0.0407222,0.0,0.0,1.0
-0.361594,-0.0046875,-0.287854,0.0222639,-0.240597,-0.04175,0.0,0.0,1.0
-0.364609,-0.00545313,-0.286292,0.0264583,-0.237569,-0.0446204,0.0,0.0,1.0
-0.361969,-0.00273437,-0.281781,0.0131389,-0.2375,-0.0463519,0.0,0.0,1.0
-0.36418,-0.00511719,-0.28338,0.0246389,-0.239167,-0.0447593,0.0,0.0,1.0
-0.358797,-0.00504688,-0.286292,0.0235972,-0.242514,-0.0426389,0.0,0.0,1.0
-0.360867,-0.00352344,-0.284443,0.0165694,-0.242458,-0.0430648,0.0,0.0,1.0
-0.36382,-0.00564844,-0.279849,0.0267083,-0.243014,-0.0423426,0.0,0.0,1.0
-0.357883,-0.00510156,-0.283995,0.0239167,-0.241139,-0.0435556,0.0,0.0,1.0
-0.353836,-0.00550781,-0.281443,0.0252222,-0.244333,-0.0428889,0.0,0.0,1.0
-0.34975,-0.00110938,-0.287531,0.00511111,-0.241111,-0.0478148,0.0,0.0,1.0
-0.363781,-0.0090625,-0.278937,0.0422361,-0.246681,-0.0386019,0.0,0.0,1.0
-0.355477,-0.00755469,-0.279995,0.0342083,-0.248292,-0.0416389,0.0,0.0,1.0
-0.372961,-0.00317969,-0.278714,0.0154444,-0.243,-0.0454815,0.0,0.0,1.0
-0.369563,-0.00615625,-0.274687,0.0291111,-0.247194,-0.0430185,0.0,0.0,1.0
-0.357789,-0.00830469,-0.273974,0.0382778,-0.245306,-0.0399074,0.0,0.0,1.0
-0.358453,-0.00920312,-0.273542,0.0418333,-0.249278,-0.0380741,0.0,0.0,1.0
-0.357344,-0.00809375,-0.282542,0.0369722,-0.247056,-0.0400926,0.0,0.0,1.0
-0.368758,-0.0107891,-0.276068,0.049875,-0.252264,-0.040213,0.0,0.0,1.0
-0.36275,-0.0129531,-0.27776,0.0589722,-0.251806,-0.0387407,0.0,0.0,1.0
-0.367,-0.0142344,-0.272448,0.0644722,-0.256,-0.0383519,0.0,0.0,1.0
-0.37018,-0.0151016,-0.266193,0.0704583,-0.250792,-0.0419537,0.0,0.0,1.0
-0.371516,-0.0132031,-0.272312,0.0615556,-0.252028,-0.0436481,0.0,0.0,1.0
-0.369055,-0.0129141,-0.273297,0.0595556,-0.253,-0.0440741,0.0,0.0,1.0
-0.370359,-0.0139375,-0.271219,0.0640278,-0.254778,-0.0413519,0.0,0.0,1.0
-0.36832,-0.0114453,-0.27313,0.0523333,-0.254611,-0.048037,0.0,0.0,1.0
-0.366094,-0.0133281,-0.271615,0.06175,-0.249694,-0.0438889,0.0,0.0,1.0
-0.367742,-0.0156328,-0.269422,0.0727222,-0.249833,-0.0407407,0.0,0.0,1.0
-0.36582,-0.0135703,-0.269297,0.0615833,-0.254806,-0.0422222,0.0,0.0,1.0
-0.365078,-0.0122969,-0.272375,0.0548056,-0.258861,-0.043,0.0,0.0,1.0
-0.364914,-0.0118516,-0.270318,0.0525417,-0.260181,-0.0455648,0.0,0.0,1.0
-0.368656,-0.0128125,-0.270125,0.0581389,-0.256694,-0.0439259,0.0,0.0,1.0
-0.365609,-0.0120469,-0.270021,0.0536944,-0.259139,-0.0465556,0.0,0.0,1.0
-0.364766,-0.0108906,-0.269313,0.0474028,-0.264653,-0.0458611,0.0,0.0,1.0
-0.364156,-0.0098125,-0.270375,0.041125,-0.274375,-0.0426204,0.0,0.0,1.0
-0.362898,-0.0110391,-0.271141,0.047375,-0.267236,-0.0422685,0.0,0.0,1.0
-0.36207,-0.0148672,-0.271339,0.0635278,-0.267611,-0.0383519,0.0,0.0,1.0
-0.365773,-0.0175078,-0.267849,0.0750556,-0.269583,-0.0361296,0.0,0.0,1.0
-0.367063,-0.0189219,-0.266781,0.08075,-0.271889,-0.0363889,0.0,0.0,1.0
-0.368094,-0.0174844,-0.267719,0.073,-0.278556,-0.0361852,0.0,0.0,1.0
-0.368461,-0.0183828,-0.266172,0.0784028,-0.272931,-0.039287,0.0,0.0,1.0
-0.368516,-0.0143125,-0.269115,0.059,-0.282472,-0.0406481,0.0,0.0,1.0
-0.372031,-0.0164062,-0.269854,0.0717222,-0.268861,-0.0436852,0.0,0.0,1.0
-0.366922,-0.0130312,-0.27299,0.053,-0.285056,-0.0418519,0.0,0.0,1.0
-0.367906,-0.0171719,-0.267656,0.0735,-0.271667,-0.0407037,0.0,0.0,1.0
-0.370539,-0.0171797,-0.268234,0.0733056,-0.274472,-0.0374444,0.0,0.0,1.0
-0.363937,-0.0225156,-0.271781,0.0927917,-0.279042,-0.0258611,0.0,0.0,1.0
-0.370703,-0.0193125,-0.26751,0.0821667,-0.275417,-0.0357963,0.0,0.0,1.0
-0.356172,-0.018,-0.267427,0.071,-0.285444,-0.0311111,0.0,0.0,1.0
-0.370469,-0.0226563,-0.266083,0.0950278,-0.279278,-0.0308704,0.0,0.0,1.0
-0.367359,-0.0194688,-0.265531,0.08225,-0.274778,-0.0369815,0.0,0.0,1.0
-0.365422,-0.0204687,-0.267094,0.0828056,-0.2855,-0.0294259,0.0,0.0,1.0
-0.375133,-0.0193828,-0.263172,0.0807083,-0.284653,-0.0343611,0.0,0.0,1.0
-0.369633,-0.0155391,-0.263026,0.0633056,-0.286778,-0.0404259,0.0,0.0,1.0
-0.36418,-0.0157109,-0.261036,0.0610278,-0.296361,-0.0345185,0.0,0.0,1.0
-0.372344,-0.0110469,-0.264469,0.0436111,-0.298,-0.0417407,0.0,0.0,1.0
-0.37882,-0.0122266,-0.269745,0.0510556,-0.286722,-0.0411111,0.0,0.0,1.0
-0.37768,3.90625e-05,-0.273984,-0.000138889,-0.296972,-0.0609259,0.0,0.0,1.0
-0.364766,-0.001125,-0.265552,0.00430556,-0.302056,-0.0523889,0.0,0.0,1.0
-0.375078,0.004375,-0.270177,-0.0175,-0.296111,-0.0741481,0.0,0.0,1.0
-0.383734,0.0005,-0.262323,-0.002,-0.302167,-0.0642963,0.0,0.0,1.0
-0.348531,0.00539062,-0.261594,-0.0195139,-0.304319,-0.0646019,0.0,0.0,1.0
-0.387672,-0.00617188,-0.257146,0.0256111,-0.295361,-0.055463,0.0,0.0,1.0
-0.374609,-0.00821875,-0.261427,0.0331667,-0.293389,-0.0558148,0.0,0.0,1.0
-0.386766,-0.010875,-0.253531,0.0456944,-0.291111,-0.0502778,0.0,0.0,1.0
-0.382641,0.00065625,-0.261719,-0.00265278,-0.300569,-0.0593426,0.0,0.0,1.0
-0.346125,0.0311562,-0.281396,-0.113431,-0.300431,-0.0750833,0.0,0.0,1.0
-0.380867,0.0279297,-0.242828,-0.11075,-0.303611,-0.0696852,0.0,0.0,1.0
-0.413469,0.0139844,-0.243073,-0.0626944,-0.291389,-0.0796852,0.0,0.0,1.0
-0.414906,0.0199687,-0.247583,-0.0869306,-0.301292,-0.0782315,0.0,0.0,1.0
-0.400109,0.00439062,-0.251146,-0.0192222,-0.288667,-0.0831111,0.0,0.0,1.0
-0.383578,-0.0400625,-0.25174,0.165944,-0.292667,-0.0638148,0.0,0.0,1.0
-0.37125,-0.0488281,-0.250927,0.192278,-0.297972,-0.060537,0.0,0.0,1.0
-0.368492,-0.0485703,-0.255922,0.187931,-0.300986,-0.0604722,0.0,0.0,1.0
-0.372844,-0.0466875,-0.255625,0.180806,-0.304361,-0.0634074,0.0,0.0,1.0
-0.369047,-0.048625,-0.251552,0.187222,-0.302861,-0.062537,0.0,0.0,1.0
-0.364,-0.0485156,-0.248385,0.182056,-0.3065,-0.0615185,0.0,0.0,1.0
-0.363313,-0.0478125,-0.246583,0.179736,-0.305431,-0.0620093,0.0,0.0,1.0
-0.365125,-0.0492813,-0.248292,0.189472,-0.300139,-0.0596296,0.0,0.0,1.0
-0.363289,-0.0449297,-0.246182,0.168875,-0.305458,-0.0688426,0.0,0.0,1.0
-0.360305,-0.0493359,-0.243557,0.184847,-0.303931,-0.0651204,0.0,0.0,1.0
-0.345289,-0.0493359,-0.248109,0.174972,-0.307694,-0.0603333,0.0,0.0,1.0
-0.33868,-0.0521797,-0.252172,0.185417,-0.30125,-0.0587778,0.0,0.0,1.0
-0.342523,-0.0548672,-0.251734,0.204056,-0.291056,-0.0588519,0.0,0.0,1.0
-0.341672,-0.0557187,-0.25076,0.205875,-0.292236,-0.0584352,0.0,0.0,1.0
-0.343305,-0.0548672,-0.24963,0.202556,-0.293917,-0.0596481,0.0,0.0,1.0
-0.333617,-0.0563359,-0.249839,0.204361,-0.290667,-0.0573148,0.0,0.0,1.0
-0.337656,-0.0588906,-0.245615,0.216153,-0.290764,-0.0612315,0.0,0.0,1.0
-0.337984,-0.0567344,-0.247333,0.211194,-0.286944,-0.0610185,0.0,0.0,1.0
-0.339984,-0.058875,-0.248677,0.220125,-0.287403,-0.0604352,0.0,0.0,1.0
-0.339172,-0.0589219,-0.249083,0.220833,-0.285944,-0.0602963,0.0,0.0,1.0
-0.341898,-0.0575547,-0.248661,0.22,-0.282667,-0.0616296,0.0,0.0,1.0
-0.343289,-0.0576172,-0.247057,0.221056,-0.282833,-0.0627778,0.0,0.0,1.0
-0.341469,-0.0582031,-0.246052,0.220972,-0.284278,-0.0632407,0.0,0.0,1.0
-0.344648,-0.0566953,-0.247172,0.220083,-0.280611,-0.062537,0.0,0.0,1.0
-0.344156,-0.0574219,-0.247323,0.221278,-0.282278,-0.0619259,0.0,0.0,1.0
-0.348422,-0.0566719,-0.2455,0.221542,-0.281736,-0.0630278,0.0,0.0,1.0
-0.349594,-0.0560312,-0.248396,0.221972,-0.278889,-0.0597963,0.0,0.0,1.0
-0.345812,-0.0576875,-0.246729,0.227347,-0.277347,-0.0620463,0.0,0.0,1.0
-0.348,-0.0563281,-0.246365,0.222319,-0.278681,-0.06175,0.0,0.0,1.0
-0.344297,-0.0568125,-0.245531,0.222778,-0.277472,-0.0618333,0.0,0.0,1.0
-0.342883,-0.0561797,-0.245484,0.220778,-0.275722,-0.0614815,0.0,0.0,1.0
-0.340094,-0.0577656,-0.244031,0.223042,-0.278347,-0.0610833,0.0,0.0,1.0
-0.341711,-0.0562578,-0.246161,0.224028,-0.271194,-0.0628148,0.0,0.0,1.0
-0.360555,-0.0574922,-0.24888,0.237889,-0.275417,-0.0576481,0.0,0.0,1.0
-0.344219,-0.0579375,-0.244792,0.228417,-0.275944,-0.060537,0.0,0.0,1.0
-0.344805,-0.0573516,-0.244214,0.227764,-0.274403,-0.0605648,0.0,0.0,1.0
-0.341188,-0.0580469,-0.245302,0.227722,-0.274889,-0.0597778,0.0,0.0,1.0
-0.335336,-0.0586641,-0.250828,0.226236,-0.274792,-0.0559722,0.0,0.0,1.0
-0.342594,-0.0587969,-0.247656,0.231,-0.275611,-0.0572593,0.0,0.0,1.0
-0.334891,-0.0585938,-0.250073,0.225417,-0.275167,-0.0559444,0.0,0.0,1.0
-0.340422,-0.0602344,-0.2435,0.236778,-0.273694,-0.0606481,0.0,0.0,1.0
-0.341125,-0.0607344,-0.242427,0.240583,-0.272111,-0.0622037,0.0,0.0,1.0
-0.345734,-0.0596094,-0.243813,0.240042,-0.271375,-0.0607315,0.0,0.0,1.0
-0.343016,-0.0596094,-0.244292,0.2375,-0.272139,-0.0597593,0.0,0.0,1.0
-0.340578,-0.0591719,-0.244813,0.233,-0.273306,-0.0580185,0.0,0.0,1.0
-0.34057,-0.0594766,-0.243359,0.236139,-0.271083,-0.0598889,0.0,0.0,1.0
-0.341922,-0.0604219,-0.24425,0.238056,-0.274278,-0.0578519,0.0,0.0,1.0
-0.339891,-0.059125,-0.242635,0.235889,-0.26925,-0.0598333,0.0,0.0,1.0
-0.340711,-0.0595391,-0.242391,0.235694,-0.272028,-0.0590741,0.0,0.0,1.0
-0.343,-0.06,-0.2435,0.238083,-0.273167,-0.0567222,0.0,0.0,1.0
-0.340211,-0.0585391,-0.241755,0.232125,-0.271153,-0.0588796,0.0,0.0,1.0
-0.338984,-0.0615469,-0.242021,0.244028,-0.270167,-0.0599074,0.0,0.0,1.0
-0.339625,-0.0603906,-0.244135,0.240569,-0.269458,-0.0568056,0.0,0.0,1.0
-0.339266,-0.0603125,-0.241323,0.2405,-0.268861,-0.0598333,0.0,0.0,1.0
-0.340086,-0.0626328,-0.239505,0.248125,-0.271319,-0.0608241,0.0,0.0,1.0
-0.34425,-0.0605938,-0.238833,0.24375,-0.270472,-0.0597407,0.0,0.0,1.0
-0.336,-0.0605,-0.24,0.237222,-0.270806,-0.0591667,0.0,0.0,1.0
-0.34632,-0.0610703,-0.24187,0.244556,-0.273333,-0.0578148,0.0,0.0,1.0
-0.341383,-0.0601328,-0.241995,0.240778,-0.269444,-0.0595556,0.0,0.0,1.0
-0.336719,-0.0612969,-0.240781,0.240597,-0.271153,-0.0590833,0.0,0.0,1.0
-0.338383,-0.0601016,-0.241047,0.238139,-0.269917,-0.0593333,0.0,0.0,1.0
-0.337477,-0.0604922,-0.240016,0.240153,-0.268653,-0.0600093,0.0,0.0,1.0
-0.344063,-0.0600156,-0.243885,0.240153,-0.271792,-0.0561019,0.0,0.0,1.0
-0.33982,-0.0598047,-0.239703,0.239875,-0.267764,-0.0594537,0.0,0.0,1.0
-0.332859,-0.0612344,-0.242833,0.235958,-0.273042,-0.0560648,0.0,0.0,1.0
-0.338562,-0.0602813,-0.239562,0.239194,-0.269667,-0.0591667,0.0,0.0,1.0
-0.335813,-0.0622188,-0.239667,0.241806,-0.273111,-0.057537,0.0,0.0,1.0
-0.337203,-0.0603125,-0.240531,0.238611,-0.269361,-0.058537,0.0,0.0,1.0
-0.338875,-0.061625,-0.24025,0.242417,-0.27225,-0.056963,0.0,0.0,1.0
-0.337805,-0.0622578,-0.23937,0.241222,-0.2755,-0.0554074,0.0,0.0,1.0
-0.33818,-0.0619922,-0.239745,0.243833,-0.271722,-0.0570741,0.0,0.0,1.0
-0.333406,-0.0633906,-0.237406,0.244861,-0.272778,-0.0575,0.0,0.0,1.0
-0.336836,-0.0613047,-0.239995,0.239764,-0.272236,-0.0554167,0.0,0.0,1.0
-0.336594,-0.0615156,-0.237948,0.241722,-0.270722,-0.0572593,0.0,0.0,1.0
-0.337344,-0.0628437,-0.237167,0.243681,-0.274958,-0.0555833,0.0,0.0,1.0
-0.331125,-0.0634063,-0.232021,0.240556,-0.275889,-0.0568148,0.0,0.0,1.0
-0.336992,-0.0622109,-0.237016,0.242639,-0.273083,-0.0555926,0.0,0.0,1.0
-0.337211,-0.0601016,-0.238307,0.236833,-0.270444,-0.0568889,0.0,0.0,1.0
-0.340094,-0.0633281,-0.235469,0.250264,-0.271986,-0.0575278,0.0,0.0,1.0
-0.3415,-0.0600625,-0.236437,0.240972,-0.268972,-0.058037,0.0,0.0,1.0
-0.347398,-0.0457109,-0.244484,0.186167,-0.269611,-0.0491852,0.0,0.0,1.0
-0.360609,-0.0368906,-0.242437,0.154264,-0.272542,-0.0464907,0.0,0.0,1.0
-0.369008,-0.0336172,-0.241818,0.144778,-0.270806,-0.0477593,0.0,0.0,1.0
-0.363313,-0.0300156,-0.238094,0.127486,-0.270292,-0.0489722,0.0,0.0,1.0
-0.367148,-0.0304297,-0.238339,0.13,-0.271583,-0.0471667,0.0,0.0,1.0
-0.361937,-0.02925,-0.236792,0.122278,-0.273722,-0.0466667,0.0,0.0,1.0
-0.360078,-0.0309219,-0.234479,0.12875,-0.27325,-0.0474444,0.0,0.0,1.0
-0.358602,-0.0298672,-0.234255,0.123347,-0.274486,-0.0458056,0.0,0.0,1.0
-0.358836,-0.0300547,-0.231672,0.124875,-0.272958,-0.0476759,0.0,0.0,1.0
-0.361477,-0.0289766,-0.23287,0.121778,-0.271833,-0.047,0.0,0.0,1.0
-0.349781,-0.0304688,-0.22675,0.123694,-0.27225,-0.0472963,0.0,0.0,1.0
-0.349813,-0.0293438,-0.223479,0.119403,-0.271708,-0.0463241,0.0,0.0,1.0
-0.350117,-0.0280547,-0.222724,0.115333,-0.269222,-0.0468519,0.0,0.0,1.0
-0.345336,-0.0240859,-0.217911,0.0974167,-0.269833,-0.0490185,0.0,0.0,1.0
-0.354867,-0.0153516,-0.217266,0.065625,-0.262347,-0.0502685,0.0,0.0,1.0
-0.367922,-0.0020625,-0.211531,0.00916667,-0.260694,-0.0532778,0.0,0.0,1.0
-0.383758,0.000804688,-0.201714,-0.00375,-0.258361,-0.0554074,0.0,0.0,1.0
-0.372813,-0.000109375,-0.188719,0.000472222,-0.255667,-0.0592778,0.0,0.0,1.0
-0.378281,0.0142188,-0.19475,-0.0668611,-0.254306,-0.0586296,0.0,0.0,1.0
-0.395891,0.0164375,-0.182656,-0.0817222,-0.251806,-0.0598704,0.0,0.0,1.0
-0.391875,0.0185469,-0.186073,-0.0904861,-0.253847,-0.0604907,0.0,0.0,1.0
-0.387266,-0.00021875,-0.183052,0.00109722,-0.247625,-0.0611389,0.0,0.0,1.0
-0.374023,0.0214453,-0.177276,-0.100806,-0.2515,-0.0613148,0.0,0.0,1.0
-0.374852,0.0168828,-0.178599,-0.0784444,-0.255,-0.0602593,0.0,0.0,1.0
-0.363906,0.0181719,-0.18274,-0.0811111,-0.257722,-0.0587778,0.0,0.0,1.0
-0.332273,0.0312734,-0.161297,-0.122681,-0.267764,-0.0526574,0.0,0.0,1.0
-0.327781,0.0223437,-0.155521,-0.0870833,-0.265778,-0.049537,0.0,0.0,1.0
-0.3435,0.000875,-0.147062,-0.00379167,-0.253764,-0.0536204,0.0,0.0,1.0
-0.32882,-0.0206172,-0.143995,0.0831389,-0.257694,-0.0577037,0.0,0.0,1.0
-0.323172,-0.0205313,-0.140927,0.0817778,-0.256417,-0.0555,0.0,0.0,1.0
-0.323719,-0.0212656,-0.140406,0.0849028,-0.256347,-0.0536574,0.0,0.0,1.0
-0.3215,-0.00428125,-0.132104,0.0169306,-0.257069,-0.0426204,0.0,0.0,1.0
-0.322422,-0.000734375,-0.124917,0.00294444,-0.251028,-0.0410185,0.0,0.0,1.0
-0.34082,0.00197656,-0.110422,-0.00847222,-0.251667,-0.0402037,0.0,0.0,1.0
-0.3675,-0.0013125,-0.08625,0.00602778,-0.253444,-0.0396481,0.0,0.0,1.0
-0.356031,-0.0177969,-0.0837396,0.0780556,-0.256472,-0.0601667,0.0,0.0,1.0
-0.348391,-0.012875,-0.0760521,0.0560833,-0.25275,-0.0656296,0.0,0.0,1.0
-0.343742,0.000257812,-0.0747865,-0.00108333,-0.255111,-0.062537,0.0,0.0,1.0
-0.337773,0.00346094,-0.0709219,-0.01475,-0.250778,-0.0610926,0.0,0.0,1.0
-0.333969,0.000140625,-0.0622188,-0.000583333,-0.252667,-0.0626481,0.0,0.0,1.0
-0.324156,-0.00670312,-0.0559271,0.0271806,-0.252903,-0.0618056,0.0,0.0,1.0
-0.320609,-0.00175,-0.0571354,0.00701389,-0.252403,-0.069713,0.0,0.0,1.0
-0.314063,-0.00353125,-0.0486042,0.013875,-0.252653,-0.0686759,0.0,0.0,1.0
-0.310328,0.00034375,-0.0463438,-0.00134722,-0.250736,-0.0706389,0.0,0.0,1.0
-0.3065,-0.0035,-0.04325,0.0133194,-0.254625,-0.0700093,0.0,0.0,1.0
-0.304281,-0.00484375,-0.0408542,0.0184028,-0.253292,-0.0693426,0.0,0.0,1.0
-0.303891,-0.010625,-0.0336354,0.0399722,-0.255222,-0.0703889,0.0,0.0,1.0
-0.295594,-0.0163594,-0.0310312,0.0589722,-0.259056,-0.0699444,0.0,0.0,1.0
-0.299406,-0.0175312,-0.0296875,0.0641389,-0.258556,-0.0680556,0.0,0.0,1.0
-0.290281,-0.0186719,-0.0281146,0.0677917,-0.252736,-0.0653981,0.0,0.0,1.0
-0.282266,-0.0222969,-0.0235625,0.0789722,-0.251778,-0.0567963,0.0,0.0,1.0
-0.284711,-0.000523438,-0.0187344,0.00193056,-0.243097,-0.0349352,0.0,0.0,1.0
-0.275539,-0.000789063,-0.00846354,0.00277778,-0.249417,-0.0282778,0.0,0.0,1.0
-0.259375,-0.0183281,0.00305208,0.0588611,-0.255139,-0.0134444,0.0,0.0,1.0
-0.262563,-0.000890625,0.00907292,0.00272222,-0.27025,-0.00624074,0.0,0.0,1.0
-0.240289,-0.000429687,0.0286198,0.00122222,-0.273333,0.00422222,0.0,0.0,1.0
-0.230055,-0.00178906,0.0549948,0.00488889,-0.266083,0.0378333,0.0,0.0,1.0
-0.235578,0.0167656,0.0720417,-0.0496111,-0.251556,0.0411852,0.0,0.0,1.0
-0.231109,0.0216094,0.0944792,-0.0680833,-0.231778,0.0527593,0.0,0.0,1.0
-0.22018,0.0167266,0.112661,-0.0526944,-0.220917,0.0511111,0.0,0.0,1.0
-0.185156,1.38778e-17,0.121354,0.0,-0.252778,0.0481481,0.0,0.0,1.0
-0.175,4.16334e-17,0.138542,0.0,-0.247222,0.0518519,0.0,0.0,1.0
-0.2875,2.77556e-17,0.214583,0.0,-0.259722,0.0638889,0.0,0.0,1.0
-0.291406,5.55112e-17,0.241771,0.0,-0.253333,0.0655556,0.0,0.0,1.0
-0.295312,5.55112e-17,0.268958,0.0,-0.246944,0.0672222,0.0,0.0,1.0
-0.299219,8.32667e-17,0.296146,0.0,-0.240556,0.0688889,0.0,0.0,1.0
-0.303125,8.32667e-17,0.323333,0.0,-0.234167,0.0705556,0.0,0.0,1.0
-0.307031,8.32667e-17,0.350521,0.0,-0.227778,0.0722222,0.0,0.0,1.0
-0.2875,5.55112e-17,0.375167,0.0,-0.222917,0.0634259,0.0,0.0,1.0
-0.267969,5.55112e-17,0.375667,0.0,-0.218056,0.0701852,0.0,0.0,1.0
-0.248437,5.55112e-17,0.436042,0.0,-0.213194,0.0491667,0.0,0.0,1.0
-0.228906,1.66533e-16,0.496417,0.0,-0.208333,0.0281481,0.0,0.0,1.0
-0.209375,1.11022e-16,0.556813,0.0,-0.203472,0.00712963,0.0,0.0,1.0
-0.189844,5.55112e-17,0.617188,0.0,-0.198611,-0.0138889,0.0,0.0,1.0
-0.201562,5.55112e-17,0.622917,0.0,-0.204167,-0.0138889,0.0,0.0,1.0
-0.213281,5.55112e-17,0.628646,0.0,-0.209722,-0.012037,0.0,0.0,1.0
-0.230758,0.00538281,0.650693,-0.022875,-0.171625,-0.0194352,0.0,0.0,1.0
-0.237898,0.00597656,0.647526,-0.0255278,-0.175861,-0.0220741,0.0,0.0,1.0
-0.247453,0.00740625,0.655885,-0.0333333,-0.173806,-0.0210556,0.0,0.0,1.0
-0.242648,0.00683594,0.647359,-0.0289722,-0.180861,-0.0234444,0.0,0.0,1.0
-0.246438,0.00775,0.647812,-0.0338333,-0.178333,-0.0246296,0.0,0.0,1.0
-0.264,0.0159844,0.657177,-0.0739444,-0.1805,-0.0228519,0.0,0.0,1.0
-0.270953,0.021375,0.66374,-0.102278,-0.178944,-0.0163704,0.0,0.0,1.0
-0.269953,0.0211406,0.665333,-0.0970278,-0.185917,-0.0152593,0.0,0.0,1.0
-0.274656,0.0219219,0.661656,-0.104431,-0.182236,-0.01625,0.0,0.0,1.0
-0.284344,0.02175,0.66875,-0.10525,-0.18575,-0.0107037,0.0,0.0,1.0
-0.291456,0.0300807,0.679721,-0.173194,-0.179806,0.00781482,0.0,0.0,1.0
-0.291366,0.025819,0.682975,-0.141847,-0.183625,0.00262037,0.0,0.0,1.0
-0.297742,0.0261484,0.679565,-0.167667,-0.181111,0.00177778,0.0,0.0,1.0
-0.295969,0.0179063,0.691667,-0.126347,-0.193931,-0.00075,0.0,0.0,1.0
-0.293265,0.0136712,0.698137,-0.100389,-0.196889,-0.00474074,0.0,0.0,1.0
-0.292264,0.0158887,0.697173,-0.108,-0.204444,-0.013037,0.0,0.0,1.0
-0.291531,0.0160306,0.698669,-0.108736,-0.212097,-0.00989815,0.0,0.0,1.0
-0.286439,0.0178301,0.701348,-0.110778,-0.214306,-0.0105741,0.0,0.0,1.0
-0.292878,0.0186901,0.694799,-0.120944,-0.213694,-0.0185,0.0,0.0,1.0
-0.292477,0.0168828,0.698893,-0.119917,-0.21725,-0.015,0.0,0.0,1.0
-0.29456,0.0117734,0.703357,-0.102111,-0.223861,-0.0136481,0.0,0.0,1.0
-0.294092,0.0123984,0.703824,-0.110806,-0.221528,-0.0141481,0.0,0.0,1.0
-0.301503,0.0121406,0.696414,-0.120944,-0.215028,-0.0139815,0.0,0.0,1.0
-0.297286,0.00960938,0.70063,-0.0873194,-0.237375,-0.0103056,0.0,0.0,1.0
-0.296957,0.00879688,0.70096,-0.0801806,-0.237569,-0.00962037,0.0,0.0,1.0
-0.289533,0.00852344,0.708384,-0.0744444,-0.240806,-0.0107963,0.0,0.0,1.0
-0.289605,0.00791406,0.708311,-0.0694444,-0.2415,-0.0120741,0.0,0.0,1.0
-0.289596,0.00723437,0.70832,-0.0614028,-0.249597,-0.0139907,0.0,0.0,1.0
-0.291917,0.00716406,0.706,-0.0654861,-0.247375,-0.0131574,0.0,0.0,1.0
-0.285073,0.00839844,0.712844,-0.0744583,-0.248569,-0.0123611,0.0,0.0,1.0
-0.267828,0.0233203,0.730089,-0.200778,-0.242778,-0.00474074,0.0,0.0,1.0
-0.277544,0.0217344,0.720372,-0.177347,-0.271292,0.00628704,0.0,0.0,1.0
