427.145,347.9025,481.445,322.9425,502.775,369.3675,448.475,394.3275
424.88,362.3025,470.615,321.9375,506.12,362.1675,460.385,402.5325
427.345,330.08,500.875,323.795,505.375,376.46,431.845,382.745
432.33875,328.3725,494.87375,328.8225,494.49875,378.9375,431.97875,378.4875
432.36125,330.87625,492.58625,328.29625,494.68625,377.70625,434.47625,380.27125
425.8025,337.47625,487.5875,323.21125,499.1675,373.38625,437.3825,387.63625
428.275,334.3225,490.93,327.0925,496.585,376.1275,433.93,383.3575
425.4275,332.045,490.5875,322.025,498.9425,376.355,433.7825,386.375
426.10875,329.85625,490.35375,321.83125,497.28375,377.21125,433.02375,385.25125
425.285,330.745,489.755,321.535,497.615,376.555,433.145,385.765
416.77875,353.4475,464.70375,315.6475,500.91375,361.5625,452.97375,399.3625
417.185,359.555,459.965,316.58,498.695,355.145,455.915,398.12
417.2,340.67,476.75,319.07,492.98,363.77,433.43,385.37
413.16625,356.58875,457.14625,315.24875,496.47625,357.06875,452.48125,398.42375
417.05375,354.5,455.12375,318.005,488.90375,353.24,450.84875,389.735
412.4775,322.195,492.3675,316.36,496.6125,374.425,416.7225,380.26
410.595,321.3525,490.83,315.1575,495.345,373.5375,415.11,379.7325
408.7275,320.525,489.2925,313.97,494.0625,372.635,413.4975,379.19
406.845,319.68375,487.755,312.76875,492.795,371.74875,411.885,378.64875
404.9625,318.8425,486.2175,311.5825,491.5275,370.8475,410.2725,378.1075
403.095,318.015,484.68,310.38,490.245,369.945,408.66,377.58
396.37125,342.505,454.69125,307.705,485.35125,359.095,427.01625,393.895
394.31125,354.88375,440.94625,304.64875,487.73125,348.08875,441.08125,398.30875
392.68125,348.4425,446.09625,304.7325,484.60125,351.7875,431.17125,395.4975
394.18875,350.585,443.97375,305.12,484.86375,349.895,435.06375,395.36
393.33625,348.46125,442.25125,303.62625,483.77125,348.94125,434.87125,393.76125
393.6125,347.755,443.4125,302.485,485.0975,348.325,435.2975,393.595
395.0625,347.92125,446.2725,300.98625,486.4275,344.78625,435.2175,391.73625
407.61375,316.5625,478.84875,309.9025,483.48375,359.5675,412.26375,366.2275
409.3125,313.6125,484.6125,308.0175,488.5575,361.1775,413.2575,366.7725
408.56625,317.575,480.83625,305.875,489.28125,358.045,417.02625,369.745
404.13625,341.68,455.57125,294.91,499.08625,342.76,447.63625,389.53
407.335,337.26625,460.42,292.05625,504.625,343.94125,451.54,389.16625
410.4875,337.69625,466.6625,292.20125,507.6425,342.82625,451.4675,388.30625
413.73,337.3325,467.355,291.0275,511.17,341.7575,457.545,388.0625
418.02625,333.815,475.22125,291.53,511.77625,340.985,454.56625,383.27
421.905,309.725,496.71,294.815,508.515,354.035,433.71,368.945
426.38,308.84875,501.95,296.44375,511.58,355.04875,436.01,367.46875
434.725,304.07875,508.945,299.36875,512.635,357.73375,438.415,362.42875
425.1675,299.66125,514.0125,289.20625,521.3625,349.98625,432.5175,360.45625
427.7925,298.405,515.7525,287.335,523.6575,348.355,435.6975,359.425
430.4175,297.13375,517.4925,285.47875,525.9525,346.72375,438.8775,358.39375
433.05625,295.87875,519.23125,283.60875,528.24625,345.09375,442.05625,357.34875
435.6825,294.6075,520.9725,281.7525,530.5275,343.4625,445.2375,356.3175
438.30625,293.3375,522.71125,279.8825,532.82125,341.8325,448.43125,355.2875
442.155,333.86875,487.605,279.40375,535.905,319.72375,490.455,374.17375
445.195,298.3775,522.22,280.7525,535.225,337.5725,458.2,355.1975
446.63125,293.36,524.58625,274.55,539.21125,335.12,461.24125,353.93
447.64,296.5675,525.19,277.7725,538.78,333.9025,461.23,352.6975
451.94375,290.97,529.35875,275.835,540.59375,333.33,463.19375,348.465
448.54,294.025,521.065,265.255,543.94,322.915,471.415,351.685
450.005,294.185,518.96,260.39,546.755,317.135,477.8,350.93
453.67,280.91875,533.5,262.21375,546.85,319.13875,467.02,337.85875
453.77875,278.7525,533.84875,258.0075,548.23375,313.4775,468.14875,334.2225
453.7925,274.205,532.2275,254.945,547.0175,315.155,468.5825,334.415
452.16,279.0675,527.865,250.9125,548.34,305.9625,472.635,334.1175
448.77875,272.1475,523.05875,241.9225,546.87875,300.4825,472.61375,330.7075
445.99375,264.7275,520.87375,237.3225,543.05875,297.9225,468.16375,325.3275
438.995,276.815,503.045,228.38,543.725,282.185,479.675,330.62
442.67625,254.82125,519.20625,227.31125,541.70625,289.92125,465.16125,317.41625
440.78875,277.37625,494.81875,224.29125,544.76875,275.11125,490.75375,328.21125
438.455,273.83,494.84,219.845,544.745,271.97,488.36,325.955
438.26125,267.93125,498.84625,215.38625,544.44625,267.99125,483.87625,320.52125
439.66875,262.955,501.21375,210.995,546.42375,264.545,484.86375,316.505
443.1975,238.48625,525.9375,211.30625,546.4125,273.60125,463.6725,300.79625
443.4925,232.065,525.9925,207.795,544.6375,271.155,462.1375,295.425
438.6425,261.265,501.0275,203.14,548.0075,253.555,485.6225,311.68
445.2425,225.6375,528.2825,205.5975,543.3275,267.9525,460.2875,287.9925
436.495,250.66375,496.945,197.29375,539.965,246.02875,479.515,299.38375
433.95375,244.6875,492.88875,193.3275,537.96375,245.0625,479.04375,296.4225
432.0425,242.7875,491.8025,191.4725,536.1275,243.1025,476.3675,294.4175
433.7075,216.67125,513.1925,191.11125,533.6825,254.81625,454.1975,280.39125
426.46625,241.7225,489.60125,185.6075,538.50125,240.6275,475.38125,296.7425
426.9975,229.17625,498.7575,186.32125,533.7525,244.91125,461.9925,287.78125
427.2325,233.95,492.5725,185.2,533.5975,240.19,468.2575,288.94
431.3975,239.2425,488.7575,186.1725,536.4725,237.7275,479.1125,290.7975
431.5075,243.37875,491.4625,183.66375,542.9425,235.33875,482.9875,295.06875
441.4125,231.0475,507.6975,183.9625,550.0575,243.6025,483.7725,290.6875
445.7975,216.37,523.8425,187.645,547.2125,251.11,469.1675,279.835
455.2925,238.865,513.8975,187.655,561.1775,241.775,502.5725,292.985
471.08875,214.21,551.99875,191.38,571.16875,259.33,490.27375,282.16
476.1725,244.5975,539.2475,189.9675,588.6575,247.0125,525.5825,301.6425
493.40375,245.2525,558.53375,194.7475,604.86875,254.4775,539.72375,304.9825
510.5425,234.33625,587.2975,198.15625,617.9875,263.28625,541.2325,299.45125
510.7475,236.36,581.3375,198.14,616.8425,263.72,546.2525,301.94
522.2175,231.09,603.1425,203.025,628.8525,277.17,547.9275,305.235
573.21,208.565,640.365,235.01,608.13,316.895,540.975,290.45
593.58625,212.23375,649.89625,272.57875,583.95625,334.12375,527.63125,273.79375
597.7475,220.495,647.7875,277.87,583.6025,333.865,533.5625,276.49
602.1125,226.14,653.1125,287.19,586.4975,342.84,535.4975,281.79
599.62,226.16375,651.505,279.96875,588.28,340.92875,536.395,287.10875
591.5425,232.9875,655.3975,258.6675,620.6275,345.1425,556.7725,319.4625
619.20625,239.72,666.59125,297.62,599.37625,352.64,551.97625,294.74
588.3575,253.5475,666.4775,262.8625,656.6525,345.3025,578.5325,335.9875
630.6675,250.97875,686.1075,306.31375,623.2425,369.29875,567.8025,313.97875
639.11,257.51125,690.635,319.88125,622.91,375.83125,571.385,313.44625
640.135,258.25,688.735,321.295,621.385,373.21,572.785,310.165
644.80875,264.0825,693.00375,324.2775,626.88375,377.2275,578.67375,317.0325
643.815,267.77375,702.3,319.22375,644.745,384.63875,586.26,333.17375
683.75625,277.6525,694.72125,357.5125,608.71125,369.3175,597.76125,289.4575
658.5475,275.24875,706.7125,339.04375,639.0025,390.16375,590.8375,326.35375
681.40125,272.1975,703.58625,349.7625,610.18125,376.4925,587.98125,298.9275
683.79625,273.48,705.96625,351.165,612.18625,377.94,590.00125,300.255
686.19125,274.7625,708.36125,352.5525,614.17625,379.3875,592.02125,301.5975
688.5875,276.045,710.7425,353.94,616.1825,380.835,594.0275,302.94
701.75,292.5,701.75,373.5,619.25,373.5,619.25,292.5
716.54,317.465,674.21,397.64,612.2,364.895,654.53,284.72
721.2375,312.2825,682.6125,399.9875,613.5525,369.5675,652.1775,281.8625
691.43125,289.3175,712.73125,363.9425,628.37125,388.0325,607.05625,313.4075
694.245,290.4475,712.41,367.2175,626.055,387.6625,607.89,310.8925
697.6425,294.60625,711.1875,370.73125,624.6675,386.13625,611.1225,309.99625
680.85375,286.5425,717.12375,359.8775,638.83875,398.6075,602.55375,325.2725
678.32625,285.4775,721.31625,358.9475,645.47625,403.3325,602.47125,329.8625
646.495,292.615,720.19,318.7,691.465,399.865,617.77,373.78
673.15,283.6775,725.455,355.0175,652.69,408.3725,600.385,337.0325
698.92,287.91,719.035,370.215,635.02,390.75,614.905,308.445
684.14125,284.63375,724.58125,357.62375,650.46625,398.67875,610.04125,325.67375
682.09625,285.1525,722.01125,357.2275,650.43125,396.8575,610.53125,324.7825
700.68625,290.13625,717.32125,362.91625,630.63625,382.74625,613.98625,309.95125
697.56625,287.4825,711.03625,364.3275,626.12125,379.2075,612.66625,302.3625
697.49625,289.8575,710.81625,363.9125,628.39125,378.7325,615.08625,304.6775
682.36,286.6575,704.785,348.4425,629.8,375.6525,607.375,313.8675
642.55,285.7975,716.56,325.8625,688.75,377.2525,614.74,337.1875
680.35,283.9475,705.145,359.3225,625.99,385.3625,601.195,309.9875
678.91,284.37875,704.995,359.57375,625.45,387.17375,599.365,311.96375
680.27,285.765,700.805,358.8,621.83,381.015,601.295,307.98
681.8125,286.19625,699.8875,361.36125,619.3975,380.71125,601.3225,305.56125
685.11625,278.6475,708.23125,360.7125,613.25125,387.2625,590.15125,305.1975
683.12125,278.3625,706.71625,360.7125,612.50125,387.5475,588.89125,305.1975
681.11125,278.0775,705.20125,360.7275,611.75125,387.8325,587.64625,305.1825
658.30875,284.02875,694.81875,356.01375,625.54875,391.12875,589.05375,319.15875
649.605,282.26,699.105,349.76,631.935,399.02,582.435,331.52
641.575,284.93625,700.915,341.47125,646.345,398.72625,587.005,342.17625
642.015,287.83625,698.34,342.88625,642.285,400.24625,585.96,345.18125
641.1,287.22125,697.155,345.67625,641.94,398.62625,585.885,340.18625
651.36125,286.81375,694.66625,353.53375,626.56625,397.72375,583.27625,331.01875
652.67,285.92,692.96,355.055,622.37,396.2,582.08,327.065
654.05375,285.3875,687.84875,360.5525,614.01875,393.7625,580.20875,318.5975
646.07625,285.7775,689.35125,355.0475,622.03125,397.0925,578.77125,327.8225
610.6775,290.485,684.9275,310.075,662.6525,394.555,588.4025,374.965
587.98125,294.3775,671.63625,293.8375,672.22125,382.5325,588.55125,383.0725
584.275,295.15,666.55,295.705,665.965,382.99,583.69,382.435
561.70375,311.4975,638.92375,283.7025,667.51375,363.1725,590.30875,390.9675
549.6025,334.695,616.3825,283.125,668.2675,350.325,601.4875,401.895
569.67,373.995,590.865,293.31,664.71,312.705,643.515,393.39
567.53,378.4825,579.545,289.2475,658.79,299.9275,646.775,389.1625
583.165,390.6,551.08,318.495,623.515,286.26,655.6,358.365
576.1275,389.4725,546.8925,317.8925,622.2825,287.0975,651.5175,358.6775
569.1225,383.53875,550.0875,310.29375,627.0075,290.31375,646.0425,363.54375
559.1225,377.9275,558.1325,301.4425,636.8075,300.4225,637.7975,376.9075
566.055,384.835,545.475,308.245,622.665,287.485,643.245,364.075
565.15375,386.0075,542.06875,303.8825,618.11875,282.5225,641.18875,364.6475
565.1425,385.2875,541.7875,306.6725,614.3875,285.1025,637.7425,363.7175
575.0625,391.81,531.4575,324.295,595.2675,283.09,638.8725,350.605
563.97125,389.43,530.65625,313.14,603.03125,281.55,636.33125,357.84
556.37375,381.8025,536.85875,306.3525,609.38375,287.5875,628.91375,363.0375
554.05,381.5025,535.84,305.3475,612.37,287.0475,630.58,363.2025
550.3,384.01875,532.54,303.15375,609.82,286.17375,627.58,367.02375
537.3075,374.95375,542.4825,289.63375,620.3025,294.34375,615.1275,379.67875
549.3275,385.7775,518.3675,309.1875,590.5625,280.0125,621.5225,356.6025
544.375,384.21,514.765,308.64,588.025,279.93,617.635,355.5
540.94,381.3475,512.515,306.0775,584.68,278.8225,613.105,354.0925
536.52,378.18,516.69,300.345,592.2,281.1,612.03,358.935
536.71625,379.8775,511.44125,302.1925,583.89125,278.6125,609.18125,356.2975
519.5525,371.6375,517.0175,289.3925,599.1575,286.8725,601.6925,369.1175
528.41375,377.2425,501.56375,303.4875,575.54375,276.5475,602.40875,350.3025
526.8225,375.565,496.8225,300.88,565.9275,273.115,595.9275,347.8
519.54,372.5375,493.11,298.6325,566.46,272.4125,592.89,346.3175
533.46875,379.75625,486.35375,312.61625,547.08875,269.98625,594.21875,337.11125
542.75875,378.4425,481.76875,325.9725,528.59875,271.5075,589.60375,323.9775
508.64875,366.33,483.71875,290.85,554.90875,267.33,579.85375,342.81
502.7375,362.9975,476.1575,290.2625,546.4925,264.5525,573.0725,337.2875
498.7,359.6575,469.45,286.1125,535.24,259.9525,564.49,333.4975
489.4525,355.65625,461.5225,283.62625,529.9375,257.09125,557.8675,329.13625
490.7625,356.47,461.9625,282.52,529.5075,256.21,558.3075,330.16
483.04875,349.77,458.41875,275.7,525.22875,253.47,549.87375,327.54
464.9475,334.325,465.5175,262.76,534.4425,263.315,533.8725,334.88
487.0475,353.3075,433.0475,290.3075,485.6825,245.2025,539.6825,308.2025
479.69,349.52,425.87,283.28,478.67,240.38,532.49,306.62
473.4125,345.11625,418.2125,282.56625,469.5575,237.25125,524.7575,299.81625
473.5775,345.2675,418.1975,282.5075,468.8525,237.8225,524.2325,300.5825
447.755,334.13125,414.395,260.33125,478.385,231.41125,511.745,305.19625
435.9975,326.73125,411.4425,256.68125,475.5525,234.21125,500.1075,304.24625
429.39125,324.38625,399.76625,252.97125,462.75125,226.84125,492.36125,298.27125
424.805,325.05875,386.165,254.22875,449.015,219.93875,487.655,290.78375
422.4725,322.66625,379.8875,257.73125,436.5575,220.56125,479.1425,285.51125
401.965,311.695,403.24,229.765,464.515,230.725,463.24,312.655
390.5325,307.90625,398.2875,227.46125,459.3975,233.35625,451.6425,313.78625
383.385,308.93,381.0,231.62,450.255,229.49,452.64,306.8
379.075,313.02375,370.78,232.81875,436.645,226.00875,444.94,306.19875
370.0,309.75,370.0,227.25,436.0,227.25,436.0,309.75
363.06875,311.0275,364.91375,227.1625,430.04375,228.6025,428.18375,312.4675
355.535,308.1025,360.095,225.2875,424.505,228.8275,419.945,311.6425
355.75,311.0,355.75,227.0,423.25,227.0,423.25,311.0
347.7275,309.0425,354.8525,226.4675,418.1225,231.9275,410.9975,314.5025
343.6125,311.6975,346.5375,231.0875,410.6175,233.4125,407.6925,314.0225
355.91,326.77,317.06,260.17,378.05,224.59,416.9,291.19
347.74375,326.8575,320.69875,252.7125,382.40875,230.2125,409.43875,304.3575
335.14375,322.3725,336.11875,242.8275,397.99375,243.5775,397.03375,323.1225
335.73625,324.52875,336.69625,248.85375,395.45125,249.58875,394.50625,325.27875
332.26125,328.69,338.42625,247.285,397.60125,251.77,391.42125,333.175
341.62375,339.235,318.74875,274.45,379.22875,253.105,402.08875,317.89
335.5075,345.97375,328.0825,267.53875,388.9825,261.76375,396.4075,340.21375
340.36,354.145,319.165,285.175,380.68,266.275,401.875,335.245
339.7875,362.88125,320.5425,288.99125,382.8825,272.76125,402.1275,346.63625
334.5275,357.655,334.2275,275.455,393.7625,275.245,394.0625,357.445
336.7175,358.97875,334.6175,287.69875,393.3725,285.97375,395.4725,357.23875
338.89,364.725,339.34,290.73,394.57,291.075,394.12,365.07
340.965,371.40375,341.415,298.32375,397.035,298.65375,396.585,371.74875
344.3525,386.86,326.3075,314.68,389.1575,298.96,407.2025,371.14
342.35875,383.91625,348.97375,306.21625,407.59375,311.21125,400.96375,388.92625
337.24875,386.30875,358.78875,299.96875,413.64375,313.66375,392.08875,399.98875
347.2825,394.9225,348.8275,309.6625,404.3875,310.6675,402.8425,395.9275
344.445,397.2875,357.885,309.8825,416.055,318.8225,402.615,406.2275
357.2475,407.3175,335.3325,334.2075,398.0625,315.4125,419.9775,388.5225
353.0,403.75,353.0,321.25,413.0,321.25,413.0,403.75
359.01,405.26375,346.395,330.51875,406.71,320.34875,419.325,395.07875
354.36375,401.15,354.31875,322.34,414.82875,322.31,414.85875,401.12
355.8875,403.4275,356.0525,324.0025,417.0425,324.1225,416.8775,403.5475
362.9175,408.59,346.6725,335.54,408.3525,321.83,424.5975,394.88
359.98625,403.75375,358.26125,326.32375,417.25625,325.01875,418.96625,402.43375
358.48125,400.37,366.70125,318.245,424.76625,324.05,416.56125,406.175
365.94375,403.04375,357.82875,329.42375,415.18875,323.09375,423.28875,396.72875
366.10625,405.5375,350.01125,338.8625,412.03625,323.8925,428.11625,390.5675
365.84875,402.5375,354.32875,333.6575,414.80875,323.5325,426.34375,392.4125
366.04,403.005,355.165,331.83,416.5,322.455,427.375,393.63
366.6675,398.22375,365.1825,322.81875,421.5825,321.70875,423.0675,397.09875
364.51,395.97125,366.25,322.75625,424.75,324.13625,423.01,397.36625
373.27125,401.2675,354.76125,334.2325,414.85125,317.6425,433.34625,384.6775
370.5475,396.1775,358.6675,329.8025,418.8625,319.0325,430.7425,385.4075
371.9,395.01,358.19,331.395,418.58,318.39,432.29,382.005
373.09625,396.055,360.64625,327.955,420.58625,317.005,433.02125,385.105
369.52625,393.0625,365.38625,321.3325,426.79625,317.8075,430.92125,389.5375
368.25375,390.57125,368.44875,314.80625,428.35875,314.97125,428.14875,390.72125
373.16,390.0475,359.84,324.3325,420.68,312.0025,434.0,377.7175
373.845,388.75875,359.805,324.55875,419.595,311.47875,433.635,375.69375
378.01,394.1325,350.83,335.2575,415.03,305.6175,442.21,364.4925
366.75,383.11,363.54,311.245,424.41,308.53,427.62,380.395
366.72875,382.96875,356.07875,316.45875,420.38375,306.16875,431.01875,372.69375
362.15625,377.5025,365.03625,305.2625,424.64625,307.6475,421.75125,379.8875
362.11,373.4925,363.625,306.3825,422.83,307.7175,421.315,374.8275
350.01625,357.00375,403.62625,297.52875,441.36625,331.53375,387.74125,391.02375
352.9725,316.16125,414.0825,303.72625,426.0375,362.54125,364.9275,374.96125
344.0625,330.2075,405.9975,299.8175,431.0475,350.8625,369.1125,381.2525
351.84,308.215,411.375,301.765,418.5,367.465,358.965,373.915
346.3725,306.705,405.6525,297.42,416.0175,363.615,356.7375,372.9
383.25625,286.73375,425.75125,313.34375,381.41125,384.09875,338.93125,357.47375
343.8,301.4275,403.035,293.7625,411.66,360.3625,352.425,368.0275
341.76375,299.63875,400.39875,292.97875,408.04875,360.23875,349.39875,366.91375
347.9225,290.2775,402.3425,294.3725,396.9275,366.2525,342.5075,362.1575
339.8825,293.685,395.1425,291.825,397.4675,360.855,342.2075,362.715
331.77625,294.9275,389.96125,288.8675,396.90625,355.4825,338.70625,361.5425
324.08375,301.435,383.93375,287.395,398.33375,348.805,338.49875,362.845
322.595,306.43125,381.05,286.06125,401.165,343.81125,342.71,364.16625
325.01125,297.4625,385.59625,287.3525,395.75125,348.1475,335.15125,358.2575
326.63375,293.54125,386.82875,287.70625,393.09875,352.26625,332.88875,358.11625
326.15875,298.775,382.52875,289.73,392.27875,350.465,335.92375,359.51
333.02,292.68125,385.46,291.51125,386.9,356.82125,334.46,357.97625
326.31625,294.4375,381.29125,288.9775,387.42625,350.7925,332.43625,356.2525
353.9875,282.8675,398.5975,303.6575,368.7025,367.7825,324.0925,346.9925
321.16875,306.5925,370.48875,290.7675,387.58875,344.0775,338.28375,359.9025
330.4725,289.34875,383.0775,290.87875,381.2175,355.16875,328.6125,353.65375
322.5425,297.4725,374.7425,290.6625,382.4675,349.8975,330.2675,356.7075
339.5525,286.62,386.6375,298.215,370.3775,364.2,323.2925,352.605
328.6225,292.0525,375.8575,292.0375,375.8875,358.8775,328.6525,358.8925
325.25,289.75,377.75,289.75,377.75,357.25,325.25,357.25
324.25,289.75,376.75,289.75,376.75,357.25,324.25,357.25
323.85,294.765,376.635,295.86,375.39,356.355,322.605,355.26
324.9475,290.625,377.8225,292.8,375.0625,359.535,322.1875,357.36
322.615,294.32,377.485,296.105,375.445,358.82,320.575,357.035
319.6475,294.2,372.5225,293.705,373.1225,357.92,320.2475,358.415
318.15875,296.015,371.58875,294.02,373.95875,357.425,320.54375,359.42
319.7325,294.43375,370.1475,294.04375,370.6575,358.54375,320.2425,358.94875
324.3575,289.59,375.8825,295.32,368.4125,362.49,316.8875,356.76
319.895,293.88875,371.015,294.42875,370.325,360.24875,319.205,359.72375
320.8475,292.78625,374.3525,295.75625,370.8425,358.81625,317.3375,355.83125
320.06,297.34,369.965,295.705,372.02,358.12,322.115,359.755
341.905,290.2125,381.985,310.7325,352.675,367.9575,312.595,347.4375
316.43625,291.46875,377.15625,291.72375,376.88625,358.36875,316.15125,358.12875
319.7825,293.0375,372.1475,293.3825,371.7275,357.9725,319.3625,357.6275
320.625,295.92125,374.04,296.28125,373.635,357.40625,320.22,357.06125
320.1925,294.39,372.4675,293.985,372.9775,358.71,320.7025,359.115
329.60625,291.7525,377.74125,298.1575,369.34125,361.1575,321.22125,354.7525
323.04,294.23125,372.555,294.56125,372.12,357.71125,322.605,357.36625
323.445,293.445,376.02,295.725,373.275,358.695,320.7,356.415
323.3675,294.31125,375.5675,295.33125,374.3225,358.33125,322.1225,357.29625
325.44125,293.645,376.05125,294.365,375.18125,356.495,324.55625,355.775
327.3825,292.4075,378.1725,294.5225,375.6075,355.8425,324.8175,353.7275
328.8525,291.21375,379.4325,294.57375,375.2175,357.79875,324.6375,354.42375
325.635,291.9,376.455,291.87,376.485,353.22,325.665,353.25
326.39625,291.79,375.26625,290.41,376.99125,351.91,328.13625,353.29
325.9025,289.0,373.5125,288.355,374.3675,350.8,326.7575,351.445
323.605,286.5425,372.07,286.2125,372.475,346.1675,324.01,346.4975
323.06625,285.555,370.51125,282.81,374.02125,343.665,326.59125,346.41
327.09625,280.0875,373.50625,281.2875,371.87125,343.8825,325.47625,342.6825
329.2275,278.2275,376.3725,281.8575,371.3625,347.1225,324.2175,343.4925
326.41,274.7475,372.835,277.5375,368.95,342.2625,322.525,339.4725
345.645,265.8375,384.765,288.8625,350.475,347.0925,311.355,324.0675
316.3325,268.8875,365.5475,268.6625,365.8175,327.2225,316.6025,327.4475
314.3975,263.08625,363.7325,264.52625,361.9325,325.99625,312.5975,324.54125
311.60125,254.98,367.89625,262.015,359.90125,326.08,303.59125,319.045
310.8675,257.77625,363.1425,261.06125,359.1825,323.86625,306.9075,320.56625
305.53875,252.65,356.95875,255.23,353.79375,318.77,302.35875,316.19
301.6775,248.625,352.2575,251.1,349.1525,314.475,298.5725,312.0
301.835,241.96,350.165,247.735,342.245,314.08,293.915,308.305
294.23625,241.195,342.94125,242.23,341.59125,305.125,292.90125,304.09
292.30375,235.4375,337.61875,236.4425,336.14875,303.4325,290.81875,302.4275
301.5975,232.66,343.7775,242.395,329.0925,306.04,286.9125,296.305
288.62375,234.195,334.76375,236.295,331.92875,298.485,285.77375,296.385
284.8325,230.2775,330.9275,232.0025,328.4975,296.8925,282.4025,295.1675
293.69625,223.87625,335.65125,237.51125,315.98625,298.00625,274.01625,284.35625
296.7925,220.34125,335.7475,238.68625,307.9375,297.78625,268.9825,279.45625
289.195,216.73,332.65,234.835,306.865,296.71,263.41,278.605
278.6875,220.495,323.6425,228.535,312.4825,290.965,267.5275,282.925
272.1325,217.9125,317.6575,225.0975,307.6375,288.5775,262.1125,281.3925
274.83875,212.6225,317.07875,225.2975,297.89375,289.2875,255.63875,276.6125
280.825,212.535,317.395,232.68,285.955,289.785,249.385,269.64
255.365,214.0775,299.3,218.9375,292.355,281.6525,248.42,276.7925
247.89125,213.27625,292.92125,218.30125,286.05125,279.84625,241.00625,274.80625
273.62125,208.64,307.70125,232.235,269.42125,287.54,235.32625,263.945
272.4775,209.9375,304.3525,236.9075,260.1925,289.0925,228.3175,262.1225
269.8475,212.09,300.2675,239.465,255.8825,288.77,225.4625,261.395
241.0725,210.55875,287.1975,224.97375,268.3575,285.25875,222.2325,270.85875
245.57,212.27875,282.92,226.85875,258.77,288.77875,221.42,274.21375
231.99,220.40625,271.62,226.36125,262.59,286.43625,222.96,280.46625
256.96,219.3725,283.21,238.2575,244.3,292.3175,218.05,273.4325
261.21375,222.6625,284.37375,245.9725,234.73875,295.3075,211.56375,271.9975
259.6125,227.12,286.5975,252.305,240.1575,302.06,213.1725,276.875
256.625,230.0,286.235,255.245,241.715,307.46,212.105,282.215
257.27375,234.8875,286.80875,260.1925,242.54375,311.8225,213.02375,286.5175
257.765,241.2625,285.02,261.5575,243.995,316.6675,216.74,296.3725
261.52,241.81,289.195,267.505,242.08,318.25,214.405,292.555
264.51,248.8175,290.715,275.0375,243.45,322.2725,217.245,296.0525
252.5825,251.2,289.7975,271.24,258.6875,329.02,221.4725,308.98
271.68625,261.125,300.84625,288.215,253.83625,338.855,224.66125,311.765
237.60875,279.5925,291.21875,282.1875,288.92375,329.6775,235.29875,327.0825
243.64,288.8175,296.215,289.8975,295.24,337.4925,242.665,336.4125
277.96875,275.5825,311.08875,301.6075,270.60375,353.1475,237.46875,327.1225
289.57375,285.2225,314.96875,311.3225,269.32375,355.7075,243.94375,329.6075
304.1,297.02,319.775,334.235,258.68,359.96,243.005,322.745
294.6825,294.185,319.3575,318.83,272.8875,365.375,248.2125,340.73
298.1325,298.26375,322.3725,325.18875,273.6375,369.04875,249.3975,342.10875
301.615,301.9425,324.85,329.8275,274.105,372.1275,250.87,344.2425
302.29625,302.2125,324.48125,329.3325,273.10625,371.3775,250.90625,344.2575
313.6375,312.80875,323.7475,345.71875,259.2325,365.54875,249.1225,332.65375
305.3825,306.60625,323.2625,336.35125,265.6475,370.95625,247.7675,341.19625
302.8,305.98625,319.435,335.16125,258.52,369.90125,241.885,340.74125
295.7425,304.99875,311.2825,332.19375,252.3475,365.85375,236.8075,338.64375
293.3125,306.87125,304.7725,339.60125,241.0975,361.89125,229.6375,329.14625
296.32125,310.245,303.82125,344.01,236.68125,358.935,229.16625,325.17
289.975,306.9225,299.065,341.0025,230.725,359.2275,221.635,325.1475
282.8275,305.4675,291.5425,338.5425,224.9425,356.0625,216.2275,322.9875
273.15,299.97125,285.885,329.97125,222.69,356.79125,209.955,326.77625
258.74,292.32,277.1,316.8,224.3,356.4,205.94,331.92
264.33625,301.25,271.44625,328.91,206.99125,345.47,199.89625,317.81
265.74375,303.00625,270.28875,336.99625,204.15375,345.81625,199.62375,311.81125
257.46375,299.6875,264.79875,326.1325,200.26875,344.0425,192.91875,317.5975
248.20375,294.69625,259.09375,321.09625,195.13375,347.45125,184.25875,321.06625
243.49,294.875,251.545,319.715,182.65,342.065,174.595,317.225
235.1375,290.67125,246.0875,318.03125,181.2725,343.95125,170.3225,316.57625
224.7425,287.2825,236.9075,312.3025,176.3075,341.7475,164.1425,316.7275
231.1225,294.71625,236.0875,326.14125,168.2275,336.86625,163.2625,305.42625
222.9325,293.375,227.3575,326.585,161.2375,335.405,156.8125,302.195
212.1175,287.63625,221.7625,312.53625,157.1725,337.57125,147.5275,312.68625
208.32875,291.59,212.37875,324.08,144.44375,332.57,140.37875,300.08
201.94625,288.81875,206.41625,324.63875,138.67625,333.09875,134.19125,297.29375
192.98625,290.0725,193.46625,324.4225,131.20125,325.2775,130.73625,290.9275
193.09,287.6475,198.955,318.5175,133.93,330.8625,128.065,299.9925
186.33375,291.9225,186.45375,325.3275,124.33875,325.5675,124.20375,292.1625
181.8525,288.295,186.6075,319.18,119.1975,329.545,114.4425,298.66
176.1675,289.0775,179.9325,314.8775,111.9825,324.7925,108.2175,298.9925
171.51,287.8175,177.99,315.4025,113.49,330.5525,107.01,302.9675
172.81,290.74625,178.705,320.40125,115.03,333.07625,109.135,303.40625
172.5425,290.18625,179.7275,321.29625,115.5275,336.11625,108.3425,304.99125
179.72625,296.29875,184.24125,327.91875,118.54125,337.29375,114.04125,305.65875
189.77875,304.42,189.46375,336.745,125.39875,336.1,125.72875,303.775
201.1,309.85375,205.99,335.93875,143.32,347.68375,138.43,321.61375
222.0,319.0,222.0,349.0,156.0,349.0,156.0,319.0
234.6975,318.44375,246.4125,348.56375,184.3125,372.71375,172.5975,342.60875
238.81,325.94375,240.805,357.65375,172.39,361.97375,170.395,330.27875
249.68125,328.9775,258.83125,359.8775,195.20125,378.7325,186.03625,347.8325
257.9175,333.34,268.9875,363.76,209.4525,385.42,198.3825,355.0
271.65,342.0425,275.67,378.2525,211.29,385.4075,207.27,349.1975
276.52375,346.19,283.58875,378.695,219.02875,392.75,211.94875,360.245
282.1575,351.86125,284.1075,386.84125,221.6325,390.30625,219.6825,355.34125
284.1075,353.635,280.9425,391.615,219.3825,386.485,222.5475,348.505
288.885,355.555,283.125,395.875,222.855,387.265,228.615,346.945
284.845,351.8025,295.9,385.9875,237.715,404.8275,226.66,370.6425
295.7625,360.8625,293.5875,398.4225,231.1875,394.8075,233.3625,357.2475
296.0125,356.94125,304.6975,396.06125,243.1375,409.74125,234.4525,370.60625
304.77,361.405,309.57,399.805,242.55,408.175,237.75,369.775
306.64625,357.485,324.31625,394.58,265.44125,422.615,247.78625,385.52
309.825,361.4325,320.655,400.4325,259.155,417.5175,248.325,378.5175
323.25,366.75,323.25,410.25,261.75,410.25,261.75,366.75
333.00625,370.39125,333.60625,412.97625,270.33625,413.87625,269.72125,371.30625
344.605,374.67,340.75,419.355,280.435,414.15,284.29,369.465
352.5875,377.095,351.7775,419.71,291.9425,418.585,292.7525,375.97
356.77375,374.8675,372.17875,411.1825,312.35875,436.5625,296.93875,400.2475
361.53,380.9325,362.07,422.0325,303.51,422.7975,302.97,381.6975
371.33625,383.63125,370.73625,426.62125,312.31125,425.79625,312.92625,382.82125
381.55875,387.4925,379.45875,430.7975,319.59375,427.9175,321.67875,384.6125
382.415,385.99125,387.725,429.13125,328.265,436.45125,322.955,393.29625
391.69875,389.39125,389.74875,436.85125,330.81375,434.45125,332.74875,386.97625
389.165,387.96875,402.56,430.23875,348.455,447.38375,335.06,405.09875
389.6075,385.9425,404.7425,430.1325,348.1025,449.5275,332.9675,405.3375
396.18625,388.31125,411.53125,433.61125,355.41625,452.63125,340.05625,407.31625
406.98375,390.03875,419.29875,441.74375,360.75375,455.69375,348.45375,403.97375
415.7125,392.3275,428.0125,439.0675,368.6575,454.6825,356.3575,407.9425
418.9925,389.91,444.5825,429.72,388.2575,465.93,362.6675,426.12
434.37875,396.52875,444.74375,446.05875,381.59375,459.28875,371.21375,409.77375
429.8275,395.3325,444.3175,445.6725,386.4025,462.3375,371.9125,411.9975
433.5075,392.535,463.6425,432.795,409.1625,473.565,379.0275,433.305
443.2925,397.16125,470.9825,439.95625,415.1975,476.04625,387.5075,433.26625
463.69875,404.195,468.39375,456.8,406.83375,462.305,402.12375,409.7
458.54,402.16875,488.0,444.24375,436.76,480.12375,407.3,438.03375
471.21,404.3325,498.315,446.8125,445.23,480.6975,418.125,438.2175
465.7375,402.55,500.6125,444.55,453.5125,483.67,418.6375,441.67
477.495,405.54875,511.59,448.17875,463.845,486.36875,429.75,443.75375
489.9625,408.445,518.2675,450.07,466.6675,485.155,438.3625,443.53
495.85,408.1675,528.325,449.9125,478.69,488.5225,446.215,446.7775
523.5,412.0,523.5,472.0,460.5,472.0,460.5,412.0
532.3875,417.2025,532.3575,466.1775,467.7225,466.1475,467.7525,417.1725
509.6875,408.1525,540.3625,450.1225,489.7825,487.0975,459.1075,445.1275
550.7925,423.3925,544.1925,472.7575,471.8775,463.0975,478.4775,413.7325
542.8775,411.9625,546.9425,466.6075,489.7925,470.8675,485.7275,416.2225
561.5,411.75,561.5,467.25,492.5,467.25,492.5,411.75
569.3125,410.77375,571.5925,465.47875,507.0175,468.17875,504.7375,413.45875
577.29375,409.41625,584.35875,463.25125,525.37875,470.99125,518.29875,417.17125
580.76875,409.88375,580.99375,466.43375,521.50375,466.67375,521.26375,410.13875
577.24375,401.5,607.33375,453.07,550.81375,486.04,520.73875,434.47
609.62,404.94125,615.08,459.58625,546.02,466.50125,540.56,411.84125
624.32375,407.27125,624.14375,464.64625,557.22875,464.43625,557.39375,407.07625
635.75,405.25,635.75,463.75,571.25,463.75,571.25,405.25
648.75,403.0,648.75,463.0,584.25,463.0,584.25,403.0
650.58125,405.39875,648.43625,463.08875,583.20125,460.67375,585.33125,402.96875
661.5375,404.49125,659.6625,460.81625,593.3925,458.61125,595.2675,402.27125
647.92,395.1125,674.935,446.3975,621.4,474.5975,594.385,423.3125
651.225,392.43375,682.59,444.84375,630.675,475.92375,599.31,423.52875
655.355,392.9225,681.785,439.8875,629.645,469.2275,603.215,422.2625
676.21125,395.0675,679.16625,450.6575,615.13125,454.0625,612.16125,398.4725
679.3375,396.2975,677.3425,454.1075,612.4525,451.8725,614.4475,394.0625
678.7625,394.3675,676.7675,452.0725,615.0875,449.9425,617.0825,392.2375
675.96,391.85625,674.73,449.86125,614.46,448.57125,615.69,390.58125
653.56125,382.68625,682.84125,437.57125,628.64625,466.47625,599.38125,411.57625
673.4275,390.97625,670.5475,446.80625,608.8825,443.61125,611.7625,387.79625
685.5975,417.4975,641.2725,468.1525,596.5725,429.0325,640.8975,378.3775
683.07875,421.83875,637.67375,466.44875,595.79375,423.83375,641.18375,379.20875
677.17875,428.81125,625.38375,464.67625,590.13375,413.73625,641.91375,377.88625
663.56125,439.48375,600.00625,441.58375,598.22125,387.68875,661.76125,385.57375
660.435,440.0925,592.635,444.2025,589.005,384.2775,656.805,380.1675
654.9025,439.29,587.1475,441.285,585.4075,382.23,653.1625,380.235
646.79,435.8975,586.61,438.8825,583.79,382.1525,643.97,379.1675
646.4925,437.93125,586.0275,439.31125,584.6775,379.71625,645.1425,378.35125
645.18375,436.22375,581.67375,437.79875,580.24875,380.10875,643.74375,378.51875
638.05125,435.8725,576.16125,434.1475,577.73625,377.4175,639.64125,379.1425
635.28375,434.7175,567.75375,433.8025,568.54875,375.2725,636.06375,376.1875
632.05125,428.8475,566.33625,438.4025,558.25125,382.7825,623.95125,373.2275
623.4475,430.1325,563.2975,431.5275,562.0225,376.7175,622.1725,375.3225
623.5675,431.55875,562.3675,432.77375,561.2425,376.31375,622.4425,375.08375
617.20125,431.56,558.50625,432.91,557.20125,376.06,615.88125,374.71
620.065,429.9875,551.425,433.6925,548.275,375.4025,616.915,371.6975
613.07375,429.44625,549.90875,431.45625,548.06375,373.36125,611.24375,371.36625
608.12,430.75125,547.52,429.38625,548.78,373.85625,609.38,375.23625
606.29625,424.0975,547.82625,432.4075,540.43125,380.4325,598.91625,372.1225
606.8275,427.7325,546.6625,431.8875,542.8825,377.2575,603.0475,373.1025
605.245,428.9975,543.28,430.6625,541.795,375.4925,603.76,373.8275
604.0775,423.6725,539.6375,429.4925,534.8525,376.6175,599.2925,370.7975
613.06,403.765,566.455,450.055,525.46,408.775,572.065,362.485
608.07625,413.68,554.10625,448.375,521.69125,397.96,575.67625,363.265
595.07,420.92125,538.475,429.74125,530.33,377.46625,586.925,368.66125
593.935,421.78,532.21,427.66,527.185,374.92,588.91,369.04
598.72125,423.96,527.15625,428.565,523.60125,373.44,595.15125,368.835
594.23,429.835,524.93,429.835,524.93,366.205,594.23,366.205
592.9625,429.9175,523.5875,429.9175,523.5875,366.2125,592.9625,366.2125
587.7025,424.2025,526.0675,430.3675,520.3675,373.4875,582.0025,367.3225
587.65,426.665,520.945,428.525,519.31,370.055,586.015,368.195
587.93,423.64125,526.22,430.45125,520.07,374.74125,581.78,367.91625
583.50625,427.2025,520.61125,427.2925,520.53625,368.0275,583.41625,367.9375
585.4175,422.44,519.6875,428.095,515.1125,374.98,580.8425,369.325
584.9675,426.39,521.1425,427.395,520.2425,371.31,584.0675,370.305
587.28,426.545,519.93,426.725,519.78,370.595,587.13,370.415
592.10625,428.45375,522.88125,430.28375,521.32125,371.18375,590.56125,369.36875
590.2175,429.3275,523.3625,428.1425,524.3525,372.2225,591.2075,373.4075
589.8375,427.0875,525.2175,425.7375,526.3125,373.4025,590.9325,374.7525
590.32625,426.8725,530.08625,428.1175,528.90125,371.0575,589.15625,369.8125
597.355,430.0575,529.555,430.2375,529.405,372.8925,597.205,372.7125
598.40125,427.60625,533.64625,429.60125,531.96625,375.06125,596.73625,373.08125
600.75,428.25,536.25,428.25,536.25,372.75,600.75,372.75
603.58875,426.745,537.36375,429.025,535.42875,373.015,601.66875,370.735
608.1,424.8125,541.695,429.2375,538.14,375.7775,604.545,371.3525
611.7425,426.65875,546.1025,428.95375,544.2275,375.11875,609.8675,372.83875
613.845,427.2875,552.0,425.4275,553.575,372.9425,615.42,374.8025
623.5825,427.11,558.3925,430.155,555.9475,377.85,621.1375,374.805
627.34,426.7525,565.285,427.5775,564.58,374.9575,626.635,374.1325
628.96875,426.49875,564.52875,425.85375,565.06875,371.89875,629.52375,372.55875
634.5,424.75,571.5,424.75,571.5,372.25,634.5,372.25
640.9675,425.47,576.2275,425.305,576.3625,369.91,641.1025,370.075
648.725,423.94875,585.635,419.89875,588.995,367.60875,652.085,371.67375
660.02,419.76125,593.72,423.45125,590.84,371.68625,657.14,368.01125
665.0375,422.87125,603.1175,422.49625,603.4325,369.05125,665.3525,369.41125
670.635,412.58,602.04,424.97,593.565,378.02,662.16,365.63
678.08,416.165,606.845,420.485,603.8,370.355,675.035,366.035
681.95,416.375,614.675,420.5,611.57,369.845,678.845,365.72
688.805,415.04875,622.16,416.77375,620.855,366.44875,687.5,364.73875
693.64,411.20375,627.34,415.80875,623.92,366.41375,690.22,361.82375
695.24,412.745,629.675,413.435,629.12,361.775,694.685,361.085
698.28875,405.3825,632.61875,415.9575,625.10375,369.2475,690.75875,358.6725
701.1125,401.7925,635.1875,412.9525,627.7775,369.1975,693.7025,358.0375
702.205,405.1625,638.62,407.3525,636.955,359.0675,700.54,356.8775
711.1125,393.3275,653.0325,422.4275,630.3375,377.1425,688.4175,348.0425
706.27625,405.25125,640.45625,403.25625,642.04625,351.01125,707.85125,352.99125
711.895,401.5475,642.46,406.1675,639.025,354.5225,708.46,349.9025
719.0,389.26125,659.93,424.01625,632.24,376.94625,691.31,342.20625
713.3325,399.8325,643.2225,400.2225,642.9375,348.6375,713.0475,348.2475
715.03,395.8625,644.65,397.0775,643.81,348.1475,714.19,346.9325
714.7675,396.4275,644.5675,395.5125,645.2425,343.7025,715.4425,344.6175
712.94375,395.75625,644.30375,394.40625,645.30875,343.46625,713.93375,344.80125
713.595,389.3775,643.515,393.1125,640.965,345.2925,711.045,341.5575
714.125,389.38875,643.175,394.65375,639.395,343.66875,710.345,338.41875
710.5075,386.2025,641.5675,391.1375,638.0425,341.9075,706.9825,336.9725
706.64,388.4925,637.13,388.6275,637.04,340.3575,706.55,340.2225
704.1325,386.0175,634.8025,385.5675,635.1175,336.2325,704.4475,336.6825
705.4125,372.33875,642.8775,398.28875,624.6975,354.45875,687.2325,328.52375
697.205,379.1275,629.36,382.5325,627.095,337.3225,694.94,333.9175
701.265,370.0075,638.61,395.3725,621.075,352.0825,683.73,326.7175
694.23125,373.50625,626.91125,382.61125,621.13625,339.92125,688.47125,330.83125
686.5125,361.605,625.8075,380.61,615.0375,346.215,675.7425,327.21
680.625,377.33125,618.075,377.94625,617.595,330.71125,680.145,330.08125
682.3675,376.5425,610.9675,377.0375,610.6225,326.9675,682.0225,326.4725
678.03,372.505,608.25,374.605,606.81,326.995,676.59,324.895
685.4975,362.14875,625.5125,395.46375,600.6725,350.76375,660.6575,317.43375
674.9375,367.65,608.1425,375.165,603.1925,331.17,669.9875,323.655
675.3075,369.0875,602.8725,368.8325,603.0225,327.8825,675.4575,328.1375
675.48,367.9125,602.775,369.5475,601.8,326.0775,674.505,324.4425
670.63375,370.46875,601.88875,367.30375,604.06375,319.88875,672.82375,323.06875
671.97625,369.4075,601.82125,370.5475,601.01125,321.4225,671.18125,320.2825
675.7825,360.96375,609.0625,382.65375,594.3475,337.35375,661.0675,315.67875
671.04875,369.3,602.87375,371.37,601.32875,320.58,669.51875,318.51
672.72,368.7025,602.19,368.4925,602.34,319.0675,672.87,319.2775
675.0525,368.09875,602.5575,366.28375,603.6975,321.07375,676.1925,322.87375
676.6025,367.73625,606.8225,368.45625,606.3275,321.56625,676.1075,320.83125
682.7225,354.69625,620.6525,385.19125,599.6675,342.48625,661.7375,311.97625
677.425,366.6875,607.945,367.4825,607.435,321.8225,676.915,321.0275
682.11,361.52,611.835,370.4,606.27,326.36,676.545,317.48
680.57375,366.67125,614.57375,367.69125,613.88375,323.09625,679.89875,322.09125
684.7775,364.1625,616.7525,370.9875,612.4325,327.9675,680.4575,321.1425
688.77625,367.305,616.31125,369.99,614.52625,321.615,686.97625,318.93
692.115,358.035,626.145,382.89,609.225,338.025,675.195,313.17
693.2075,355.2475,631.3325,385.9075,609.3425,341.5225,671.2175,310.8625
687.88125,366.6425,617.02125,368.1425,615.98625,319.5275,686.86125,318.0275
688.9075,365.39875,616.8775,364.22875,617.6425,317.39875,689.6725,318.58375
687.61,362.21875,618.4,360.13375,619.75,315.13375,688.96,317.20375
687.245,362.90625,617.15,360.55125,618.755,312.65625,688.85,314.99625
688.25875,360.2025,616.06375,359.6025,616.45375,313.3275,688.63375,313.9275
687.75,360.0,617.25,360.0,617.25,312.0,687.75,312.0
685.6125,358.1125,617.1075,357.8875,617.2575,310.3375,685.7625,310.5625
685.3575,357.43875,614.7825,355.53375,616.0725,307.75875,686.6475,309.67875
685.48125,349.9925,614.95125,354.4025,612.34125,312.4175,682.85625,308.0075
