704.96,242.61,737.34,242.96,736.59,313.94,704.2,313.6
699.77,243.18,731.45,241.38,735.49,312.87,703.82,314.66
697.04,242.07,728.43,242.36,727.8,310.41,696.41,310.12
694.34,240.22,724.93,240.0,725.42,308.18,694.83,308.4
696.27,237.8,725.51,241.23,717.53,309.38,688.28,305.96
690.88,238.49,721.91,241.08,716.35,307.78,685.32,305.19
686.99,238.24,717.51,239.17,715.55,303.77,685.03,302.85
685.08,237.71,712.55,237.98,711.82,312.26,684.35,311.99
682.8,236.75,708.98,236.64,709.31,311.02,683.13,311.13
682.72,236.31,708.96,237.6,705.27,312.65,679.03,311.36
683.34,238.6,708.44,240.81,702.12,312.78,677.02,310.57
683.95,239.31,709.01,243.63,696.75,314.78,671.68,310.46
682.19,243.45,706.14,247.77,694.63,311.64,670.68,307.33
674.63,243.03,701.62,246.69,693.27,308.2,666.29,304.54
666.15,246.24,693.68,247.12,691.79,305.85,664.26,304.97
658.26,245.39,686.19,243.82,689.56,303.5,661.63,305.08
657.93,246.15,684.05,247.39,681.28,305.72,655.16,304.48
653.24,245.7,680.62,247.2,677.42,305.34,650.04,303.83
650.47,245.61,676.88,247.16,673.62,302.97,647.21,301.43
642.0,246.0,671.0,246.0,671.0,302.0,642.0,302.0
643.25,245.65,669.56,247.44,665.83,302.27,639.52,300.48
637.37,244.09,664.91,245.15,662.74,301.5,635.21,300.44
633.45,245.72,661.6,246.78,659.53,301.4,631.39,300.33
629.01,246.24,657.09,245.96,657.64,301.39,629.57,301.67
633.33,242.04,661.78,248.94,649.0,301.65,620.55,294.75
621.25,244.23,651.03,244.25,650.99,300.47,621.21,300.44
620.1,244.09,647.99,245.5,645.16,301.67,617.27,300.26
615.26,245.78,643.66,246.19,642.86,301.27,614.47,300.86
609.04,245.99,640.86,246.4,640.17,300.23,608.35,299.83
606.42,248.02,636.35,247.01,638.07,297.77,608.13,298.78
614.74,243.58,644.84,255.96,626.01,301.71,595.92,289.33
614.53,244.19,642.44,259.9,619.27,301.09,591.36,285.39
611.64,242.6,638.81,256.05,616.61,300.89,589.45,287.44
607.42,244.0,633.05,253.44,615.51,301.03,589.89,291.59
597.25,246.51,621.85,246.19,622.48,295.96,597.88,296.27
595.82,244.16,619.45,245.44,616.68,296.69,593.04,295.41
588.38,245.02,612.48,242.97,616.85,294.48,592.75,296.52
589.15,245.59,612.48,245.61,612.42,298.64,589.09,298.62
585.48,245.03,610.24,246.42,607.41,296.74,582.65,295.35
583.16,243.45,606.84,244.74,604.02,296.65,580.34,295.36
578.97,246.43,600.93,246.14,601.59,296.64,579.63,296.93
576.5,246.14,598.78,246.54,597.9,295.32,575.62,294.92
574.72,245.77,596.34,246.4,594.86,297.05,573.24,296.42
569.71,244.25,590.28,243.84,591.25,292.08,570.68,292.5
564.97,244.23,586.51,242.8,589.78,291.96,568.24,293.39
567.87,243.33,586.65,244.37,583.87,294.27,565.1,293.23
561.53,242.54,581.57,243.15,580.11,291.4,560.06,290.79
556.48,243.22,579.45,244.05,577.67,293.12,554.7,292.28
558.09,241.93,579.26,245.64,570.85,293.61,549.68,289.91
554.12,240.97,576.44,245.58,566.89,291.84,544.56,287.23
550.46,239.53,575.03,243.31,567.46,292.53,542.88,288.75
546.82,242.83,569.74,244.8,565.68,291.93,542.76,289.95
546.85,242.11,572.02,245.3,566.27,290.62,541.1,287.43
545.19,242.7,570.61,244.52,567.37,289.85,541.94,288.04
542.26,246.59,566.31,246.2,567.0,288.22,542.95,288.61
539.16,245.73,565.09,245.79,564.99,288.81,539.05,288.75
542.0,243.3,563.83,242.62,565.23,287.84,543.41,288.51
542.57,241.45,565.98,242.55,563.73,290.48,540.32,289.38
541.26,245.67,565.91,246.5,564.43,290.76,539.78,289.94
538.5,242.65,565.15,243.66,563.35,291.34,536.7,290.33
538.09,242.31,566.47,244.22,563.3,291.47,534.92,289.57
536.0,243.0,566.0,243.0,566.0,288.0,536.0,288.0
537.0,244.0,563.0,244.0,563.0,288.0,537.0,288.0
535.21,244.28,561.86,244.04,562.23,286.08,535.58,286.32
536.43,239.67,562.15,240.56,560.56,286.81,534.83,285.93
533.32,243.27,556.18,242.43,557.77,286.09,534.92,286.93
533.07,246.03,557.56,245.49,558.44,285.75,533.95,286.28
534.07,244.39,555.99,245.21,554.4,287.61,532.48,286.79
533.37,242.53,560.77,244.81,557.17,287.93,529.78,285.65
533.18,240.74,559.08,244.44,553.02,286.86,527.12,283.16
533.65,240.68,556.77,245.49,548.14,286.95,525.01,282.13
528.0,244.0,553.0,244.0,553.0,284.0,528.0,284.0
536.26,242.69,559.83,250.56,547.54,287.37,523.97,279.5
527.0,240.0,552.0,240.0,552.0,284.0,527.0,284.0
536.33,241.2,560.18,250.1,547.37,284.42,523.53,275.52
528.0,242.0,552.0,242.0,552.0,285.0,528.0,285.0
539.75,239.79,561.08,248.33,546.07,285.83,524.74,277.29
532.5,245.54,552.97,245.84,552.37,286.24,531.9,285.93
537.05,242.42,554.67,243.78,551.27,287.77,533.66,286.41
537.27,241.71,556.93,242.56,554.93,288.69,535.27,287.84
537.47,240.39,556.34,239.53,558.61,289.52,539.74,290.38
540.0,241.48,559.85,242.13,558.25,290.67,538.4,290.02
544.26,244.69,563.91,245.39,562.3,290.51,542.65,289.81
543.25,244.19,563.35,244.06,563.64,290.36,543.55,290.49
546.0,246.0,568.0,246.0,568.0,290.0,546.0,290.0
541.93,253.75,563.68,244.18,579.6,280.37,557.86,289.94
545.59,256.9,568.27,248.4,581.42,283.47,558.74,291.97
545.5,255.5,569.76,245.1,585.43,281.67,561.17,292.07
548.26,252.7,569.64,244.15,585.17,283.01,563.79,291.55
549.59,252.68,568.67,240.88,590.4,276.01,571.32,287.81
553.89,251.78,574.64,240.12,595.76,277.71,575.01,289.37
563.12,242.7,588.73,243.46,587.46,286.43,561.84,285.67
558.85,250.09,583.8,241.06,598.02,280.36,573.07,289.39
558.3,249.59,585.23,238.04,602.84,279.1,575.91,290.65
571.61,248.18,596.18,248.85,595.13,287.37,570.55,286.69
577.66,241.71,599.8,244.41,594.36,288.91,572.23,286.21
580.2,245.59,602.8,248.81,597.13,288.53,574.54,285.31
577.09,249.25,599.41,250.07,598.06,286.52,575.73,285.7
583.47,242.55,606.24,248.02,596.41,288.94,573.65,283.48
584.77,244.49,608.57,249.24,601.16,286.32,577.37,281.57
582.63,250.42,610.76,247.51,614.33,281.9,586.2,284.82
583.51,249.64,613.25,245.99,617.7,282.22,587.96,285.87
584.51,245.96,615.48,246.13,615.28,283.1,584.31,282.93
586.26,253.12,611.42,243.57,624.03,276.78,598.87,286.33
588.97,253.21,615.41,244.39,626.21,276.76,599.77,285.58
592.0,247.0,619.0,247.0,619.0,284.0,592.0,284.0
594.17,246.48,622.58,248.37,620.11,285.34,591.7,283.45
594.87,248.33,620.08,248.4,619.97,284.52,594.77,284.45
595.6,248.13,620.39,248.53,619.82,283.49,595.03,283.08
596.93,247.87,622.33,248.18,621.91,283.19,596.51,282.88
597.23,248.19,624.01,248.17,624.02,283.0,597.25,283.01
600.67,247.35,626.93,251.48,621.5,285.97,595.24,281.84
605.11,247.4,631.11,257.8,619.01,288.08,593.0,277.68
610.62,245.02,636.35,268.41,615.27,291.61,589.53,268.21
598.0,250.0,627.0,250.0,627.0,286.0,598.0,286.0
594.53,246.85,622.21,247.18,621.77,284.21,594.09,283.88
588.99,245.43,616.89,245.07,617.35,281.38,589.45,281.73
585.28,242.66,609.67,243.49,608.37,281.72,583.99,280.9
578.0,244.0,606.0,244.0,606.0,280.0,578.0,280.0
569.77,250.31,592.57,241.62,605.45,275.4,582.65,284.09
563.92,250.51,586.85,240.55,601.77,274.88,578.85,284.85
554.88,247.88,577.85,236.92,594.59,271.99,571.62,282.96
550.28,242.95,575.31,237.39,584.39,278.27,559.36,283.83
541.14,244.61,566.37,236.93,578.98,278.35,553.75,286.03
530.81,245.98,554.96,235.79,571.59,275.21,547.43,285.39
525.72,243.16,552.83,237.46,561.64,279.29,534.53,284.99
520.12,239.61,546.35,237.59,549.53,278.88,523.3,280.9
513.11,237.92,539.82,238.49,538.95,279.32,512.24,278.75
503.24,241.79,531.37,242.14,530.94,277.2,502.81,276.85
494.75,246.1,518.87,238.03,530.38,272.39,506.26,280.46
489.45,238.78,515.85,240.43,513.39,279.84,486.99,278.19
480.23,237.91,507.89,240.99,503.49,280.61,475.83,277.54
468.0,240.0,497.0,240.0,497.0,280.0,468.0,280.0
461.85,240.77,487.05,242.96,483.42,284.65,458.22,282.45
452.72,245.05,476.46,248.29,470.75,290.15,447.01,286.91
437.88,246.57,460.09,246.71,459.83,288.39,437.62,288.25
426.96,244.19,452.54,249.31,443.77,293.15,418.19,288.04
407.02,248.22,435.88,247.92,436.31,289.71,407.46,290.0
395.93,250.23,423.18,250.53,422.75,290.76,395.49,290.46
383.53,249.23,411.3,249.6,410.77,289.45,383.0,289.09
365.03,260.08,391.77,250.36,404.29,284.8,377.55,294.53
352.11,260.03,377.24,255.04,384.78,293.06,359.66,298.04
335.15,256.71,356.94,256.34,357.58,293.23,335.79,293.61
310.42,259.48,333.68,256.44,337.99,289.36,314.73,292.41
286.98,261.91,311.36,257.48,316.72,286.96,292.34,291.39
272.0,261.0,294.0,261.0,294.0,288.0,272.0,288.0
253.0,247.0,275.0,247.0,275.0,287.0,253.0,287.0
233.0,250.0,256.0,250.0,256.0,291.0,233.0,291.0
213.93,249.59,238.51,250.71,236.71,290.49,212.12,289.37
193.49,252.95,220.0,252.93,220.02,292.85,193.51,292.86
175.41,251.61,201.25,252.48,199.89,293.4,174.05,292.53
160.87,254.18,182.19,254.64,181.31,295.25,159.99,294.79
143.22,254.43,170.5,250.23,177.08,292.99,149.8,297.18
135.45,252.49,163.0,255.77,158.07,297.09,130.52,293.8
120.44,252.52,147.78,253.24,146.6,298.15,119.26,297.43
105.42,254.73,135.01,254.74,135.0,298.25,105.41,298.24
94.476,253.81,123.23,256.02,119.77,300.98,91.018,298.77
87.8,255.29,117.92,257.9,114.19,300.98,84.065,298.36
85.193,259.85,118.84,264.24,113.46,305.45,79.818,301.06
77.79,265.64,114.52,263.34,116.94,302.0,80.206,304.3
82.16,263.58,114.65,263.82,114.34,304.18,81.854,303.93
82.775,262.33,113.82,263.31,112.44,306.7,81.394,305.71
84.783,263.15,114.08,264.32,112.33,308.34,83.028,307.17
84.626,265.78,116.51,264.99,117.63,310.45,85.745,311.23
89.602,266.38,121.25,266.68,120.8,314.36,89.155,314.06
94.294,265.03,128.5,267.64,124.75,316.86,90.536,314.25
97.237,264.86,128.95,265.52,127.85,318.76,96.136,318.11
95.0,268.0,128.0,268.0,128.0,323.0,95.0,323.0
95.863,266.67,128.19,268.7,124.9,321.41,92.564,319.39
92.475,268.58,125.33,265.87,129.96,322.02,97.101,324.72
88.928,274.84,123.43,266.52,136.25,319.6,101.74,327.92
89.734,274.63,124.05,265.87,136.93,316.3,102.61,325.07
86.71,280.19,118.89,263.86,141.67,308.72,109.49,325.05
89.343,273.68,124.72,262.22,141.92,315.34,106.55,326.8
98.889,272.27,137.28,270.87,139.25,324.91,100.86,326.31
93.37,279.33,129.31,263.74,151.55,315.01,115.61,330.6
101.16,283.98,131.79,265.79,156.11,306.77,125.48,324.95
102.09,295.72,130.46,265.79,164.14,297.72,135.76,327.65
113.13,281.07,145.43,263.42,170.86,309.96,138.56,327.61
120.17,313.13,137.61,264.29,174.92,277.62,157.48,326.46
129.96,310.11,148.92,263.15,181.72,276.4,162.75,323.36
140.54,285.69,173.01,260.44,201.06,296.51,168.59,321.76
154.33,307.7,168.07,261.07,202.06,271.09,188.32,317.72
162.53,295.71,187.98,260.03,216.27,280.22,190.82,315.89
175.73,300.57,189.47,261.65,220.55,272.62,206.81,311.54
182.3,297.86,203.88,260.0,231.7,275.86,210.12,313.72
192.91,301.62,206.59,261.67,235.89,271.7,222.22,311.65
197.87,301.05,215.77,261.51,242.37,273.55,224.47,313.09
206.32,307.81,220.96,261.23,248.18,269.79,233.54,316.36
214.69,309.05,228.49,262.41,254.0,269.96,240.19,316.6
225.01,311.09,234.19,262.13,260.11,266.99,250.93,315.95
233.06,312.96,240.13,265.82,266.88,269.83,259.8,316.97
246.65,314.97,247.06,265.54,269.22,265.73,268.81,315.15
253.3,317.1,254.78,266.58,275.61,267.2,274.13,317.71
258.97,315.57,263.91,267.12,284.6,269.23,279.66,317.68
267.06,315.49,269.54,268.24,289.41,269.29,286.93,316.54
275.8,317.7,271.36,265.02,292.2,263.26,296.64,315.94
281.06,315.87,281.5,263.75,303.08,263.93,302.64,316.05
291.63,318.39,286.65,260.34,307.12,258.59,312.09,316.63
298.38,318.83,291.31,264.2,314.62,261.18,321.69,315.81
308.81,317.46,300.88,260.93,322.08,257.95,330.01,314.48
312.35,316.71,306.36,259.89,331.98,257.19,337.97,314.01
322.79,317.13,318.08,257.83,340.38,256.06,345.09,315.36
330.24,318.67,320.67,260.75,343.89,256.91,353.46,314.83
334.74,318.08,334.67,258.74,356.98,258.71,357.05,318.06
345.77,317.01,339.08,260.51,359.52,258.09,366.22,314.58
352.27,316.88,343.96,258.18,368.38,254.72,376.69,313.42
361.88,315.66,353.22,261.03,372.67,257.95,381.33,312.57
367.28,315.62,361.34,260.61,384.66,258.09,390.61,313.1
373.93,315.44,367.55,260.96,391.14,258.2,397.52,312.68
377.77,313.92,377.89,259.18,403.08,259.23,402.96,313.98
387.11,314.23,382.69,260.2,407.33,258.18,411.75,312.22
393.01,314.48,388.72,263.14,414.56,260.98,418.85,312.32
398.91,312.63,395.97,261.06,421.99,259.58,424.93,311.15
407.69,314.74,401.84,256.54,426.33,254.08,432.18,312.28
415.62,311.65,409.21,259.11,433.12,256.2,439.53,308.73
420.17,310.76,419.88,261.18,445.83,261.03,446.12,310.61
428.64,307.07,426.02,257.42,452.06,256.05,454.67,305.7
442.51,304.7,437.36,256.73,457.53,254.57,462.68,302.53
450.05,306.22,441.13,256.59,462.09,252.82,471.01,302.45
455.68,306.9,451.23,259.48,475.26,257.23,479.7,304.64
461.0,306.0,461.0,260.0,483.0,260.0,483.0,306.0
465.15,305.66,467.39,261.38,489.03,262.48,486.79,306.75
474.27,307.75,476.01,260.67,495.39,261.38,493.65,308.47
479.47,310.95,479.4,263.18,500.39,263.15,500.46,310.92
483.02,310.51,484.15,265.61,504.88,266.13,503.75,311.03
486.91,311.67,492.2,264.53,511.17,266.65,505.88,313.8
491.29,314.49,495.53,265.4,513.78,266.97,509.55,316.07
493.71,311.99,494.14,264.02,512.65,264.19,512.22,312.15
496.17,309.39,496.6,264.4,515.76,264.58,515.34,309.57
496.54,305.82,495.7,263.61,514.83,263.23,515.66,305.45
497.0,304.0,497.0,256.0,517.0,256.0,517.0,304.0
495.71,303.45,498.95,258.19,518.96,259.62,515.72,304.88
495.0,306.0,495.0,257.0,518.0,257.0,518.0,306.0
494.72,306.94,496.06,258.92,518.85,259.55,517.51,307.57
492.82,307.85,495.1,258.77,520.21,259.94,517.93,309.02
494.81,307.85,495.59,258.89,517.65,259.24,516.88,308.2
492.07,308.77,495.69,263.07,520.62,265.05,516.99,310.75
492.8,306.63,497.43,263.58,522.17,266.24,517.54,309.29
494.98,307.34,496.56,264.22,520.43,265.09,518.84,308.22
492.17,306.92,493.92,262.45,520.39,263.49,518.65,307.96
489.93,310.34,492.61,262.7,519.01,264.19,516.33,311.82
477.4,307.86,477.89,265.29,504.93,265.6,504.44,308.17
469.07,307.45,467.24,265.18,489.53,264.21,491.37,306.48
450.19,307.32,449.4,265.09,477.22,264.57,478.01,306.8
433.98,308.75,430.28,264.39,460.16,261.9,463.86,306.26
415.06,306.78,419.61,259.56,445.99,262.1,441.44,309.32
398.75,306.04,403.81,258.73,433.72,261.93,428.65,309.25
384.88,305.66,387.64,258.05,418.35,259.83,415.6,307.44
374.57,306.32,375.05,259.19,402.43,259.46,401.95,306.6
360.49,307.35,357.01,262.15,387.52,259.81,391.0,305.0
356.42,313.11,337.54,271.61,364.21,259.47,383.09,300.97
334.31,310.67,328.74,263.27,360.01,259.59,365.59,306.99
327.93,315.6,315.91,270.2,344.08,262.74,356.1,308.15
313.3,318.26,306.89,270.21,337.99,266.06,344.4,314.11
300.59,316.99,300.63,269.7,331.15,269.73,331.11,317.01
294.48,318.27,295.45,270.12,322.58,270.67,321.61,318.82
287.91,319.36,289.12,269.12,319.75,269.86,318.54,320.1
281.34,322.45,285.22,268.79,319.73,271.29,315.84,324.94
274.9,321.36,276.56,274.83,314.9,276.2,313.24,322.72
270.22,323.68,273.68,277.28,308.84,279.91,305.37,326.31
264.39,325.35,265.92,277.97,305.74,279.26,304.21,326.63
259.0,329.0,259.0,282.0,300.0,282.0,300.0,329.0
251.43,327.0,250.21,285.18,286.88,284.11,288.09,325.93
244.98,334.04,242.74,287.33,277.5,285.66,279.74,332.37
255.79,341.71,225.28,308.86,254.35,281.87,284.86,314.72
246.72,341.04,217.27,310.19,244.67,284.04,274.12,314.89
232.05,345.4,208.57,307.46,239.17,288.51,262.66,326.45
233.55,340.66,201.58,331.9,212.15,293.31,244.12,302.07
218.98,338.3,190.46,309.91,211.36,288.91,239.89,317.3
206.16,340.86,178.49,308.58,200.65,289.59,228.32,321.87
184.22,338.74,169.76,304.02,199.51,291.62,213.98,326.34
164.51,333.47,165.92,295.49,192.8,296.49,191.39,334.46
168.12,337.5,164.14,295.05,185.63,293.03,189.6,335.49
165.23,336.03,165.2,296.34,188.13,296.33,188.16,336.02
174.37,338.62,172.98,296.54,191.83,295.92,193.22,338.0
176.0,341.0,176.0,299.0,199.0,299.0,199.0,341.0
180.0,343.0,180.0,301.0,208.0,301.0,208.0,343.0
185.0,342.0,185.0,301.0,213.0,301.0,213.0,342.0
191.0,342.0,191.0,302.0,219.0,302.0,219.0,342.0
196.0,343.0,196.0,303.0,225.0,303.0,225.0,343.0
202.0,342.0,202.0,303.0,231.0,303.0,231.0,342.0
207.0,342.0,207.0,304.0,237.0,304.0,237.0,342.0
213.0,343.0,213.0,305.0,243.0,305.0,243.0,343.0
218.0,342.0,218.0,305.0,249.0,305.0,249.0,342.0
220.04,338.06,230.41,302.6,259.77,311.18,249.4,346.65
230.74,341.6,235.29,305.52,262.71,308.98,258.16,345.05
233.87,341.97,238.36,304.78,267.92,308.35,263.43,345.54
232.28,337.68,242.93,299.48,274.01,308.15,263.36,346.34
231.27,338.46,244.11,296.56,278.43,307.07,265.59,348.97
234.04,332.03,249.42,295.0,282.06,308.55,266.68,345.58
233.99,323.46,258.0,290.73,293.72,316.93,269.72,349.66
237.88,330.27,255.12,291.09,294.73,308.52,277.49,347.7
242.82,330.0,260.42,290.1,296.97,306.22,279.37,346.12
251.45,334.91,263.81,293.39,297.22,303.34,284.87,344.85
261.72,340.31,267.6,295.8,296.51,299.62,290.63,344.13
265.46,341.4,273.78,294.85,303.3,300.12,294.99,346.68
273.66,339.54,278.26,295.33,307.14,298.33,302.55,342.55
282.12,340.63,286.63,296.28,314.08,299.08,309.56,343.43
288.0,341.92,289.91,296.25,319.56,297.48,317.66,343.15
292.55,340.83,295.31,295.5,325.32,297.33,322.56,342.66
298.29,341.24,301.04,297.71,329.88,299.53,327.13,343.05
304.52,341.09,303.96,297.62,336.16,297.2,336.73,340.68
307.28,335.67,316.69,293.78,345.73,300.31,336.32,342.19
324.65,340.53,315.88,299.8,342.57,294.05,351.35,334.78
326.36,337.83,328.46,296.28,354.03,297.58,351.93,339.13
342.75,338.98,330.14,297.79,356.42,289.75,369.02,330.94
338.43,336.17,340.33,295.77,367.96,297.07,366.05,337.47
336.67,330.26,348.63,293.04,377.64,302.36,365.68,339.58
338.76,319.8,360.71,292.37,388.63,314.71,366.68,342.15
345.64,332.36,360.86,295.77,385.73,306.12,370.51,342.71
356.84,339.87,357.87,300.01,382.79,300.66,381.76,340.52
372.23,343.2,355.28,309.91,378.12,298.28,395.07,331.57
370.66,340.83,368.73,300.56,386.76,299.69,388.7,339.96
360.48,332.93,377.89,301.6,397.42,312.45,380.01,343.78
372.43,342.23,372.72,300.06,389.77,300.18,389.48,342.35
368.6,341.94,379.01,298.8,396.77,303.08,386.36,346.22
372.01,342.69,371.37,300.42,389.73,300.14,390.37,342.41
371.0,344.0,371.0,301.0,390.0,301.0,390.0,344.0
372.0,341.0,372.0,299.0,391.0,299.0,391.0,341.0
374.0,338.0,374.0,297.0,394.0,297.0,394.0,338.0
375.0,336.0,375.0,296.0,395.0,296.0,395.0,336.0
377.0,333.0,377.0,294.0,398.0,294.0,398.0,333.0
378.0,332.0,378.0,293.0,399.0,293.0,399.0,332.0
380.0,329.0,380.0,291.0,402.0,291.0,402.0,329.0
381.0,327.0,381.0,290.0,403.0,290.0,403.0,327.0
383.0,324.0,383.0,288.0,406.0,288.0,406.0,324.0
385.0,323.0,385.0,287.0,409.0,287.0,409.0,323.0
386.0,322.0,386.0,287.0,409.0,287.0,409.0,322.0
387.0,323.0,387.0,288.0,410.0,288.0,410.0,323.0
388.0,323.0,388.0,288.0,411.0,288.0,411.0,323.0
389.0,323.0,389.0,289.0,411.0,289.0,411.0,323.0
390.0,323.0,390.0,289.0,412.0,289.0,412.0,323.0
391.0,324.0,391.0,290.0,413.0,290.0,413.0,324.0
392.0,324.0,392.0,290.0,414.0,290.0,414.0,324.0
393.0,324.0,393.0,291.0,414.0,291.0,414.0,324.0
394.0,324.0,394.0,291.0,415.0,291.0,415.0,324.0
395.0,325.0,395.0,292.0,416.0,292.0,416.0,325.0
397.0,326.0,397.0,293.0,418.0,293.0,418.0,326.0
393.0,326.0,393.0,293.0,414.0,293.0,414.0,326.0
390.0,326.0,390.0,293.0,411.0,293.0,411.0,326.0
387.0,327.0,387.0,294.0,408.0,294.0,408.0,327.0
384.0,327.0,384.0,294.0,405.0,294.0,405.0,327.0
381.0,328.0,381.0,295.0,402.0,295.0,402.0,328.0
378.0,328.0,378.0,295.0,399.0,295.0,399.0,328.0
375.0,329.0,375.0,296.0,397.0,296.0,397.0,329.0
372.0,329.0,372.0,296.0,394.0,296.0,394.0,329.0
369.0,329.0,369.0,296.0,391.0,296.0,391.0,329.0
366.0,330.0,366.0,297.0,388.0,297.0,388.0,330.0
363.0,330.0,363.0,297.0,385.0,297.0,385.0,330.0
360.0,331.0,360.0,298.0,382.0,298.0,382.0,331.0
357.0,331.0,357.0,298.0,379.0,298.0,379.0,331.0
354.0,333.0,354.0,299.0,377.0,299.0,377.0,333.0
345.0,331.6,345.0,297.4,368.8,297.4,368.8,331.6
336.0,330.2,336.0,295.8,360.6,295.8,360.6,330.2
327.0,328.8,327.0,294.2,352.4,294.2,352.4,328.8
318.0,327.4,318.0,292.6,344.2,292.6,344.2,327.4
309.0,326.0,309.0,291.0,336.0,291.0,336.0,326.0
296.83,327.5,296.83,292.0,324.67,292.0,324.67,327.5
284.67,329.0,284.67,293.0,313.33,293.0,313.33,329.0
272.5,330.5,272.5,294.0,302.0,294.0,302.0,330.5
260.33,332.0,260.33,295.0,290.67,295.0,290.67,332.0
248.17,333.5,248.17,296.0,279.33,296.0,279.33,333.5
236.0,335.0,236.0,297.0,268.0,297.0,268.0,335.0
226.0,334.0,226.0,296.0,258.0,296.0,258.0,334.0
217.0,334.0,217.0,296.0,249.0,296.0,249.0,334.0
207.0,334.0,207.0,295.0,239.0,295.0,239.0,334.0
198.0,334.0,198.0,295.0,230.0,295.0,230.0,334.0
188.0,334.0,188.0,294.0,220.0,294.0,220.0,334.0
179.0,334.0,179.0,294.0,211.0,294.0,211.0,334.0
170.0,335.0,170.0,294.0,202.0,294.0,202.0,335.0
161.95,332.99,162.47,294.8,191.39,295.19,190.87,333.39
146.9,316.27,170.83,292.42,194.22,315.87,170.29,339.73
140.49,312.82,167.73,291.32,192.04,322.12,164.81,343.62
138.27,316.43,165.08,292.59,186.6,316.8,159.79,340.63
132.33,318.18,163.59,292.61,185.38,319.24,154.12,344.81
134.8,334.79,155.02,291.83,177.9,302.6,157.68,345.56
135.15,342.88,153.35,292.17,171.47,298.67,153.26,349.38
136.45,341.62,140.47,293.37,166.37,295.53,162.35,343.78
134.64,341.41,143.91,292.74,168.12,297.36,158.85,346.02
143.33,344.71,143.67,299.0,165.46,299.16,165.12,344.87
140.46,343.86,147.25,297.68,165.53,300.37,158.74,346.55
140.64,343.92,147.83,298.42,164.87,301.11,157.68,346.61
140.14,346.7,144.67,296.24,164.31,298.0,159.78,348.46
138.25,349.08,143.01,293.54,165.9,295.51,161.14,351.04
140.44,354.8,139.47,297.55,160.28,297.19,161.25,354.44
137.18,352.18,137.16,297.01,160.5,297.0,160.52,352.17
137.64,351.95,138.25,299.35,162.45,299.63,161.84,352.23
140.99,351.72,136.65,302.78,159.41,300.76,163.75,349.7
143.18,353.87,133.11,304.6,156.52,299.81,166.59,349.08
138.64,347.51,130.9,302.6,152.9,298.81,160.64,343.72
136.12,346.26,135.69,301.83,152.73,301.67,153.15,346.1
135.94,348.62,128.99,303.46,147.71,300.58,154.65,345.75
136.49,347.0,131.57,303.99,151.51,301.71,156.43,344.72
138.46,347.93,131.5,303.82,152.29,300.53,159.26,344.64
145.31,345.48,138.37,301.54,154.59,298.98,161.53,342.92
146.55,345.09,143.32,296.25,161.42,295.05,164.66,343.89
146.01,344.63,148.52,298.66,169.39,299.8,166.88,345.77
151.29,349.02,152.37,296.55,169.98,296.91,168.9,349.38
151.2,342.88,148.52,291.81,167.78,290.8,170.47,341.87
147.0,342.0,147.0,294.0,166.0,294.0,166.0,342.0
142.73,339.84,143.31,298.29,160.93,298.53,160.35,340.08
