0.0632519,-0.00147461,0.877012,0.000898438,0.184857,-0.0337587,0.0,0.0,1.0
0.0618652,0.00790039,0.868835,-0.00467448,0.186159,-0.0346441,0.0,0.0,1.0
0.0613086,-0.00123047,0.85526,0.000755208,0.177214,-0.0408333,0.0,0.0,1.0
0.0597461,0.000957031,0.848646,-0.000572917,0.177552,-0.0479167,0.0,0.0,1.0
0.0571191,-0.0155957,0.840879,0.00891927,0.177487,-0.050026,0.0,0.0,1.0
0.0606055,-0.0108594,0.832331,0.00674479,0.173698,-0.0516146,0.0,0.0,1.0
0.0596094,-0.00382813,0.826224,0.00240885,0.168242,-0.0590017,0.0,0.0,1.0
0.0536523,-0.00142578,0.81888,0.000703125,0.193438,-0.045191,0.0,0.0,1.0
0.0511328,0.000644531,0.812643,-0.000286458,0.193698,-0.0490104,0.0,0.0,1.0
0.05125,-0.00720703,0.807279,0.00335938,0.195443,-0.0469444,0.0,0.0,1.0
0.0490234,-0.0123438,0.803984,0.00575521,0.187422,-0.0427431,0.0,0.0,1.0
0.0489551,-0.0239551,0.79778,0.01125,0.185286,-0.0380382,0.0,0.0,1.0
0.0467773,-0.0224805,0.792734,0.011237,0.166341,-0.0362934,0.0,0.0,1.0
0.0527051,-0.0162988,0.781126,0.00953125,0.160182,-0.0430035,0.0,0.0,1.0
0.0537695,-0.00369141,0.768151,0.00229167,0.152943,-0.0415104,0.0,0.0,1.0
0.0545508,0.00658203,0.754974,-0.00410156,0.15543,-0.0470573,0.0,0.0,1.0
0.0510156,-0.00541016,0.743763,0.00322917,0.151901,-0.0418924,0.0,0.0,1.0
0.0534766,-0.00625,0.73263,0.00391927,0.151393,-0.043342,0.0,0.0,1.0
0.051582,-0.00636719,0.724075,0.00402344,0.145352,-0.0475955,0.0,0.0,1.0
0.0566406,5.55112e-17,0.709635,0.0,0.145833,-0.0486111,0.0,0.0,1.0
0.0513867,-0.00728516,0.704531,0.00466146,0.142786,-0.04875,0.0,0.0,1.0
0.0537793,-0.00422852,0.692858,0.00276042,0.146745,-0.0527951,0.0,0.0,1.0
0.0549707,-0.0040332,0.683574,0.00277344,0.142227,-0.0501476,0.0,0.0,1.0
0.054834,0.00108398,0.675332,-0.000729167,0.144349,-0.0492535,0.0,0.0,1.0
0.0555664,-0.0249609,0.669701,0.0179687,0.137266,-0.0560937,0.0,0.0,1.0
0.0581641,-7.8125e-05,0.656563,6.51042e-05,0.146393,-0.054349,0.0,0.0,1.0
0.0544727,-0.00552734,0.647474,0.00367187,0.146276,-0.0525,0.0,0.0,1.0
0.055459,-0.00155273,0.638184,0.00106771,0.143438,-0.0502604,0.0,0.0,1.0
0.0621484,-0.00134766,0.626576,0.00105469,0.140195,-0.0516927,0.0,0.0,1.0
0.0584668,0.00334961,0.620423,-0.00263021,0.132188,-0.0524479,0.0,0.0,1.0
0.0587793,-0.0367676,0.615566,0.0322396,0.119141,-0.053316,0.0,0.0,1.0
0.0545117,-0.0452539,0.60651,0.0408984,0.107279,-0.0533247,0.0,0.0,1.0
0.0530566,-0.0433496,0.59929,0.035026,0.116771,-0.056441,0.0,0.0,1.0
0.0500488,-0.034248,0.592363,0.0245833,0.123932,-0.0537674,0.0,0.0,1.0
0.0480469,0.00123047,0.58819,-0.000820312,0.129596,-0.0582205,0.0,0.0,1.0
0.0461621,-0.00541992,0.57877,0.00333333,0.133464,-0.0610243,0.0,0.0,1.0
0.0470703,0.00853516,0.56931,-0.00532552,0.134128,-0.0633767,0.0,0.0,1.0
0.0455664,-0.000117187,0.564544,5.20833e-05,0.138099,-0.0551562,0.0,0.0,1.0
0.0483594,-0.00552734,0.553242,0.00361979,0.131042,-0.0594271,0.0,0.0,1.0
0.04625,-0.00550781,0.545807,0.00335938,0.135182,-0.0623264,0.0,0.0,1.0
0.0428906,0.00128906,0.537188,-0.000755208,0.13151,-0.0571701,0.0,0.0,1.0
0.0435156,-0.00171875,0.529167,0.00104167,0.127031,-0.0599653,0.0,0.0,1.0
0.0422266,-0.00289063,0.522891,0.00164062,0.131901,-0.0576042,0.0,0.0,1.0
0.0401758,0.00189453,0.511667,-0.00108073,0.125638,-0.0688628,0.0,0.0,1.0
0.0420703,0.00638672,0.503581,-0.00372396,0.128021,-0.0691146,0.0,0.0,1.0
0.0366699,-0.00541992,0.499668,0.00270833,0.129948,-0.0666667,0.0,0.0,1.0
0.0391504,-0.00286133,0.486504,0.00158854,0.125651,-0.0730208,0.0,0.0,1.0
0.0448633,-0.00347656,0.476758,0.00217448,0.127773,-0.0688628,0.0,0.0,1.0
0.0413477,-0.0164258,0.469974,0.00964844,0.124935,-0.0702344,0.0,0.0,1.0
0.0436035,-0.0186621,0.459642,0.0120052,0.120469,-0.0749826,0.0,0.0,1.0
0.047998,-0.0147949,0.455619,0.00984375,0.128177,-0.0762847,0.0,0.0,1.0
0.0447656,-0.00792969,0.448568,0.00514323,0.122721,-0.0716059,0.0,0.0,1.0
0.0491602,-0.0112305,0.449375,0.00830729,0.118021,-0.0751215,0.0,0.0,1.0
0.0496582,-0.00633789,0.448639,0.00472656,0.11806,-0.0754253,0.0,0.0,1.0
0.0469727,0.00134766,0.444349,-0.00101562,0.109427,-0.0715104,0.0,0.0,1.0
0.0506543,-0.000205078,0.437689,0.00015625,0.112031,-0.0719792,0.0,0.0,1.0
0.042627,0.00274414,0.441712,-0.00175781,0.117747,-0.0778906,0.0,0.0,1.0
0.0457227,-0.00439453,0.440495,0.00286458,0.124818,-0.0765104,0.0,0.0,1.0
0.0481445,-0.00289063,0.439701,0.00214844,0.115273,-0.0686892,0.0,0.0,1.0
0.0520508,-0.00351562,0.434701,0.00263021,0.124167,-0.072934,0.0,0.0,1.0
0.0554297,-0.00619141,0.434102,0.00496094,0.12306,-0.0732899,0.0,0.0,1.0
0.0585938,5.55112e-17,0.434896,0.0,0.117188,-0.078125,0.0,0.0,1.0
0.0507812,5.55112e-17,0.432292,0.0,0.114583,-0.0763889,0.0,0.0,1.0
0.0520508,0.000722656,0.428958,-0.000625,0.109479,-0.0792361,0.0,0.0,1.0
0.0502441,-0.00311523,0.428366,0.00230469,0.120456,-0.0859635,0.0,0.0,1.0
0.0446387,0.00311523,0.420697,-0.0021875,0.113698,-0.0809722,0.0,0.0,1.0
0.047832,0.00171875,0.421237,-0.00139323,0.104831,-0.0767795,0.0,0.0,1.0
0.0428125,-0.00310547,0.417279,0.00213542,0.110417,-0.0763889,0.0,0.0,1.0
0.0535059,-0.00702148,0.41998,0.0059375,0.112292,-0.0790625,0.0,0.0,1.0
0.0505859,-0.0118359,0.414323,0.00963542,0.110469,-0.0840278,0.0,0.0,1.0
0.045166,-0.0168652,0.408574,0.0125391,0.107956,-0.0839844,0.0,0.0,1.0
0.0488281,5.55112e-17,0.407552,0.0,0.104167,-0.0833333,0.0,0.0,1.0
0.0460352,-0.0240039,0.411198,0.0204948,0.0958594,-0.0797569,0.0,0.0,1.0
0.0488281,5.55112e-17,0.404948,0.0,0.114583,-0.0902778,0.0,0.0,1.0
0.0465723,-0.0250098,0.411074,0.0231771,0.089375,-0.0874653,0.0,0.0,1.0
0.046875,5.55112e-17,0.40625,0.0,0.111979,-0.0850694,0.0,0.0,1.0
0.0416602,-0.0293164,0.413828,0.0222396,0.0976562,-0.0874653,0.0,0.0,1.0
0.0399805,-0.00117188,0.412591,0.000794271,0.105195,-0.0767795,0.0,0.0,1.0
0.0344043,-0.00663086,0.41709,0.00354167,0.114557,-0.0795313,0.0,0.0,1.0
0.0383984,-0.00390625,0.422135,0.00221354,0.12013,-0.0791667,0.0,0.0,1.0
0.0368555,0.00443359,0.427188,-0.00223958,0.130182,-0.0800174,0.0,0.0,1.0
0.0387695,-0.003125,0.430013,0.00169271,0.126406,-0.0761285,0.0,0.0,1.0
0.0383789,-0.00314453,0.440833,0.00182292,0.1175,-0.0708333,0.0,0.0,1.0
0.039248,0.000576172,0.44127,-0.000338542,0.120573,-0.0719618,0.0,0.0,1.0
0.0429688,0.0,0.450521,0.0,0.114583,-0.0694444,0.0,0.0,1.0
0.0424707,0.0311035,0.460332,-0.0249219,0.0942448,-0.0727083,0.0,0.0,1.0
0.0442969,0.0256836,0.467461,-0.0221354,0.0913281,-0.0618576,0.0,0.0,1.0
0.0473828,0.0306055,0.472565,-0.0270833,0.0952344,-0.0674132,0.0,0.0,1.0
0.0417578,0.030332,0.47582,-0.0222526,0.101185,-0.0699566,0.0,0.0,1.0
0.0372656,0.0424414,0.484362,-0.0307292,0.0914844,-0.0821354,0.0,0.0,1.0
0.0405273,0.04125,0.49694,-0.0303646,0.0978906,-0.0807465,0.0,0.0,1.0
0.0500293,-0.00249023,0.498145,0.00197917,0.111901,-0.0813715,0.0,0.0,1.0
0.0487305,0.0277734,0.506341,-0.0235156,0.102344,-0.0790799,0.0,0.0,1.0
0.0525977,0.0343945,0.511901,-0.0300781,0.106927,-0.0821354,0.0,0.0,1.0
0.047998,-0.00206055,0.519186,0.00175781,0.100299,-0.0702344,0.0,0.0,1.0
0.0432324,-0.0106152,0.526074,0.00703125,0.115885,-0.0787847,0.0,0.0,1.0
0.0441309,-0.0110645,0.532988,0.00838542,0.103437,-0.0727083,0.0,0.0,1.0
0.0436035,-0.00264648,0.530137,0.00213542,0.0949219,-0.0698437,0.0,0.0,1.0
0.0444629,-0.0191895,0.536309,0.0142318,0.106576,-0.0772656,0.0,0.0,1.0
0.0464746,-0.0144629,0.544186,0.0123698,0.0965625,-0.0784549,0.0,0.0,1.0
0.0549414,0.00697266,0.558542,-0.00759115,0.0895703,-0.0758247,0.0,0.0,1.0
0.0580859,0.00869141,0.564076,-0.00950521,0.094349,-0.0766319,0.0,0.0,1.0
0.0604883,-0.000390625,0.562227,0.000442708,0.096276,-0.0814931,0.0,0.0,1.0
0.0491406,0.0246289,0.575898,-0.0248698,0.0864844,-0.0800347,0.0,0.0,1.0
0.0516406,0.0210938,0.582266,-0.0229688,0.0842969,-0.0799132,0.0,0.0,1.0
0.0527344,1.11022e-16,0.576823,0.0,0.0963542,-0.078125,0.0,0.0,1.0
0.0554883,-0.00482422,0.581094,0.00492187,0.096276,-0.0767014,0.0,0.0,1.0
0.0492285,-0.000205078,0.581829,0.000182292,0.0940625,-0.0749132,0.0,0.0,1.0
0.048418,-0.00111328,0.582578,0.00105469,0.0910286,-0.0770573,0.0,0.0,1.0
0.0496094,-0.000820312,0.587031,0.000807292,0.0911719,-0.0780208,0.0,0.0,1.0
0.0522949,2.92969e-05,0.590176,-3.90625e-05,0.0906901,-0.0778038,0.0,0.0,1.0
0.0512891,-0.0106055,0.591367,0.0107552,0.0898177,-0.0740972,0.0,0.0,1.0
0.050791,-0.0236426,0.5939,0.0270833,0.0788542,-0.0703472,0.0,0.0,1.0
0.0502637,-0.0411816,0.596204,0.0609245,0.0604036,-0.0683594,0.0,0.0,1.0
0.0566406,1.11022e-16,0.595052,0.0,0.09375,-0.0694444,0.0,0.0,1.0
0.0540625,-0.000859375,0.583724,0.000859375,0.0964323,-0.0780208,0.0,0.0,1.0
0.0544922,0.000898438,0.570755,-0.000924479,0.0945443,-0.085408,0.0,0.0,1.0
0.047627,-0.0025293,0.554238,0.00214844,0.0995703,-0.0896094,0.0,0.0,1.0
0.0546875,5.55112e-17,0.541667,0.0,0.09375,-0.0902778,0.0,0.0,1.0
0.0445312,0.0251563,0.530234,-0.0226302,0.0879688,-0.087309,0.0,0.0,1.0
0.0447754,0.0291504,0.517832,-0.0259505,0.0894141,-0.0878559,0.0,0.0,1.0
0.0448633,0.0326953,0.496706,-0.0285547,0.0913411,-0.0974392,0.0,0.0,1.0
0.0488867,0.0177344,0.477435,-0.0144792,0.106458,-0.0951042,0.0,0.0,1.0
0.0492773,0.0246289,0.45849,-0.02,0.107865,-0.0920833,0.0,0.0,1.0
0.0471777,0.0324707,0.43541,-0.0265234,0.102643,-0.0951649,0.0,0.0,1.0
0.0529492,0.017207,0.415833,-0.0148437,0.108932,-0.0929687,0.0,0.0,1.0
0.0512305,0.00621094,0.392773,-0.00526042,0.107526,-0.0998437,0.0,0.0,1.0
0.052168,-0.00169922,0.36987,0.00148437,0.106328,-0.102014,0.0,0.0,1.0
0.0549414,-0.000839844,0.346589,0.000911458,0.0913021,-0.0989757,0.0,0.0,1.0
0.0471094,0.0224805,0.334805,-0.0210156,0.0894792,-0.0998437,0.0,0.0,1.0
0.0515625,-0.00480469,0.305781,0.00429688,0.10263,-0.0996181,0.0,0.0,1.0
0.0540234,-0.00859375,0.280885,0.00800781,0.10319,-0.099783,0.0,0.0,1.0
0.0566406,2.77556e-17,0.25651,0.0,0.104167,-0.0972222,0.0,0.0,1.0
0.0492188,-0.00708984,0.23082,0.00571615,0.108555,-0.0878212,0.0,0.0,1.0
0.0463672,-0.0111523,0.202435,0.0084375,0.10901,-0.0708333,0.0,0.0,1.0
0.0433789,-0.000507812,0.168893,0.000364583,0.108542,-0.07125,0.0,0.0,1.0
0.0499609,-0.0171289,0.133763,0.0133203,0.11418,-0.0671094,0.0,0.0,1.0
0.0563574,0.000849609,0.0980924,-0.000768229,0.108815,-0.0661024,0.0,0.0,1.0
0.0532324,-0.000849609,0.0659831,0.00078125,0.104766,-0.0607813,0.0,0.0,1.0
0.0542383,-0.00103516,0.0342448,0.000950521,0.103789,-0.064783,0.0,0.0,1.0
0.0522266,0.0244531,0.00171875,-0.0253255,0.0897005,-0.0540191,0.0,0.0,1.0
0.0490723,0.0147363,-0.0405013,-0.0129818,0.0989974,-0.039783,0.0,0.0,1.0
0.0425586,0.00125,-0.0980078,-0.000976562,0.0960807,-0.0452344,0.0,0.0,1.0
0.0454297,0.00841797,-0.155716,-0.00792969,0.0857422,-0.0471441,0.0,0.0,1.0
0.0476172,0.0104688,-0.213932,-0.0115365,0.0767708,-0.0471007,0.0,0.0,1.0
0.0429688,-5.55112e-17,-0.263021,0.0,0.0703125,-0.046875,0.0,0.0,1.0
0.0429688,-5.55112e-17,-0.3125,0.0,0.104167,-0.0729167,0.0,0.0,1.0
0.0449219,-5.55112e-17,-0.363281,0.0,0.106771,-0.0607639,0.0,0.0,1.0
0.0480176,-0.00352539,-0.413236,0.00291667,0.103594,-0.0623611,0.0,0.0,1.0
0.0517773,3.90625e-05,-0.461576,-3.90625e-05,0.103945,-0.0524392,0.0,0.0,1.0
0.0504688,-0.00265625,-0.511328,0.00226562,0.106563,-0.0538021,0.0,0.0,1.0
0.0416406,-0.00171875,-0.554453,0.00119792,0.105755,-0.0461285,0.0,0.0,1.0
0.0532813,0.0128516,-0.582943,-0.0109245,0.111341,-0.0496267,0.0,0.0,1.0
0.0538086,-0.00962891,-0.617813,0.00855469,0.107591,-0.0458767,0.0,0.0,1.0
0.0533984,-0.00230469,-0.652292,0.001875,0.116953,-0.0439757,0.0,0.0,1.0
0.057793,-1.95312e-05,-0.686953,2.60417e-05,0.113307,-0.0399653,0.0,0.0,1.0
0.0561582,-0.00675586,-0.721033,0.00575521,0.117083,-0.0368229,0.0,0.0,1.0
0.058833,-0.00729004,-0.736995,0.0068099,0.112174,-0.0342622,0.0,0.0,1.0
0.0657119,-0.0105029,-0.741334,0.0114323,0.107318,-0.0185764,0.0,0.0,1.0
0.0717422,0.00472266,-0.746448,-0.00598958,0.100677,-0.0145139,0.0,0.0,1.0
0.0634531,-0.000601562,-0.744138,0.000638021,0.105091,-0.0143142,0.0,0.0,1.0
0.0606357,-0.00269629,-0.745814,0.0025651,0.112982,-0.0121094,0.0,0.0,1.0
0.0572256,-0.00342285,-0.743346,0.00304687,0.114635,-0.00782986,0.0,0.0,1.0
0.0622744,0.00218652,-0.736646,-0.00204427,0.118372,0.000390625,0.0,0.0,1.0
0.0618096,-0.000875977,-0.726037,0.00078125,0.124167,0.00822917,0.0,0.0,1.0
0.0668164,-0.00733203,-0.714792,0.00679688,0.128177,0.0102257,0.0,0.0,1.0
0.0619404,-0.00214941,-0.706919,0.00170573,0.138659,0.0132378,0.0,0.0,1.0
0.0644531,-1.11022e-16,-0.709635,0.0,0.143229,0.0260417,0.0,0.0,1.0
0.0631475,-0.00643457,-0.712554,0.00527344,0.137279,0.0209809,0.0,0.0,1.0
0.0641738,0.00903906,-0.710374,-0.00704427,0.146211,0.0253385,0.0,0.0,1.0
0.0673945,0.0250312,-0.706805,-0.0216667,0.138229,0.0320139,0.0,0.0,1.0
0.0670273,0.0251523,-0.704867,-0.0228255,0.131341,0.0259288,0.0,0.0,1.0
0.0628516,0.0444922,-0.70263,-0.042526,0.116823,0.0224132,0.0,0.0,1.0
0.0690889,0.0336006,-0.698872,-0.0298437,0.138333,0.0226042,0.0,0.0,1.0
0.0749814,0.00384863,-0.689923,-0.00364583,0.140729,0.0367708,0.0,0.0,1.0
0.0701953,0.0434375,-0.681094,-0.040599,0.133516,0.0318403,0.0,0.0,1.0
0.0598242,0.0475,-0.665013,-0.0473568,0.106706,0.025599,0.0,0.0,1.0
0.0554199,0.0657715,-0.653353,-0.0779427,0.083151,0.0302778,0.0,0.0,1.0
0.0630859,0.049668,-0.630221,-0.0459635,0.121198,0.0260937,0.0,0.0,1.0
0.0340625,0.0728711,-0.615768,-0.127188,0.0347135,0.0256076,0.0,0.0,1.0
0.037041,0.0640527,-0.594173,-0.122292,0.0345052,0.0182465,0.0,0.0,1.0
0.063418,0.0547852,-0.555208,-0.0657552,0.0939323,0.0107639,0.0,0.0,1.0
0.0268359,0.0663867,-0.535951,-0.121432,0.0260937,0.00484375,0.0,0.0,1.0
0.049707,0.0552539,-0.506771,-0.0929036,0.0525651,-0.000130208,0.0,0.0,1.0
0.0268359,0.0607031,-0.48401,-0.101354,0.0285677,-0.00487847,0.0,0.0,1.0
0.0421484,0.0543359,-0.460938,-0.0985937,0.0413021,-0.00395833,0.0,0.0,1.0
0.026709,0.0572363,-0.44166,-0.104036,0.0261198,-0.00465278,0.0,0.0,1.0
0.0349609,0.0519531,-0.426771,-0.102969,0.0313542,-0.00243056,0.0,0.0,1.0
0.0285938,0.0531641,-0.408203,-0.121289,0.0222786,0.0027691,0.0,0.0,1.0
0.0269629,0.0498145,-0.389733,-0.121458,0.0196615,0.00522569,0.0,0.0,1.0
0.0179297,0.050625,-0.368333,-0.1275,0.0126563,0.00361111,0.0,0.0,1.0
0.0138184,0.0522363,-0.349043,-0.12276,0.0104427,0.0117882,0.0,0.0,1.0
0.000800781,0.0432812,-0.328294,-0.128711,0.000481771,0.00815104,0.0,0.0,1.0
0.00289063,0.0406836,-0.311315,-0.131549,0.00160156,0.014401,0.0,0.0,1.0
0.00964844,0.0404102,-0.292227,-0.126172,0.00549479,0.0152778,0.0,0.0,1.0
0.00484375,0.0388086,-0.27543,-0.123047,0.00273437,0.0152431,0.0,0.0,1.0
-0.00867188,0.0407031,-0.260417,-0.137187,-0.00458333,0.00861111,0.0,0.0,1.0
0.000859375,0.0421484,-0.239401,-0.135729,0.00046875,0.00659722,0.0,0.0,1.0
-0.0097168,0.0399707,-0.220384,-0.151159,-0.00457031,0.00169271,0.0,0.0,1.0
-0.0138086,0.0455273,-0.201823,-0.142266,-0.00786458,0.00696181,0.0,0.0,1.0
-0.0154883,0.0414063,-0.178529,-0.147214,-0.00776042,-0.00102431,0.0,0.0,1.0
-0.0116992,0.0500391,-0.161029,-0.147969,-0.00703125,-0.00364583,0.0,0.0,1.0
-0.00919922,0.0435547,-0.136497,-0.154427,-0.00460937,-0.00487847,0.0,0.0,1.0
-0.0186914,0.0453516,-0.122227,-0.150833,-0.01,-0.000729167,0.0,0.0,1.0
-0.000136719,0.0435742,-0.0993229,-0.154544,-6.51042e-05,0.00138021,0.0,0.0,1.0
-0.0130762,0.0399316,-0.0816471,-0.147122,-0.0063151,-0.00157118,0.0,0.0,1.0
-0.0162305,0.0476953,-0.0616536,-0.152865,-0.00901042,-0.00763889,0.0,0.0,1.0
-0.0169141,0.0379883,-0.0435547,-0.142253,-0.00803385,-0.00415799,0.0,0.0,1.0
-0.0116113,0.0455566,-0.0209049,-0.143255,-0.0065625,-0.00397569,0.0,0.0,1.0
-0.0124609,0.0460742,-0.0038151,-0.141875,-0.0071875,-0.00409722,0.0,0.0,1.0
0.000234375,0.0491992,0.0167318,-0.142565,0.000143229,-0.00493924,0.0,0.0,1.0
-0.00863281,0.048125,0.0344271,-0.140716,-0.0052474,-0.00622396,0.0,0.0,1.0
-0.00837891,0.0504688,0.0515234,-0.133698,-0.005625,-0.0009375,0.0,0.0,1.0
-0.00574219,0.0508203,0.0688802,-0.134297,-0.00385417,-0.00657986,0.0,0.0,1.0
-0.0114258,0.047832,0.0859635,-0.151562,-0.00640625,-0.0124653,0.0,0.0,1.0
-0.0125195,0.0466992,0.10513,-0.13681,-0.00759115,-0.014158,0.0,0.0,1.0
-0.000566406,0.0506836,0.127604,-0.129115,-0.000390625,-0.00730903,0.0,0.0,1.0
-0.00510742,0.0508496,0.146738,-0.129297,-0.00356771,-0.0223611,0.0,0.0,1.0
-0.0100586,0.0393945,0.171927,-0.124909,-0.00563802,-0.0290538,0.0,0.0,1.0
-0.0174219,0.0409375,0.187682,-0.129245,-0.00981771,-0.0294444,0.0,0.0,1.0
-0.00868164,0.0469238,0.212155,-0.123477,-0.0058724,-0.0206163,0.0,0.0,1.0
0.0,0.0429688,0.229167,-0.119792,0.0,-0.0173611,0.0,0.0,1.0
0.004375,0.0422656,0.242422,-0.115299,0.00285156,-0.0136545,0.0,0.0,1.0
0.00339844,0.0378516,0.262578,-0.122617,0.00186198,-0.0119184,0.0,0.0,1.0
-0.000136719,0.0409961,0.275859,-0.124401,-7.8125e-05,-0.00329861,0.0,0.0,1.0
0.00220703,0.0404883,0.286328,-0.116927,0.00135417,0.00111111,0.0,0.0,1.0
0.010332,0.0370508,0.299583,-0.122773,0.00553385,0.00403646,0.0,0.0,1.0
0.00827148,0.0356543,0.308691,-0.127852,0.00410156,0.00948785,0.0,0.0,1.0
0.000839844,0.0361523,0.310365,-0.124909,0.000429687,0.000303819,0.0,0.0,1.0
0.000830078,0.0374316,0.317624,-0.117161,0.00046875,-0.00352431,0.0,0.0,1.0
-0.00163086,0.0373535,0.316882,-0.109935,-0.000976562,-0.0120573,0.0,0.0,1.0
0.0,0.0390625,0.320312,-0.125,0.0,-0.0277778,0.0,0.0,1.0
0.00632813,0.039082,0.321185,-0.117865,0.00372396,-0.0224479,0.0,0.0,1.0
-2.77556e-17,0.0449219,0.31901,-0.127604,1.73472e-18,-0.0225694,0.0,0.0,1.0
0.00261719,0.0445117,0.319753,-0.125052,0.00164062,-0.0165104,0.0,0.0,1.0
0.00445312,0.049043,0.319049,-0.127813,0.00304687,-0.0142535,0.0,0.0,1.0
0.00151367,0.0430957,0.318314,-0.1275,0.000911458,-0.0154688,0.0,0.0,1.0
0.00708008,0.0486816,0.3186,-0.11901,0.00515625,-0.00378472,0.0,0.0,1.0
0.00904297,0.0483203,0.321576,-0.112109,0.00692708,-0.00543403,0.0,0.0,1.0
0.0030957,0.0466113,0.322142,-0.112305,0.00227865,-0.00618924,0.0,0.0,1.0
0.0034082,0.051709,0.318444,-0.115807,0.00270833,-0.00970486,0.0,0.0,1.0
0.00523438,0.0515625,0.313724,-0.124049,0.00386719,-0.00256076,0.0,0.0,1.0
0.000957031,0.0528125,0.279076,-0.110859,0.000807292,-0.00440972,0.0,0.0,1.0
-0.00358398,0.0435449,0.248184,-0.110078,-0.00252604,-0.00753472,0.0,0.0,1.0
-0.00154297,0.0543359,0.207565,-0.109974,-0.00135417,-0.00713542,0.0,0.0,1.0
-0.00722656,0.0583594,0.164245,-0.115521,-0.00648437,-0.00928819,0.0,0.0,1.0
0.00888672,0.0515234,0.121159,-0.122969,0.00661458,-0.0123611,0.0,0.0,1.0
0.00989258,0.0584082,0.0839388,-0.123216,0.00834635,-0.0139323,0.0,0.0,1.0
0.00538086,0.0599902,0.0458789,-0.123984,0.00463542,-0.0182465,0.0,0.0,1.0
0.0009375,0.0534766,0.0117188,-0.122747,0.000716146,-0.0177344,0.0,0.0,1.0
-0.00679688,0.0595898,-0.0260286,-0.117695,-0.00610677,-0.0153559,0.0,0.0,1.0
-0.036875,0.0520898,-0.0616797,-0.108073,-0.0316146,-0.0059375,0.0,0.0,1.0
-0.0108887,0.061084,-0.095931,-0.123438,-0.00958333,-0.00996528,0.0,0.0,1.0
-0.0234766,0.0550195,-0.124987,-0.118242,-0.0194141,0.00407118,0.0,0.0,1.0
-0.0125195,0.0607422,-0.151966,-0.12513,-0.0108073,0.0144444,0.0,0.0,1.0
7.8125e-05,0.0596094,-0.177422,-0.123138,6.51042e-05,0.0186024,0.0,0.0,1.0
0.00189453,0.0529883,-0.196536,-0.125391,0.00143229,0.0224653,0.0,0.0,1.0
0.00236328,0.0598242,-0.208776,-0.130833,0.00192708,0.0229514,0.0,0.0,1.0
0.00758789,0.0673926,-0.217363,-0.139727,0.0064974,0.0307899,0.0,0.0,1.0
0.00324219,0.0748828,-0.232031,-0.121159,0.00355469,0.0374219,0.0,0.0,1.0
0.00676758,0.0686621,-0.246022,-0.120833,0.00684896,0.0478993,0.0,0.0,1.0
0.00298828,0.0777734,-0.257643,-0.123372,0.00334635,0.0496615,0.0,0.0,1.0
0.0,0.0800781,-0.272135,-0.122396,-3.46945e-18,0.0607639,0.0,0.0,1.0
-0.00237305,0.0716113,-0.299082,-0.108906,-0.00278646,0.0609549,0.0,0.0,1.0
-0.004375,0.0678906,-0.319687,-0.121641,-0.00434896,0.0758681,0.0,0.0,1.0
-0.0595898,0.0567773,-0.335755,-0.0855469,-0.0702865,0.0826042,0.0,0.0,1.0
-0.0575195,0.0535156,-0.360169,-0.0803385,-0.068099,0.0852083,0.0,0.0,1.0
-0.0458691,0.0597754,-0.386426,-0.0988021,-0.049349,0.100538,0.0,0.0,1.0
-0.0624414,0.0206445,-0.419661,-0.0228125,-0.100495,0.100642,0.0,0.0,1.0
-0.0557129,0.0408301,-0.439655,-0.0739323,-0.0546875,0.0889063,0.0,0.0,1.0
-0.054043,0.0432812,-0.470299,-0.0840625,-0.0494531,0.0945313,0.0,0.0,1.0
-0.028252,0.0581152,-0.500345,-0.0904167,-0.0322917,0.094375,0.0,0.0,1.0
0.00275391,0.0525,-0.534753,-0.0988932,0.00259115,0.0936719,0.0,0.0,1.0
-0.00776367,0.0419629,-0.539395,-0.11056,-0.0052474,0.0946788,0.0,0.0,1.0
-5.85937e-05,0.0447852,-0.539896,-0.103359,-2.60417e-05,0.0978472,0.0,0.0,1.0
-0.00271484,0.0368164,-0.523177,-0.109583,-0.00161458,0.101632,0.0,0.0,1.0
0.0,0.0449219,-0.511719,-0.109375,0.0,0.111111,0.0,0.0,1.0
0.0,0.0546875,-0.494792,-0.109375,-6.93889e-18,0.118056,0.0,0.0,1.0
0.0,0.0546875,-0.481771,-0.106771,-6.93889e-18,0.116319,0.0,0.0,1.0
0.0,0.0546875,-0.466146,-0.104167,-6.93889e-18,0.118056,0.0,0.0,1.0
0.0,0.0566406,-0.451823,-0.104167,0.0,0.121528,0.0,0.0,1.0
2.77556e-17,0.0566406,-0.436198,-0.101562,-6.93889e-18,0.119792,0.0,0.0,1.0
0.0,0.0585938,-0.421875,-0.0989583,0.0,0.121528,0.0,0.0,1.0
2.77556e-17,0.0585938,-0.40625,-0.0989583,0.0,0.125,0.0,0.0,1.0
0.0,0.0605469,-0.391927,-0.0963542,-6.93889e-18,0.123264,0.0,0.0,1.0
0.0202539,0.0573438,-0.375247,-0.0923568,0.0223568,0.127161,0.0,0.0,1.0
0.00888672,0.0535547,-0.357487,-0.0939453,0.0089974,0.12947,0.0,0.0,1.0
0.00876953,0.0577344,-0.346628,-0.096849,0.00929688,0.129028,0.0,0.0,1.0
0.0208008,0.0607031,-0.340768,-0.0994661,0.0225651,0.121224,0.0,0.0,1.0
0.0250781,0.0670312,-0.336328,-0.109115,0.0273698,0.120712,0.0,0.0,1.0
0.0300391,0.06375,-0.327995,-0.0964323,0.0352865,0.112118,0.0,0.0,1.0
0.0468848,0.0697754,-0.312871,-0.0852344,0.0682292,0.111788,0.0,0.0,1.0
0.0336719,0.0773633,-0.306497,-0.102031,0.0453906,0.10901,0.0,0.0,1.0
0.034375,0.0713867,-0.297148,-0.103906,0.0419792,0.104549,0.0,0.0,1.0
0.0241309,0.0652637,-0.285579,-0.108112,0.0258984,0.108064,0.0,0.0,1.0
0.0114844,0.0564648,-0.273138,-0.115911,0.00994792,0.11099,0.0,0.0,1.0
0.0162402,0.057666,-0.259421,-0.121237,0.013737,0.113759,0.0,0.0,1.0
0.00897461,0.056416,-0.243743,-0.115143,0.00782552,0.107422,0.0,0.0,1.0
0.00881836,0.0536035,-0.223704,-0.115495,0.00729167,0.110608,0.0,0.0,1.0
0.0037207,0.0579199,-0.2089,-0.118932,0.00320312,0.110069,0.0,0.0,1.0
0.00539062,0.0586133,-0.195482,-0.118047,0.00476563,0.107917,0.0,0.0,1.0
0.00537109,0.0563281,-0.18207,-0.113346,0.00472656,0.112439,0.0,0.0,1.0
-0.00110352,0.0629004,-0.165775,-0.113216,-0.00108073,0.108151,0.0,0.0,1.0
0.0183789,0.0567188,-0.149727,-0.109076,0.0169922,0.104123,0.0,0.0,1.0
-0.0171387,0.0521387,-0.131217,-0.106068,-0.014974,0.101701,0.0,0.0,1.0
0.00410156,0.0499414,-0.114076,-0.108203,0.00338542,0.103142,0.0,0.0,1.0
-0.0246191,0.0513184,-0.0896289,-0.107266,-0.0209375,0.0915451,0.0,0.0,1.0
0.0037207,0.0539551,-0.0802279,-0.105208,0.00338542,0.099375,0.0,0.0,1.0
0.0233594,0.0566602,-0.0699089,-0.0969271,0.0242708,0.0982986,0.0,0.0,1.0
0.0428711,0.0545313,-0.0528776,-0.0714453,0.0581901,0.101589,0.0,0.0,1.0
0.0297266,0.0485742,-0.0476953,-0.0952865,0.0269531,0.108472,0.0,0.0,1.0
0.00201172,0.0486719,-0.0369401,-0.103802,0.00169271,0.112031,0.0,0.0,1.0
-0.0331055,0.0446094,-0.0229818,-0.0866927,-0.0302865,0.113681,0.0,0.0,1.0
-0.0037793,0.0352246,-0.0137695,-0.10487,-0.00226562,0.112014,0.0,0.0,1.0
0.0340039,0.0381445,-0.013151,-0.0815885,0.0282552,0.120451,0.0,0.0,1.0
0.000566406,0.0333008,-0.00755208,-0.109818,0.0003125,0.115295,0.0,0.0,1.0
0.020332,0.0346875,-0.00342448,-0.112344,0.0111458,0.119826,0.0,0.0,1.0
-0.00125,0.0358594,-0.00815104,-0.110078,-0.000729167,0.116024,0.0,0.0,1.0
0.0,0.0371094,-0.00911458,-0.111979,0.0,0.119792,0.0,0.0,1.0
0.0,0.0371094,-0.00651042,-0.109375,0.0,0.111111,0.0,0.0,1.0
0.0,0.0390625,0.0,-0.106771,0.0,0.102431,0.0,0.0,1.0
-3.46945e-18,0.0390625,0.00260417,-0.104167,0.0,0.0972222,0.0,0.0,1.0
0.0,0.0410156,0.00911458,-0.101562,0.0,0.0885417,0.0,0.0,1.0
0.0,0.0410156,0.0117188,-0.101562,0.0,0.0850694,0.0,0.0,1.0
0.0,0.0429688,0.0182292,-0.0989583,0.0,0.0763889,0.0,0.0,1.0
0.0,0.0429688,0.0208333,-0.0963542,0.0,0.0711806,0.0,0.0,1.0
0.0,0.0449219,0.0273438,-0.09375,0.0,0.0625,0.0,0.0,1.0
0.0,0.046875,0.0338542,-0.09375,0.0,0.0590278,0.0,0.0,1.0
-1.73472e-18,0.0449219,0.0351562,-0.0911458,-3.46945e-18,0.0572917,0.0,0.0,1.0
-2.60209e-18,0.0449219,0.0377604,-0.0911458,0.0,0.0607639,0.0,0.0,1.0
0.0,0.0449219,0.0403646,-0.0911458,-3.46945e-18,0.0607639,0.0,0.0,1.0
0.0,0.0429688,0.0416667,-0.0885417,0.0,0.0625,0.0,0.0,1.0
-8.67362e-19,0.0429688,0.0442708,-0.0885417,0.0,0.0625,0.0,0.0,1.0
-8.67362e-19,0.0429688,0.046875,-0.0885417,0.0,0.0659722,0.0,0.0,1.0
-8.67362e-19,0.0429688,0.0494792,-0.0885417,0.0,0.0659722,0.0,0.0,1.0
-8.67362e-19,0.0410156,0.0507812,-0.0859375,0.0,0.0677083,0.0,0.0,1.0
-8.67362e-19,0.0410156,0.0533854,-0.0859375,0.0,0.0677083,0.0,0.0,1.0
0.0,0.0410156,0.0559896,-0.0859375,-6.93889e-18,0.0711806,0.0,0.0,1.0
0.0,0.0410156,0.0611979,-0.0859375,-6.93889e-18,0.0746528,0.0,0.0,1.0
-8.67362e-19,0.0410156,0.0507812,-0.0859375,-6.93889e-18,0.0746528,0.0,0.0,1.0
8.67362e-19,0.0410156,0.0429688,-0.0859375,0.0,0.0746528,0.0,0.0,1.0
0.0,0.0410156,0.0351562,-0.0859375,0.0,0.078125,0.0,0.0,1.0
-3.46945e-18,0.0410156,0.0273438,-0.0859375,0.0,0.078125,0.0,0.0,1.0
0.0,0.0410156,0.0195312,-0.0859375,0.0,0.0815972,0.0,0.0,1.0
0.0,0.0410156,0.0117188,-0.0859375,0.0,0.0815972,0.0,0.0,1.0
0.0,0.0429688,0.00520833,-0.0859375,0.0,0.0850694,0.0,0.0,1.0
0.0,0.0429688,-0.00260417,-0.0859375,0.0,0.0850694,0.0,0.0,1.0
0.0,0.0429688,-0.0104167,-0.0859375,0.0,0.0850694,0.0,0.0,1.0
0.0,0.0429688,-0.0182292,-0.0859375,0.0,0.0885417,0.0,0.0,1.0
6.93889e-18,0.0429688,-0.0260417,-0.0859375,0.0,0.0885417,0.0,0.0,1.0
0.0,0.0429688,-0.0338542,-0.0859375,0.0,0.0920139,0.0,0.0,1.0
0.0,0.0429688,-0.0416667,-0.0859375,0.0,0.0920139,0.0,0.0,1.0
0.0,0.0449219,-0.0481771,-0.0885417,0.0,0.0972222,0.0,0.0,1.0
0.0,0.0464844,-0.0705729,-0.0890625,0.0,0.0920139,0.0,0.0,1.0
0.0,0.0480469,-0.0929687,-0.0895833,-6.93889e-18,0.0868056,0.0,0.0,1.0
0.0,0.0496094,-0.115365,-0.0901042,-6.93889e-18,0.0815972,0.0,0.0,1.0
1.38778e-17,0.0511719,-0.13776,-0.090625,-6.93889e-18,0.0763889,0.0,0.0,1.0
0.0,0.0527344,-0.160156,-0.0911458,0.0,0.0711806,0.0,0.0,1.0
1.38778e-17,0.054375,-0.190755,-0.0924479,0.0,0.0755208,0.0,0.0,1.0
0.0,0.0559766,-0.221354,-0.09375,0.0,0.0798611,0.0,0.0,1.0
2.77556e-17,0.0576172,-0.251953,-0.0950521,0.0,0.0842014,0.0,0.0,1.0
0.0,0.0592578,-0.282552,-0.0963542,0.0,0.0885417,0.0,0.0,1.0
0.0,0.0608594,-0.313151,-0.0976562,0.0,0.0928819,0.0,0.0,1.0
2.77556e-17,0.0625,-0.34375,-0.0989583,-6.93889e-18,0.0972222,0.0,0.0,1.0
0.0,0.0625,-0.369792,-0.0989583,0.0,0.09375,0.0,0.0,1.0
0.0,0.0625,-0.393229,-0.0989583,0.0,0.09375,0.0,0.0,1.0
0.0,0.0625,-0.419271,-0.101562,-6.93889e-18,0.0920139,0.0,0.0,1.0
0.0,0.0625,-0.442708,-0.101562,-6.93889e-18,0.0920139,0.0,0.0,1.0
5.55112e-17,0.0625,-0.46875,-0.104167,0.0,0.0902778,0.0,0.0,1.0
5.55112e-17,0.0625,-0.492188,-0.104167,0.0,0.0902778,0.0,0.0,1.0
5.55112e-17,0.0625,-0.515625,-0.106771,0.0,0.0920139,0.0,0.0,1.0
0.00101562,0.0564844,-0.539922,-0.0994661,0.00102865,0.090599,0.0,0.0,1.0
0.0467383,0.0456836,-0.555833,-0.0621224,0.0610807,0.097474,0.0,0.0,1.0
0.0531934,0.0474902,-0.567012,-0.0559896,0.0802083,0.102326,0.0,0.0,1.0
0.0523633,0.0420313,-0.576992,-0.0620703,0.0630339,0.099349,0.0,0.0,1.0
0.0610547,0.0425586,-0.586315,-0.0665885,0.069349,0.106632,0.0,0.0,1.0
0.0394922,0.0446875,-0.592839,-0.111875,0.0280469,0.10658,0.0,0.0,1.0
0.0355566,0.0353809,-0.600762,-0.132057,0.0169271,0.113802,0.0,0.0,1.0
0.00785156,0.0505859,-0.605703,-0.125651,0.005625,0.106163,0.0,0.0,1.0
0.0181055,0.0472852,-0.605781,-0.126732,0.0120182,0.108967,0.0,0.0,1.0
0.000664063,0.0425586,-0.59793,-0.119036,0.000416667,0.11783,0.0,0.0,1.0
0.0132617,0.0357031,-0.601575,-0.12026,0.00700521,0.118455,0.0,0.0,1.0
0.014043,0.0332813,-0.602201,-0.11849,0.00700521,0.119844,0.0,0.0,1.0
0.00884766,0.0383594,-0.603581,-0.131406,0.00458333,0.119271,0.0,0.0,1.0
0.00929688,0.044707,-0.603971,-0.144622,0.00511719,0.119071,0.0,0.0,1.0
-0.00189453,0.0406445,-0.608437,-0.149089,-0.0009375,0.131927,0.0,0.0,1.0
-3.90625e-05,0.0455859,-0.612396,-0.143672,-2.60417e-05,0.127049,0.0,0.0,1.0
0.00119141,0.0472656,-0.609258,-0.136979,0.000729167,0.131215,0.0,0.0,1.0
-0.00847656,0.0444531,-0.608854,-0.127448,-0.00526042,0.132778,0.0,0.0,1.0
-0.019668,0.0457227,-0.609766,-0.128307,-0.012474,0.134861,0.0,0.0,1.0
-0.0151172,0.0429688,-0.620391,-0.116953,-0.00986979,0.122083,0.0,0.0,1.0
-0.000830078,0.0332715,-0.6239,-0.115703,-0.000416667,0.124878,0.0,0.0,1.0
-0.0135645,0.0365527,-0.630671,-0.117617,-0.00748698,0.127092,0.0,0.0,1.0
-0.00960938,0.0389453,-0.625,-0.112005,-0.0059375,0.126233,0.0,0.0,1.0
-0.0136035,0.0406152,-0.621413,-0.11487,-0.00856771,0.125799,0.0,0.0,1.0
-0.0135547,0.0316797,-0.609505,-0.114427,-0.00666667,0.118854,0.0,0.0,1.0
-0.00631836,0.0353613,-0.598991,-0.127188,-0.003125,0.111354,0.0,0.0,1.0
0.00490234,0.0407617,-0.589323,-0.119714,0.00296875,0.118802,0.0,0.0,1.0
0.00210938,0.0343945,-0.58168,-0.136641,0.0009375,0.121406,0.0,0.0,1.0
-0.00524414,0.037627,-0.584655,-0.132995,-0.00263021,0.100139,0.0,0.0,1.0
0.0,0.0371094,-0.592448,-0.125,0.0,0.104167,0.0,0.0,1.0
0.00113281,0.0344141,-0.604609,-0.108203,0.000625,0.108281,0.0,0.0,1.0
