347.64875,149.68,377.67875,162.52,350.52875,226.0,320.51375,213.16
338.03875,151.545,373.13875,157.605,361.09375,227.415,325.97875,221.355
332.965,151.915,370.96,152.62,369.475,233.245,331.48,232.54
336.92125,148.9775,375.41125,152.8025,367.04125,237.0125,328.53625,233.1875
340.94,147.3475,375.35,155.8225,355.82,235.0225,321.41,226.5475
335.1325,152.07875,372.7225,159.47375,360.4375,221.81375,322.8475,214.40375
330.32,150.5625,368.585,154.2075,360.86,235.3275,322.595,231.6825
329.3925,153.40625,369.1725,156.82625,363.1575,226.63625,323.3775,223.20125
330.44,148.48,369.065,153.43,357.32,245.26,318.695,240.31
323.7925,149.135,368.5225,149.03,368.7175,238.925,323.9875,239.03
323.26125,150.145,367.09125,149.815,367.78125,238.675,323.93625,239.005
328.17125,150.58,364.71125,151.165,363.27125,240.4,326.71625,239.815
336.53875,148.115,370.21375,157.85,345.85375,242.225,312.16375,232.49
333.1275,149.39625,359.2125,153.38625,345.2625,244.69125,319.1775,240.71625
329.33125,150.2625,364.07125,153.7275,354.17125,252.7875,319.41625,249.3225
326.25,151.03625,365.325,153.72125,359.01,245.26625,319.935,242.56625
329.155,151.20125,360.025,155.07125,349.285,240.72125,318.415,236.83625
324.7375,153.14,356.4925,153.41,355.7125,244.1,323.9575,243.83
321.475,152.2425,362.11,152.1675,362.305,248.2275,321.67,248.3025
323.305,152.94875,359.14,153.00875,358.975,238.22375,323.14,238.14875
322.55375,152.03625,360.60875,153.29625,357.80375,238.63125,319.76375,237.38625
326.90875,144.86625,360.79375,148.37625,351.26875,240.34125,317.39875,236.84625
327.005,139.725,366.95,146.595,349.175,249.915,309.23,243.045
333.335,141.82625,363.785,146.71625,347.945,245.29625,317.495,240.39125
332.195,143.69875,364.985,148.01875,352.085,246.23875,319.295,241.93375
322.425,141.895,363.51,143.995,358.095,249.565,317.01,247.465
318.835,140.61875,362.365,140.70875,362.125,248.75375,318.595,248.64875
326.0075,135.83625,363.9575,140.23125,351.7625,245.42625,313.8125,241.01625
324.02125,139.64,364.68625,142.655,357.50125,239.84,316.82125,236.825
325.1425,140.58375,362.4625,142.35375,357.7075,242.08875,320.3875,240.30375
323.40375,143.2925,360.97875,144.3125,358.35375,240.0575,320.79375,239.0375
331.4725,140.47375,364.7275,145.03375,351.2575,243.05875,318.0025,238.48375
329.6275,140.62625,361.2625,143.65625,351.9625,241.08125,320.3275,238.06625
330.32,141.8575,362.585,145.2475,353.24,234.3325,320.975,230.9425
335.2125,134.16625,368.2575,139.98625,351.6975,234.20125,318.6525,228.39625
333.7775,137.4425,362.8625,139.9025,354.4325,239.4275,325.3475,236.9675
330.02375,135.74,365.60375,138.08,358.55375,245.18,322.98875,242.84
329.265,141.32375,366.69,145.07375,356.595,246.05375,319.17,242.31875
333.85375,143.32125,367.21375,148.55625,354.58375,228.98625,321.23875,223.76625
326.97375,140.9675,361.86375,138.2525,369.24375,233.0825,334.36875,235.7975
324.1475,142.0475,360.4025,139.0625,368.4425,236.7425,332.1875,239.7275
326.19125,137.80375,363.48125,137.29375,364.95125,241.57375,327.64625,242.09875
327.005,133.70875,366.29,134.47375,364.175,242.32375,324.89,241.54375
333.16375,132.395,366.55375,135.935,355.28875,242.345,321.88375,238.805
324.5175,133.25875,365.4075,133.91875,363.7125,237.67375,322.8225,236.99875
331.42,133.2125,367.09,136.5575,357.76,235.7975,322.09,232.4525
333.28,134.0125,369.955,139.2925,356.14,235.2775,319.465,229.9975
328.59125,133.25,365.73125,133.625,364.59125,246.05,327.43625,245.675
331.72375,131.765,368.45875,135.455,356.89375,250.655,320.17375,246.965
327.65,132.40625,363.725,133.33625,361.19,231.97625,325.115,231.03125
328.12875,133.4325,363.09375,132.9075,364.66875,239.0775,329.71875,239.6025
325.465,133.1775,367.33,133.2825,367.075,245.7525,325.21,245.6475
326.5925,130.97125,373.9625,134.58625,365.2175,249.45625,317.8475,245.85625
337.6675,131.2625,375.4075,135.8525,361.9225,246.8075,324.1825,242.2175
326.95,132.75375,375.46,133.20375,374.47,241.20375,325.96,240.76875
332.9225,131.06625,374.7125,133.69125,367.8875,242.38125,326.0975,239.77125
335.86,133.73625,369.67,134.74125,366.34,247.21125,332.53,246.22125
335.0425,133.985,370.6825,135.395,366.2275,247.415,330.5875,246.005
331.18625,130.74,370.51625,131.745,367.39625,254.52,328.05125,253.515
334.7325,133.13375,368.6475,134.72375,364.1775,230.36375,330.2625,228.78875
330.75,133.5,368.25,133.5,368.25,238.5,330.75,238.5
330.2175,133.295,368.0475,133.115,368.5125,237.425,330.6825,237.605
326.74125,133.795,366.29625,134.545,364.24125,242.605,324.67125,241.855
332.79,130.1875,367.065,134.2525,353.73,246.7825,319.455,242.7175
329.12625,130.2475,364.66125,132.6925,357.22125,240.7825,321.70125,238.3375
325.82875,130.6925,364.36375,132.6575,358.90375,239.8775,320.35375,237.9125
323.58875,132.8125,362.51375,133.7575,360.00875,237.1975,321.09875,236.2525
325.6925,133.325,359.6075,135.275,353.5775,240.215,319.6625,238.265
320.3025,130.2575,358.5375,133.3325,348.9675,252.4325,310.7325,249.3575
322.815,128.2,357.345,131.35,346.365,251.62,311.835,248.47
318.4625,132.95125,355.0775,133.95625,352.5275,225.77125,315.9125,224.75125
319.8675,130.27,355.7775,130.15,356.1225,237.73,320.2125,237.85
316.32375,130.66125,352.86375,128.78625,358.59375,240.20625,322.06875,242.09625
315.5,128.43875,353.96,127.70375,356.24,248.09375,317.78,248.81375
319.4625,127.23125,359.7975,130.27625,351.6675,238.33625,311.3325,235.30625
328.24,128.4625,363.07,134.8825,343.84,239.3275,309.01,232.9075
322.2925,130.47,356.2075,131.805,351.9775,239.25,318.0625,237.915
320.985,130.9675,356.265,133.1875,349.635,238.5025,314.355,236.2825
316.815,130.465,352.29,129.82,354.405,245.455,318.93,246.1
318.6125,130.525,354.3875,130.735,353.7575,235.435,317.9825,235.225
317.44,134.2225,356.74,135.4825,353.86,225.7075,314.56,224.4475
317.28,128.255,355.575,127.76,357.0,236.165,318.705,236.66
312.40125,130.7375,356.45625,130.0175,358.10625,231.0725,314.06625,231.7925
311.29125,125.85625,353.78625,124.34125,357.89625,239.63125,315.41625,241.16125
313.89,122.07875,362.7,125.79875,353.31,248.75375,304.5,245.01875
323.915,124.13625,360.95,128.56125,346.985,245.18625,309.95,240.74625
316.42375,131.56,353.86375,131.485,354.08875,239.62,316.63375,239.695
316.14,134.7275,351.33,133.7975,354.0,234.4025,318.81,235.3325
321.2925,131.3475,351.7725,131.3625,351.6975,245.1225,321.2175,245.1075
322.81375,123.8925,367.09375,127.2975,357.58375,250.8375,313.31875,247.4325
324.065,126.515,366.35,129.095,358.895,251.225,316.61,248.645
322.6125,130.1675,367.0575,132.6425,361.1775,238.4825,316.7325,236.0075
326.01,133.3175,367.2,133.5125,366.69,238.2125,325.5,238.0175
320.53625,134.08875,362.67125,131.23875,369.69125,234.88875,327.57125,237.75375
323.095,128.56625,364.885,127.45625,368.065,248.05625,326.275,249.15125
330.08,126.27125,370.49,129.96125,359.42,251.35625,319.01,247.68125
334.8975,126.2425,373.0875,129.9025,361.9725,245.8675,323.7825,242.2075
335.16625,127.0525,373.46125,129.1375,367.47625,239.0575,329.16625,236.9725
331.9675,127.165,369.0775,127.9,366.7825,244.615,329.6725,243.88
331.3575,127.23625,368.9925,127.79125,367.2525,244.62625,329.6175,244.05625
336.22,124.94625,367.84,126.02625,363.64,249.40125,332.02,248.33625
331.6225,125.795,379.3675,127.445,375.6475,235.085,327.9025,233.435
332.605,128.3,374.065,127.7,375.655,236.72,334.195,237.32
324.8875,128.60625,375.8875,124.33125,385.7425,242.27625,334.7425,246.53625
327.75,124.75,383.25,124.75,383.25,246.25,327.75,246.25
319.7925,133.83,368.3325,126.0,386.7975,240.45,338.2575,248.28
330.24625,127.3775,369.54625,127.2275,369.98125,249.9725,330.69625,250.1225
328.385,126.38,372.605,125.9,373.955,249.44,329.735,249.92
338.21,127.3625,375.335,127.6925,374.33,239.7875,337.205,239.4575
335.34,130.72,369.585,128.215,378.24,246.52,343.995,249.025
337.89375,123.84375,378.07875,123.64875,378.72375,253.65375,338.55375,253.86375
337.51,131.685,381.265,130.305,384.85,244.275,341.095,245.655
349.26875,128.965,391.52375,133.57,380.28875,236.755,338.04875,232.15
340.10125,129.2975,399.18625,130.4675,396.92125,245.3525,337.82125,244.1825
340.74,128.28875,384.87,122.13875,402.84,251.30375,358.71,257.43875
339.685,132.2775,387.58,126.4125,403.315,254.9925,355.42,260.8575
348.51625,122.6425,396.11125,123.8275,392.57125,266.0875,344.99125,264.9025
356.455,131.15875,392.005,131.18875,391.885,247.63375,356.335,247.58875
360.555,125.44,402.03,127.93,394.785,248.92,353.31,246.43
353.59125,130.335,402.88125,130.935,401.41125,251.265,352.10625,250.665
357.8875,127.97,404.6125,130.055,399.1225,253.43,352.3975,251.345
358.50875,124.91,397.43375,123.845,401.30375,265.55,362.36375,266.615
356.69625,125.02,406.90125,123.955,409.52625,247.12,359.30625,248.185
357.5925,125.8725,409.3875,124.7325,412.2375,253.8375,360.4425,254.9775
349.6525,133.38125,400.1425,126.46625,417.4375,252.96125,366.9475,259.86125
346.355,129.06,398.39,121.905,417.065,257.64,365.03,264.795
356.17125,127.81625,402.50625,128.22125,401.35125,263.79125,355.00125,263.40125
354.84375,131.5475,400.38375,129.1625,406.95375,254.6225,361.42875,257.0075
354.52875,132.05,403.98375,131.81,404.58375,250.67,355.11375,250.91
359.97125,128.61125,412.69625,128.47625,412.99625,257.85125,360.28625,257.97125
358.85125,124.71875,410.27125,121.73375,418.71625,266.97875,367.31125,269.97875
365.245,127.1475,415.36,130.1325,406.795,273.9225,356.68,270.9375
368.655,126.36,416.73,129.21,408.165,273.6,360.09,270.75
370.04375,129.00375,423.21875,133.47375,412.67375,258.34875,359.51375,253.86375
369.135,128.0025,424.515,127.4475,425.865,263.7075,370.485,264.2625
369.99625,127.63625,420.77125,125.35625,427.02625,263.91125,376.23625,266.20625
366.125,134.22375,408.47,128.14875,428.675,269.08875,386.33,275.14875
378.5675,129.0475,415.3175,129.1375,414.9425,280.2025,378.1925,280.1125
370.35,131.1325,426.48,132.0325,424.17,277.8775,368.04,276.9775
383.32,135.75625,427.09,137.67625,421.66,261.00625,377.89,259.07125
384.1325,138.325,424.6325,137.29,427.8575,263.095,387.3575,264.13
385.1825,137.28,426.9125,137.235,427.0475,267.0,385.3175,267.045
380.8525,141.03375,423.3775,138.43875,431.8375,277.69875,389.3125,280.27875
378.86875,136.15875,422.81875,132.85875,433.94875,280.81875,390.01375,284.13375
384.89625,143.08375,424.54125,139.91875,434.36625,263.06875,394.70625,266.21875
388.4825,139.28,436.9775,138.5,438.6875,245.54,390.1925,246.32
385.70625,146.855,432.11625,141.8,444.05625,251.405,397.63125,256.46
387.9025,142.89625,433.4425,139.23625,444.8275,280.79125,399.2875,284.46625
386.61875,141.03,438.36875,137.385,449.03375,288.81,397.26875,292.455
396.59,139.765,451.835,141.61,447.59,268.975,392.345,267.13
400.05,140.23625,449.205,137.44625,456.87,272.92625,407.715,275.70125
402.855,146.5,451.47,146.965,450.525,245.38,401.91,244.915
403.04375,140.3475,443.66375,137.9325,451.49375,269.6625,410.88875,272.0775
403.65375,140.58125,446.41875,139.57625,449.76375,282.60125,407.01375,283.59125
405.06875,139.665,446.49875,139.41,447.20375,253.635,405.75875,253.89
407.4,138.045,446.505,139.02,443.64,254.415,404.535,253.44
390.9,144.9025,440.4,134.8525,461.28,237.7675,411.78,247.8175
393.805,145.34875,442.36,138.35875,456.835,238.76875,408.28,245.77375
395.525,137.55,438.17,132.765,454.415,277.53,411.77,282.315
394.03,137.76875,441.295,133.76375,453.49,277.38875,406.225,281.40875
396.93875,139.02,445.91375,138.78,446.51375,262.56,397.52375,262.8
398.72,136.3825,456.59,135.5875,458.42,267.8875,400.55,268.6825
404.805,142.59375,456.105,141.79875,457.815,251.34375,406.515,252.15375
408.66875,139.8475,453.00875,139.4125,454.28375,268.4425,409.92875,268.8775
405.82875,136.91875,446.82375,132.55375,463.26375,286.55875,422.25375,290.93875
415.2675,136.5825,465.8925,139.9125,456.2625,286.3875,405.6375,283.0575
416.00375,142.39,462.29375,140.71,466.49375,256.93,420.21875,258.61
411.0,139.75,483.0,139.75,483.0,267.25,411.0,267.25
425.19375,142.0275,470.16375,137.6625,483.78375,277.8825,438.82875,282.2475
441.405,133.85,489.54,139.175,473.415,284.93,425.28,279.605
439.42875,138.1225,484.59375,139.0225,481.78875,279.4075,436.63875,278.5075
442.40625,142.43125,487.75125,141.87625,489.23625,265.31125,443.87625,265.85125
445.3675,143.935,492.1825,140.83,500.6425,268.525,453.8275,271.63
446.315,139.465,497.615,137.83,501.845,269.815,450.545,271.45
451.36125,139.16,493.04625,139.205,492.92625,265.34,451.25625,265.295
455.86875,132.7025,495.58875,133.1225,494.04375,278.6675,454.30875,278.2475
457.715,140.2025,501.83,140.3225,501.545,246.2075,457.43,246.0875
454.305,134.585,507.15,132.05,513.255,259.655,460.41,262.19
455.34125,136.60125,512.61125,135.83625,514.24625,259.72125,456.99125,260.47125
446.3525,134.93,495.5525,127.49,515.5175,259.49,466.3175,266.93
462.07125,130.78375,495.64125,130.46875,496.85625,266.78875,463.30125,267.08875
463.3525,131.98125,502.2925,132.82125,499.6375,255.86625,460.6975,255.04125
461.79125,136.46625,498.39125,134.68125,504.03125,250.85625,467.41625,252.62625
462.50625,136.0175,508.07625,134.9825,510.77625,253.6325,465.19125,254.6675
464.3075,140.09625,509.3525,142.12125,505.1225,236.00625,460.0775,233.96625
457.9625,137.05125,503.0525,134.75625,509.7875,266.39625,464.6975,268.70625
462.8475,134.3325,508.2675,135.8325,503.6625,275.3175,458.2425,273.8175
457.9425,143.515,511.0725,142.81,512.4675,249.325,459.3375,250.03
453.45125,145.03,512.40125,140.74,520.63625,253.99,461.70125,258.28
463.4,146.21875,502.04,145.73875,503.18,237.29875,464.54,237.79375
452.6875,146.8975,492.7225,138.8125,517.0225,259.1125,476.9875,267.1975
455.08,145.035,496.54,143.235,501.52,257.805,460.06,259.605
457.15,146.41625,498.43,147.24125,496.15,260.62625,454.87,259.78625
453.23625,147.92375,499.16625,148.19375,498.50625,263.27375,452.56125,263.01875
456.3075,148.11,493.8825,148.65,492.5625,241.17,454.9875,240.63
441.055,152.685,483.115,147.33,495.985,248.475,453.925,253.83
449.89875,146.29,486.75375,146.32,486.63375,275.11,449.76375,275.08
453.215,142.7525,485.15,143.5175,481.925,277.8575,449.99,277.0925
442.17375,152.615,486.18375,147.8,495.78375,235.565,451.78875,240.38
437.3775,142.9075,495.4725,139.4575,502.5525,258.9625,444.4575,262.4125
431.49375,149.94,482.34375,139.365,506.76375,256.8,455.92875,267.375
436.435,149.935,480.475,140.275,506.365,258.265,462.325,267.925
443.055,139.6275,486.99,138.1575,491.325,268.8225,447.39,270.2925
444.99875,137.05875,490.26875,138.03375,487.85375,250.69875,442.56875,249.73875
446.0475,140.7025,493.2075,140.8525,492.8625,252.7075,445.7025,252.5575
442.96,141.80875,491.26,138.25375,499.66,252.08875,451.36,255.65875
441.34375,142.35,480.58375,134.34,504.92875,253.71,465.67375,261.72
450.07125,138.0975,488.47125,138.1875,488.23125,245.4525,449.81625,245.3625
450.73375,132.7275,487.52875,134.4075,481.66375,261.9225,444.88375,260.2425
442.53,142.295,484.125,139.805,489.45,228.905,447.855,231.395
442.85375,137.05625,487.19375,136.87625,487.59875,241.96625,443.24375,242.13125
436.31125,136.6725,490.88125,134.7225,494.87125,246.2175,440.28625,248.1675
424.3575,145.38125,476.7375,133.26125,502.7325,245.50625,450.3525,257.64125
438.8225,137.8575,480.0275,135.9525,485.3075,250.0125,444.1025,251.9175
447.3675,133.2025,481.7175,135.4975,473.7225,255.4675,439.3725,253.1725
439.79,137.23,486.47,137.68,485.57,231.43,438.89,230.98
427.005,139.6225,476.745,130.3225,498.015,244.0675,448.275,253.3675
435.27875,137.235,481.10375,133.44,489.05375,229.245,443.21375,233.04
437.155,134.135,483.955,132.32,488.125,239.585,441.325,241.4
442.345,134.785,481.75,133.195,486.655,254.575,447.25,256.165
446.0275,133.315,487.7125,137.35,477.9025,238.765,436.2175,234.73
442.39125,132.5875,488.98125,134.1925,485.45625,236.1625,438.88125,234.5575
441.9225,131.5975,490.5675,133.4125,486.6675,237.9925,438.0225,236.1775
430.22625,137.8825,477.55125,127.6675,500.15625,232.3075,452.81625,242.5225
431.5175,134.14875,475.2425,125.62875,497.8925,242.10375,454.1675,250.60875
442.4475,130.40625,486.4275,130.94625,484.9425,250.37625,440.9625,249.82125
443.66875,128.32,482.81875,129.01,480.70375,250.18,441.53875,249.49
437.2825,130.1375,485.8375,125.2775,496.6675,233.4725,448.1125,238.3325
448.71375,127.8075,506.25375,134.9025,494.17875,233.0025,436.62375,225.9075
447.6575,127.155,491.8625,126.795,492.6125,219.405,448.4075,219.765
428.61,139.6275,475.53,127.7625,501.69,231.2025,454.77,243.0675
447.73375,124.0675,487.00375,124.2475,486.47875,243.5425,447.19375,243.3625
441.1225,127.7975,485.1475,123.1325,497.6875,241.5125,453.6625,246.1775
443.0975,123.67,500.9375,123.94,500.4125,238.87,442.5725,238.6
454.1125,124.71,501.4525,124.335,502.2775,225.87,454.9375,226.245
468.06875,114.23875,519.89375,125.56375,498.14375,225.07375,446.30375,213.73375
450.12,126.32125,499.5,116.85625,521.22,230.10625,471.84,239.58625
461.26,120.50875,499.84,115.18375,516.82,237.98875,478.24,243.32875
473.15125,119.58375,519.77125,118.05375,523.91125,242.85375,477.27625,244.39875
488.94,117.07875,538.365,118.74375,535.2,212.19375,485.775,210.51375
490.23125,114.355,550.65125,114.52,550.39625,207.925,489.99125,207.76
490.2725,124.90375,528.2375,115.34875,547.6175,192.44875,509.6525,201.98875
507.02875,112.8875,548.09875,112.3625,549.26875,204.6425,508.21375,205.1675
514.6675,103.0125,558.5725,104.6025,553.8025,236.4375,509.8975,234.8475
516.24,107.675,566.475,108.575,564.24,232.445,514.005,231.545
518.0525,110.30875,567.3125,110.99875,565.8575,214.88875,516.5975,214.21375
521.485,103.975,570.01,102.115,574.315,214.765,525.79,216.625
524.0375,102.33375,574.4525,101.71875,575.7725,207.72375,525.3575,208.35375
520.685,106.43,557.96,100.16,577.535,216.65,540.26,222.92
523.24625,103.535,562.54625,98.885,576.90125,220.145,537.61625,224.795
529.01,98.61125,579.155,102.16625,570.41,225.27125,520.265,221.70125
532.8525,102.575,570.2325,103.1,568.8375,200.465,531.4575,199.94
530.95875,100.91875,581.92875,104.71375,574.59375,203.57875,523.60875,199.79875
514.9125,99.51,549.6675,90.12,581.6775,208.71,546.9225,218.1
527.59,99.57,570.4,102.18,564.73,195.27,521.92,192.66
515.8775,102.8475,552.8375,97.9275,568.6325,216.5025,531.6725,221.4225
523.29625,99.33375,553.13125,99.40875,552.84625,220.26375,522.99625,220.20375
520.4175,97.1375,560.0625,101.4425,546.8325,223.0325,507.1875,218.7275
515.065,101.7625,558.745,102.0775,557.995,206.9875,514.315,206.6725
518.24,102.96875,556.025,104.76875,551.66,196.86875,513.875,195.08375
507.65375,104.1325,546.57875,99.4225,560.06375,210.7375,521.15375,215.4475
508.19,104.0225,548.6,102.3425,553.43,218.8475,513.02,220.5275
504.7325,101.7475,546.5375,101.4025,547.3175,197.4025,505.5125,197.7475
504.08375,99.14,551.01875,99.83,549.59375,196.28,502.67375,195.59
500.95125,98.2625,544.96125,97.9775,545.59125,194.9075,501.56625,195.1925
501.91875,97.45375,539.35875,97.76875,538.57875,187.31875,501.15375,186.98875
498.96125,89.90375,537.79625,89.13875,540.10625,207.54875,501.28625,208.29875
495.8475,90.27125,529.2975,89.98625,530.3025,211.29125,496.8525,211.56125
496.93625,91.435,532.47125,92.59,528.64625,210.565,493.09625,209.41
493.855,92.67,529.84,94.02,526.105,193.59,490.12,192.24
486.39,89.50125,523.935,86.20125,532.89,187.94625,495.345,191.26125
487.16625,84.78,531.77625,87.285,526.43625,182.52,481.81125,180.015
480.6125,87.28375,519.6725,85.40875,524.4575,184.63375,485.3975,186.52375
472.7675,86.829375,509.6975,77.971875,533.9225,178.929375,496.9925,187.794375
484.465,76.61525,520.315,77.24225,518.335,190.64525,482.485,190.01525
481.225,73.89425,521.005,73.45325,522.115,172.90175,482.335,173.33675
484.58375,74.350375,527.90375,76.025875,524.21375,171.238375,480.90875,169.558375
473.675,81.3655,505.685,74.1295,525.905,163.5595,493.895,170.7895
477.07125,79.713875,509.09625,75.992375,518.75625,159.149375,486.74625,162.869375
480.57125,74.480125,514.50125,72.753625,519.99125,180.572125,486.04625,182.297125
478.805,74.28425,509.78,70.54325,523.475,183.93425,492.5,187.68425
479.09,73.491125,507.77,69.292625,521.87,165.589625,493.19,169.789625
479.3325,72.896625,513.0075,70.102125,520.8975,165.035625,487.2225,167.840625
477.96,71.85825,516.63,68.20425,525.72,164.34375,487.05,168.00375
481.03,71.1785,516.205,69.3215,521.11,162.212,485.935,164.072
477.585,69.010625,508.725,62.763125,532.215,179.842625,501.075,186.082625
486.3175,69.797125,514.3675,67.086625,525.3925,181.256125,497.3425,183.971125
484.9025,68.317875,524.4575,66.918375,528.3275,176.248875,488.7725,177.643875
489.9825,69.669625,522.5325,68.984125,524.4075,158.565625,491.8575,159.255625
486.53125,63.793375,530.63125,63.302875,531.65125,154.184875,487.53625,154.679875
479.82,70.77225,517.05,64.13025,532.14,148.74525,494.91,155.39025
478.4625,69.860625,512.4825,61.843125,536.0475,161.852625,502.0275,169.862625
483.70375,66.290625,514.01875,61.873125,530.36875,174.013125,500.03875,178.438125
486.77375,66.528375,513.86375,62.902875,529.22375,177.709875,502.14875,181.339875
489.355,65.547,517.24,64.218,522.505,174.702,494.62,176.037
482.99,69.881375,512.75,65.034875,528.47,161.631875,498.71,166.476875
476.505,71.209375,514.14,67.031875,524.055,156.265375,486.42,160.450375
475.17875,74.073125,510.21875,68.665625,524.55875,161.586125,489.53375,166.986125
474.0325,71.0935,504.3775,65.6365,523.0975,169.753,492.7525,175.213
467.8275,74.53375,497.9625,66.68875,524.7825,169.70125,494.6475,177.54625
467.3975,66.354375,495.3725,60.901875,517.9925,176.929875,490.0175,182.374875
471.3775,69.1415,506.9725,67.0835,512.4325,161.5625,476.8375,163.6325
460.4925,71.087125,497.0475,65.256625,511.0575,153.074125,474.5025,158.909125
447.82125,78.9255,488.17125,69.0495,508.00125,150.0555,467.63625,159.9255
450.6125,77.97475,480.7775,70.13275,503.8175,158.80075,473.6525,166.64575
447.975,74.398125,474.885,67.910625,501.045,176.423625,474.135,182.918625
444.795,72.93125,480.495,69.10625,492.585,181.92575,456.885,185.75075
435.53875,80.452125,465.04375,71.471625,496.67875,175.417125,467.18875,184.402125
426.8725,83.52675,462.7225,75.01575,485.2375,169.85775,449.3875,178.37775
431.0125,83.834625,466.8925,80.044125,474.7975,154.870125,438.9175,158.650125
428.16,82.864,466.635,77.896,478.68,171.2275,440.205,176.1925
427.15875,80.20075,470.01375,75.99175,480.27375,180.42325,437.40375,184.63825
422.97375,83.555,450.90375,73.895,483.49875,168.125,455.55375,177.785
424.14,81.012625,456.3,73.421125,480.3,175.065625,448.14,182.655625
423.72,84.4795,452.67,77.5555,474.78,170.005,445.83,176.92
417.8225,82.972,448.7675,74.068,474.3275,162.877,443.3825,171.787
411.58625,83.254625,443.53625,71.679125,476.59625,162.952625,444.63125,174.532625
424.0025,85.910625,452.6525,80.353125,467.9075,158.977125,439.2575,164.542125
410.97375,93.312125,440.98875,77.656625,487.98375,167.757125,457.98375,183.417125
416.86,83.662875,455.92,78.948375,467.02,170.923875,427.96,175.633875
415.8375,86.95525,441.3225,78.28225,473.6925,173.32525,448.2075,181.99525
413.85,84.799,446.58,77.821,467.43,175.6165,434.7,182.5915
408.44,91.30375,439.7,75.88375,481.7,160.99375,450.44,176.42875
407.7625,97.150625,439.2775,80.133125,482.5675,160.330625,451.0525,177.340625
410.4475,88.684625,440.0725,77.229125,478.6825,177.034625,449.0575,188.494625
419.12,81.764,451.79,78.716,460.88,176.2235,428.21,179.2685
417.7875,80.07875,447.2325,75.51875,462.4425,173.75225,432.9975,178.31225
412.39375,84.48925,441.43375,77.20825,463.48375,165.18925,434.45875,172.47925
410.4125,85.55575,442.0175,76.63675,464.2775,155.49625,432.6725,164.42125
403.665,91.7575,435.33,77.7175,472.635,161.7925,440.97,175.8325
414.94,77.1215,449.89,76.9835,450.28,176.6585,415.33,176.8085
400.3825,84.57775,429.4075,74.83975,458.8675,162.62875,429.8425,172.36375
407.8375,75.588,441.0325,75.117,442.3525,168.0735,409.1575,168.5535
400.0325,78.986125,431.8325,72.747625,449.8175,164.358625,418.0175,170.598625
394.38625,83.848375,420.51625,75.107875,452.66125,171.199375,426.54625,179.929375
400.58,80.08725,433.88,77.27025,441.62,168.75825,408.32,171.57825
401.7625,78.371125,436.2325,78.132625,436.9075,175.569625,402.4375,175.809625
400.995,76.795875,435.495,76.620375,436.005,174.120375,401.505,174.300375
385.8375,88.957625,414.8175,76.941125,445.4325,150.796625,416.4525,162.811625
395.18875,80.844125,427.66375,79.984625,429.86875,163.315625,397.40875,164.170625
390.94375,80.92425,425.26375,79.11825,430.28875,174.37425,395.95375,176.18925
386.03125,84.437375,416.91625,79.983875,428.55625,160.712375,397.68625,165.167375
384.47,79.744125,419.09,76.439625,427.25,161.926125,392.63,165.241125
380.45,81.649,415.7,76.861,427.43,163.2025,392.18,167.9875
374.0525,83.591875,409.0325,77.674375,423.8375,165.212875,388.8575,171.137875
366.5875,85.87575,397.2475,77.15175,421.8625,163.65225,391.2025,172.38225
362.26,82.567125,391.69,72.521625,423.4,165.442125,393.97,175.492125
362.1875,81.151875,390.8675,76.164375,406.0025,163.204875,377.3225,168.199875
356.605,89.467875,380.77,77.823375,419.275,157.702875,395.11,169.342875
359.59,86.490875,385.84,78.545375,409.45,156.558875,383.2,164.493875
