0.141563,-0.000234375,-0.0255938,-2.60209e-17,0.994444,-0.00555556,0.0,0.0,1.0
0.147422,-0.00257813,-0.0229375,8.67362e-18,0.994444,-0.00555556,0.0,0.0,1.0
0.145969,0.00529687,-0.0270313,1.04083e-17,0.994444,-0.00555556,0.0,0.0,1.0
0.155227,-0.00466406,-0.0283906,-6.93889e-18,0.994444,-0.00555556,0.0,0.0,1.0
0.158555,0.0153516,-0.0213906,-1.56125e-17,0.994444,-0.00555556,0.0,0.0,1.0
0.150867,-0.00625781,-0.0327969,-2.42861e-17,0.994444,-0.00555556,0.0,0.0,1.0
0.159609,0.0402656,-0.022,1.21431e-17,0.994444,-0.00555556,0.0,0.0,1.0
0.157078,0.0502031,-0.029625,1.04083e-17,0.994444,-0.00555556,0.0,0.0,1.0
0.161578,0.0362344,-0.0325,2.08167e-17,0.994444,-0.00555556,0.0,0.0,1.0
0.153844,0.0452813,-0.0355625,-1.38778e-17,0.994444,-0.00555556,0.0,0.0,1.0
0.149438,0.0227344,-0.0458438,-0.00290174,0.991543,-0.00265382,0.0,0.0,1.0
0.159727,0.0285703,-0.0402656,-0.00491944,0.989525,-0.000636111,0.0,0.0,1.0
0.158461,0.0451641,-0.0405781,-0.0102059,0.984239,0.00465035,0.0,0.0,1.0
0.161039,-0.00344531,-0.0502031,1.73472e-17,0.994444,-0.00555556,0.0,0.0,1.0
0.152437,0.0241875,-0.052125,-0.00546215,0.988982,-9.34028e-05,0.0,0.0,1.0
0.152859,0.0147656,-0.0611875,-0.00143785,0.993007,-0.00411771,0.0,0.0,1.0
0.160711,0.0476484,-0.0565469,-0.00757917,0.986865,0.00202361,0.0,0.0,1.0
0.163078,0.0304219,-0.0569375,-0.00654444,0.9879,0.000988889,0.0,0.0,1.0
0.154406,0.0230156,-0.0642812,-0.00382292,0.990622,-0.00173264,0.0,0.0,1.0
0.147375,-0.00890625,-0.07325,0.00204167,0.981549,0.00734028,0.0,0.0,1.0
0.167156,0.0381094,-0.0507188,-0.00223368,0.992211,-0.00332187,0.0,0.0,1.0
0.157594,0.0268594,-0.0535938,-0.00572917,0.988715,0.000173611,0.0,0.0,1.0
0.155391,0.00553125,-0.0585313,6.93889e-18,0.994444,-0.00555556,0.0,0.0,1.0
0.149648,0.0389297,-0.0507969,-0.00367569,0.990769,-0.00187986,0.0,0.0,1.0
0.147328,0.0259219,-0.053,-6.93889e-18,0.994444,-0.00555556,0.0,0.0,1.0
0.156375,0.0263437,-0.0469375,-0.000660417,0.993784,-0.00489514,0.0,0.0,1.0
0.148031,0.0305625,-0.047125,-0.00239062,0.992054,-0.00316493,0.0,0.0,1.0
0.143016,-0.004125,-0.0516562,1.04083e-17,0.994444,-0.00555556,0.0,0.0,1.0
0.146742,-0.00499219,-0.0477969,0.001125,0.988125,0.000763889,0.0,0.0,1.0
0.157219,0.035625,-0.0298125,-0.00715243,0.987292,0.00159688,0.0,0.0,1.0
0.146391,-0.006375,-0.0415937,-6.93889e-18,0.994444,-0.00555556,0.0,0.0,1.0
0.150797,0.0210469,-0.0344375,-0.00485417,0.988219,0.000670139,0.0,0.0,1.0
0.147703,0.0114375,-0.0375937,-0.001075,0.993369,-0.00448056,0.0,0.0,1.0
0.141375,0.0009375,-0.037,-0.0002,0.988576,0.0003125,0.0,0.0,1.0
0.153117,-0.00541406,-0.0397969,0.00124167,0.988049,0.000840278,0.0,0.0,1.0
0.152109,0.0234844,-0.0369375,-0.0054625,0.978344,0.0105451,0.0,0.0,1.0
0.154266,0.0402187,-0.0364062,-0.00945833,0.978319,0.0105694,0.0,0.0,1.0
0.153469,0.0373125,-0.038625,-0.00870833,0.97834,0.0105486,0.0,0.0,1.0
0.146133,0.00255469,-0.0526719,-0.000566667,0.976889,0.012,0.0,0.0,1.0
0.157172,0.0411094,-0.0465,-0.0099,0.967375,0.0215139,0.0,0.0,1.0
0.151711,0.0219609,-0.0537969,-0.00505417,0.974753,0.0141354,0.0,0.0,1.0
0.149109,0.0209531,-0.057,-0.00474167,0.976431,0.0124583,0.0,0.0,1.0
0.158953,0.0327188,-0.0552187,-0.00795,0.97409,0.0147986,0.0,0.0,1.0
0.151172,0.0084375,-0.0610312,-0.00201667,0.961715,0.0271736,0.0,0.0,1.0
0.153656,0.0357656,-0.0560937,-0.0083625,0.976455,0.012434,0.0,0.0,1.0
0.142148,-0.00611719,-0.0636719,0.00131667,0.976694,0.0121944,0.0,0.0,1.0
0.163711,0.0448828,-0.0499219,-0.0114542,0.969483,0.0194062,0.0,0.0,1.0
0.178734,0.0352031,-0.0386875,-0.009725,0.966361,0.0225278,0.0,0.0,1.0
0.163453,0.0445312,-0.0481563,-0.0112458,0.962878,0.0260104,0.0,0.0,1.0
0.162703,0.0419062,-0.0464063,-0.0105208,0.950844,0.0380451,0.0,0.0,1.0
0.162656,0.0372187,-0.046125,-0.009125,0.971229,0.0176597,0.0,0.0,1.0
0.152883,0.0284297,-0.0531094,-0.00657083,0.965246,0.0236424,0.0,0.0,1.0
0.150656,0.00942187,-0.0603437,-0.00220417,0.950823,0.038066,0.0,0.0,1.0
0.147047,0.0045,-0.0593438,-0.001025,0.952153,0.0367361,0.0,0.0,1.0
0.154453,0.0210938,-0.0579063,-0.00494167,0.963368,0.0255208,0.0,0.0,1.0
0.153047,0.0315,-0.0587813,-0.00729583,0.967497,0.0213924,0.0,0.0,1.0
0.163641,0.0242813,-0.0537187,-0.0061125,0.955712,0.0331771,0.0,0.0,1.0
0.162867,0.00241406,-0.0581406,-0.000595833,0.966899,0.0219896,0.0,0.0,1.0
0.184359,0.0285938,-0.0374063,-0.00801667,0.967722,0.0211667,0.0,0.0,1.0
0.177961,0.0209297,-0.0353906,-0.00565833,0.967451,0.0214375,0.0,0.0,1.0
0.178734,0.0170625,-0.0372812,-0.00465417,0.967948,0.020941,0.0,0.0,1.0
0.175125,0.0242344,-0.0325937,-0.00640833,0.974951,0.0139375,0.0,0.0,1.0
0.168352,0.0182109,-0.0339531,-0.00470417,0.964205,0.024684,0.0,0.0,1.0
0.170953,0.01875,-0.0287813,-0.0049125,0.963941,0.0249479,0.0,0.0,1.0
0.172172,0.0380625,-0.0249688,-0.0100417,0.968465,0.0204236,0.0,0.0,1.0
0.174703,0.0367031,-0.023375,-0.0098125,0.964323,0.024566,0.0,0.0,1.0
0.174703,0.0195469,-0.021,-0.0052,0.964007,0.0248819,0.0,0.0,1.0
0.170344,0.0305156,-0.0212188,-0.00800833,0.955264,0.033625,0.0,0.0,1.0
0.17175,-0.004125,-0.0205625,0.00108333,0.956583,0.0323056,0.0,0.0,1.0
0.169547,-0.034125,-0.0247188,0.0089,0.952715,0.0361736,0.0,0.0,1.0
0.165398,0.00850781,-0.0216094,-0.0023,0.938299,0.0505903,0.0,0.0,1.0
0.166688,-0.0433125,-0.0199375,0.011025,0.954153,0.0347361,0.0,0.0,1.0
0.165187,-0.0145313,-0.0241875,0.00371667,0.944687,0.0442014,0.0,0.0,1.0
0.168844,-0.0345937,-0.0286875,0.0090375,0.941024,0.0478646,0.0,0.0,1.0
0.166219,-0.0414375,-0.035875,0.0109167,0.929979,0.0589097,0.0,0.0,1.0
0.169617,-0.0381328,-0.0456406,0.0103042,0.92501,0.0638785,0.0,0.0,1.0
0.169781,-0.0587813,-0.066,0.0158708,0.924865,0.0640243,0.0,0.0,1.0
0.152625,-0.131578,-0.110781,0.0328792,0.91774,0.0711493,0.0,0.0,1.0
0.151453,-0.133219,-0.127219,0.0327625,0.922406,0.0664826,0.0,0.0,1.0
0.143859,-0.158906,-0.165969,0.0433191,0.915294,0.0631483,0.0,0.0,1.0
0.153959,-0.130474,-0.192733,0.0365726,0.921356,0.0611128,0.0,0.0,1.0
0.168375,-0.0692344,-0.191781,0.0190417,0.937243,0.0516458,0.0,0.0,1.0
0.15783,-0.134252,-0.232533,0.0529479,0.90259,0.0530201,0.0,0.0,1.0
0.15348,-0.143121,-0.256664,0.0638299,0.899888,0.0374576,0.0,0.0,1.0
0.159338,-0.131962,-0.265131,0.0673663,0.892516,0.0355649,0.0,0.0,1.0
0.171806,-0.0932437,-0.277944,0.0605292,0.836012,0.0466583,0.0,0.0,1.0
0.169556,-0.0756656,-0.277162,0.049,0.827442,0.0530389,0.0,0.0,1.0
0.176062,-0.06525,-0.273313,0.0437542,0.829746,0.0588917,0.0,0.0,1.0
0.198108,-0.0317016,-0.260884,0.0295125,0.672446,-0.0179639,0.0,0.0,1.0
0.140688,-0.157891,-0.281105,0.0882583,0.795375,0.0803611,0.0,0.0,1.0
0.239831,0.00455156,-0.246419,-0.00584167,0.5907,-0.0168,0.0,0.0,1.0
0.247549,-0.0595805,-0.177689,0.0771125,0.604437,-0.030125,0.0,0.0,1.0
0.213797,-0.0687656,-0.145875,0.0693125,0.670496,-0.111775,0.0,0.0,1.0
0.225258,-0.0965859,-0.127453,0.113738,0.604546,-0.0847528,0.0,0.0,1.0
0.203063,-0.142781,-0.0831875,0.146929,0.623613,-0.0649083,0.0,0.0,1.0
0.182766,-0.121781,-0.0821562,0.10325,0.681492,-0.0801611,0.0,0.0,1.0
0.173555,-0.133852,-0.0852031,0.101404,0.724137,-0.0570361,0.0,0.0,1.0
0.164203,-0.165094,-0.0775312,0.108333,0.790933,-0.0229556,0.0,0.0,1.0
0.157898,-0.193336,-0.0959844,0.122892,0.785333,-0.0269444,0.0,0.0,1.0
0.122227,-0.303258,-0.0892656,0.458396,0.255538,-0.0297306,0.0,0.0,1.0
0.145359,-0.152766,-0.103625,0.0855542,0.820721,0.00301944,0.0,0.0,1.0
0.142125,-0.165234,-0.102281,0.0879875,0.843704,0.0134194,0.0,0.0,1.0
0.155695,-0.145102,-0.101141,0.0836333,0.854133,-0.00631111,0.0,0.0,1.0
0.177563,-0.193875,-0.0811875,0.146275,0.743633,-0.0413667,0.0,0.0,1.0
0.198563,-0.204,-0.091125,0.1721,0.743875,-0.0390833,0.0,0.0,1.0
0.169781,-0.204281,-0.0898125,0.153975,0.711983,-0.0518778,0.0,0.0,1.0
0.193359,0.0013125,-0.0699688,-0.0009875,0.835688,-0.00468056,0.0,0.0,1.0
0.173484,-0.145313,-0.0865937,0.0489799,0.897463,0.0787826,0.0,0.0,1.0
0.171188,-0.140578,-0.0724688,0.0970042,0.784321,0.0402306,0.0,0.0,1.0
0.183633,-0.0895547,-0.0720781,0.0695083,0.747525,-0.00768333,0.0,0.0,1.0
0.202641,-0.016125,-0.0759062,0.0147583,0.699925,-0.0842278,0.0,0.0,1.0
0.200227,-0.00457031,-0.0713281,0.00424167,0.684058,-0.0803167,0.0,0.0,1.0
0.202148,-0.0926484,-0.00426563,0.0825625,0.717171,-0.0883917,0.0,0.0,1.0
0.177492,-0.0640547,-0.0193906,0.0478583,0.750333,-0.0874444,0.0,0.0,1.0
0.157547,-0.0598125,-0.0291563,0.0153542,0.952642,0.0362465,0.0,0.0,1.0
0.153609,-0.107672,-0.0364375,0.031233,0.945875,0.0345066,0.0,0.0,1.0
0.213563,-0.115969,-0.0811875,0.0560385,0.926772,0.0321816,0.0,0.0,1.0
0.182883,-0.0502734,-0.0564531,0.0169219,0.925405,0.0605649,0.0,0.0,1.0
0.247875,-0.006,-0.0919375,0.00496701,0.9323,0.0516962,0.0,0.0,1.0
0.214359,-0.0805312,-0.0606562,0.0666875,0.817887,-0.0540361,0.0,0.0,1.0
0.212508,-0.105305,-0.0563906,0.0555076,0.929733,0.022691,0.0,0.0,1.0
0.136172,-0.0387187,-0.0687187,0.00851667,0.939174,0.0497153,0.0,0.0,1.0
0.143414,-0.0218672,-0.0458594,0.0048,0.914375,0.0745139,0.0,0.0,1.0
0.1365,-0.068625,-0.050625,0.0138875,0.93549,0.0533993,0.0,0.0,1.0
0.186164,-0.114773,0.000171875,0.078501,0.835309,0.0772191,0.0,0.0,1.0
0.185016,-0.123094,0.0271563,0.0809917,0.888642,-0.0159833,0.0,0.0,1.0
0.185695,-0.129164,0.0336094,0.0845083,0.89685,-0.0184556,0.0,0.0,1.0
0.206672,-0.169266,0.04225,0.137354,0.804971,0.00213056,0.0,0.0,1.0
0.197414,-0.112477,0.0284844,0.0916792,0.765496,0.0117806,0.0,0.0,1.0
0.185859,-0.0856875,0.0155938,0.0670542,0.750938,-0.006125,0.0,0.0,1.0
0.175641,-0.0257812,-0.0120312,0.0172542,0.829246,0.0980028,0.0,0.0,1.0
0.183375,-0.0400313,-0.01225,0.0136583,0.827521,0.161368,0.0,0.0,1.0
0.18893,-0.0365859,-0.00273437,0.0126583,0.81416,0.174729,0.0,0.0,1.0
0.186633,-0.241055,0.0500156,0.345863,0.411112,0.172036,0.0,0.0,1.0
0.170039,-0.0976172,-0.0116719,0.0299583,0.756132,0.232757,0.0,0.0,1.0
0.159867,-0.103758,-0.0152969,0.0296875,0.746503,0.242385,0.0,0.0,1.0
0.136195,-0.175523,-0.0301094,0.0440875,0.731434,0.257455,0.0,0.0,1.0
0.12307,-0.285352,-0.0483594,0.06435,0.757028,0.231861,0.0,0.0,1.0
0.120469,-0.336937,-0.05475,0.0847274,0.760769,0.213123,0.0,0.0,1.0
0.0879258,-0.459035,-0.0479609,0.268838,0.474454,0.171808,0.0,0.0,1.0
0.0201234,-0.543033,-0.0421781,0.220725,0.156583,0.0128,0.0,0.0,1.0
-0.00145313,-0.652331,0.0182687,0.19795,-0.0151667,-0.0287444,0.0,0.0,1.0
-0.0416109,-0.598612,-0.0061375,0.214363,-0.367213,-0.0983972,0.0,0.0,1.0
-0.102541,-0.457151,-0.0323922,0.216972,-0.595322,-0.210444,0.0,0.0,1.0
-0.120094,-0.376266,0.00215625,0.168085,-0.653027,-0.217327,0.0,0.0,1.0
-0.157172,-0.240562,0.0386562,0.0605833,-0.848278,-0.151722,0.0,0.0,1.0
-0.165305,-0.0645703,0.0882656,0.0156667,-0.910784,-0.089216,0.0,0.0,1.0
-0.170508,-0.00471094,0.104984,0.00120833,-0.932789,-0.0672111,0.0,0.0,1.0
-0.174211,0.178148,0.133609,-0.0477083,-0.944494,-0.0555063,0.0,0.0,1.0
-0.145289,0.282539,0.111047,-0.266342,-0.487083,0.102611,0.0,0.0,1.0
-0.124383,0.386648,0.159016,-0.265696,-0.571904,0.0679528,0.0,0.0,1.0
-0.0563203,0.500742,0.210797,-0.313075,-0.284825,0.15995,0.0,0.0,1.0
0.0192188,0.473766,0.204719,-0.328867,0.0873667,0.295533,0.0,0.0,1.0
0.0674063,0.443391,0.228406,-0.270876,0.333626,0.391112,0.0,0.0,1.0
0.102727,0.355383,0.194422,-0.102895,0.547646,0.419027,0.0,0.0,1.0
0.119391,0.247406,0.145344,-0.0685792,0.587302,0.401587,0.0,0.0,1.0
0.134766,0.133594,0.132344,-0.0382875,0.606406,0.382483,0.0,0.0,1.0
0.137391,0.0368438,0.120281,-0.0105667,0.627771,0.361118,0.0,0.0,1.0
0.178383,-0.0925547,0.109828,0.0313375,0.706983,0.281906,0.0,0.0,1.0
0.165281,-0.117328,0.0884688,0.0350292,0.737142,0.251747,0.0,0.0,1.0
0.140766,-0.191953,0.0299375,0.0467875,0.790837,0.198052,0.0,0.0,1.0
0.14557,-0.287039,-0.0272344,0.135169,0.730552,0.160066,0.0,0.0,1.0
0.150888,-0.324466,-0.0610297,0.222402,0.648552,0.129809,0.0,0.0,1.0
0.118062,-0.385812,-0.119739,0.294325,0.489075,0.0601722,0.0,0.0,1.0
0.016657,-0.420391,-0.102667,0.314542,0.070375,-0.116728,0.0,0.0,1.0
-0.00280312,-0.481528,-0.158831,0.297317,-0.0143,-0.170344,0.0,0.0,1.0
-0.0421359,-0.429248,-0.121134,0.260983,-0.219017,-0.227622,0.0,0.0,1.0
-0.0621164,-0.424695,-0.101473,0.175871,-0.474288,-0.291553,0.0,0.0,1.0
-0.0614016,-0.383855,-0.0812781,0.133802,-0.556302,-0.310001,0.0,0.0,1.0
-0.0650625,-0.26775,-0.0308125,0.0628125,-0.663121,-0.292071,0.0,0.0,1.0
-0.107859,-0.18975,0.00446875,0.0424167,-0.714625,-0.285375,0.0,0.0,1.0
-0.0869062,-0.157641,0.0363437,0.0482389,-0.691964,-0.272975,0.0,0.0,1.0
-0.0906094,-0.0400313,0.0740312,0.007625,-0.731894,-0.268106,0.0,0.0,1.0
-0.0779531,0.0699375,0.106469,-0.0265708,-0.648771,-0.244458,0.0,0.0,1.0
-0.0893437,0.109547,0.104531,-0.0514917,-0.600692,-0.240794,0.0,0.0,1.0
-0.0821719,0.186609,0.152125,-0.09,-0.538625,-0.24865,0.0,0.0,1.0
-0.0675234,0.237961,0.171234,-0.139013,-0.365304,-0.217097,0.0,0.0,1.0
-0.0441562,0.263672,0.185219,-0.136458,-0.269692,-0.178189,0.0,0.0,1.0
-0.00890625,0.302766,0.190094,-0.150033,-0.05665,-0.102689,0.0,0.0,1.0
0.0300937,0.272531,0.190062,-0.119633,0.216608,-0.0199389,0.0,0.0,1.0
0.0388125,0.245063,0.177687,-0.100667,0.298475,-0.000983333,0.0,0.0,1.0
0.072,0.206906,0.178,-0.0914333,0.514708,0.0736944,0.0,0.0,1.0
0.110484,0.144609,0.161187,-0.0749125,0.674338,0.124164,0.0,0.0,1.0
0.126563,0.0772031,0.154156,-0.0429792,0.718796,0.150247,0.0,0.0,1.0
0.115852,-0.00827344,0.168391,0.00450833,0.669992,0.187339,0.0,0.0,1.0
0.0992813,0.0285,0.153938,-0.0150292,0.594471,0.212686,0.0,0.0,1.0
0.100641,0.0190313,0.152719,-0.0109333,0.552125,0.201194,0.0,0.0,1.0
0.0983438,0.0119063,0.150125,-0.00655833,0.565233,0.191567,0.0,0.0,1.0
0.154477,0.0795703,0.160422,-0.0813083,0.477925,0.177828,0.0,0.0,1.0
0.149297,0.0786562,0.161844,-0.08185,0.453267,0.163711,0.0,0.0,1.0
0.105492,-0.0400547,0.136859,0.025,0.534275,0.126594,0.0,0.0,1.0
0.100828,0.00084375,0.142219,-0.000566667,0.483217,0.144578,0.0,0.0,1.0
0.112828,0.00046875,0.137969,-0.000333333,0.494933,0.135489,0.0,0.0,1.0
0.107672,-0.0282187,0.150094,0.0183208,0.524763,0.102714,0.0,0.0,1.0
0.118711,-0.00391406,0.162609,0.00331667,0.44545,0.0820333,0.0,0.0,1.0
0.136008,0.00527344,0.156797,-0.00485833,0.463708,0.0884167,0.0,0.0,1.0
0.122555,0.000445313,0.186828,-0.000391667,0.460575,0.0500056,0.0,0.0,1.0
0.126961,-0.00808594,0.192766,0.00714167,0.456242,0.0336167,0.0,0.0,1.0
0.156984,0.0050625,0.167906,-0.00509167,0.493467,0.0775222,0.0,0.0,1.0
0.108914,-0.0173672,0.212328,0.0125917,0.47475,0.0437778,0.0,0.0,1.0
0.15225,-0.0231562,0.182313,0.0230917,0.482383,0.0616889,0.0,0.0,1.0
0.101461,-0.0515859,0.217609,0.0362542,0.456087,0.045775,0.0,0.0,1.0
0.108305,-0.0775078,0.210859,0.05665,0.468425,0.05305,0.0,0.0,1.0
0.100102,-0.0792422,0.202703,0.0546792,0.458546,0.0538583,0.0,0.0,1.0
0.105141,-0.0891094,0.193813,0.0659042,0.449354,0.0581528,0.0,0.0,1.0
0.102,-0.0856875,0.187875,0.0624792,0.442138,0.0621306,0.0,0.0,1.0
0.106172,-0.126281,0.172344,0.0952667,0.444758,0.0854389,0.0,0.0,1.0
0.0942656,-0.110109,0.17,0.075325,0.435583,0.0589444,0.0,0.0,1.0
0.100664,-0.111914,0.161734,0.080825,0.440517,0.0588778,0.0,0.0,1.0
0.0981328,-0.118523,0.161797,0.0832542,0.441512,0.0579361,0.0,0.0,1.0
0.0922734,-0.110227,0.152359,0.0740875,0.433962,0.0537472,0.0,0.0,1.0
0.0967031,-0.102609,0.149125,0.0698208,0.449296,0.0356917,0.0,0.0,1.0
0.111,-0.102844,0.1515,0.0783417,0.460492,0.0438944,0.0,0.0,1.0
0.10882,-0.114398,0.139672,0.0784333,0.501533,0.0583667,0.0,0.0,1.0
0.0938906,-0.122766,0.161313,0.0711208,0.511996,0.0416139,0.0,0.0,1.0
0.0952266,-0.109523,0.172891,0.0629458,0.523462,0.0167472,0.0,0.0,1.0
0.0876563,-0.115453,0.173969,0.0601708,0.531696,0.0535361,0.0,0.0,1.0
0.0787734,-0.104695,0.186422,0.0468375,0.556687,0.0414306,0.0,0.0,1.0
0.0737578,-0.0785391,0.198016,0.0321375,0.570204,0.041975,0.0,0.0,1.0
0.0704766,-0.0675703,0.207391,0.0262667,0.572733,0.00101111,0.0,0.0,1.0
0.0673828,-0.0489141,0.219109,0.0174667,0.597392,-0.00592778,0.0,0.0,1.0
0.06975,-0.0291563,0.234875,0.0105,0.611808,0.00535,0.0,0.0,1.0
0.0668203,-0.0273516,0.234641,0.0095,0.608317,0.000344444,0.0,0.0,1.0
0.0678281,-0.0133594,0.243437,0.00475833,0.600633,0.0325222,0.0,0.0,1.0
0.0684609,0.0119297,0.254203,-0.00416667,0.619767,0.0432667,0.0,0.0,1.0
0.069,0.00365625,0.258812,-0.00125,0.6402,0.0641444,0.0,0.0,1.0
0.0618984,0.00644531,0.268422,-0.002,0.629717,0.0907444,0.0,0.0,1.0
0.0698672,0.00217969,0.277359,-0.000804167,0.613221,0.105853,0.0,0.0,1.0
0.0713437,-0.003,0.276125,0.0010875,0.623863,0.104592,0.0,0.0,1.0
0.0776719,0.00295312,0.289875,-0.00117917,0.606746,0.111503,0.0,0.0,1.0
0.0675938,-0.0054375,0.283812,0.00183333,0.6332,0.100867,0.0,0.0,1.0
0.0712969,0.0126094,0.290062,-0.0045375,0.620763,0.0977139,0.0,0.0,1.0
0.0726094,-0.00220313,0.294313,0.0008125,0.637304,0.0882417,0.0,0.0,1.0
0.0673828,0.000726563,0.297891,-0.000245833,0.641729,0.085125,0.0,0.0,1.0
0.0674063,-0.0020625,0.302438,0.000666667,0.655725,0.0676278,0.0,0.0,1.0
0.0675469,0.0073125,0.309656,-0.00225833,0.690433,0.0564333,0.0,0.0,1.0
0.0652031,-0.000421875,0.310875,0.00015,0.647483,0.0963444,0.0,0.0,1.0
0.0665156,0.001875,0.307531,-0.000595833,0.640712,0.101247,0.0,0.0,1.0
0.0631406,-0.00745312,0.31675,0.00225833,0.65595,0.0977556,0.0,0.0,1.0
0.0551953,0.00199219,0.317234,-0.000566667,0.637192,0.113928,0.0,0.0,1.0
0.0610078,-0.00902344,0.316953,0.002675,0.648192,0.109983,0.0,0.0,1.0
0.0536953,7.03125e-05,0.317047,-8.33333e-06,0.622608,0.115039,0.0,0.0,1.0
0.0577031,-0.00839063,0.320812,0.00232083,0.662646,0.105347,0.0,0.0,1.0
0.0584531,-0.0144844,0.320563,0.00399167,0.671983,0.0826778,0.0,0.0,1.0
0.0644297,-0.0134297,0.323984,0.00432917,0.633046,0.103747,0.0,0.0,1.0
0.0643828,-0.0164766,0.323609,0.00498333,0.674933,0.0884889,0.0,0.0,1.0
0.0660469,0.00375,0.322531,-0.00121667,0.661842,0.0952722,0.0,0.0,1.0
0.0597422,-0.0123047,0.321859,0.00358333,0.6486,0.106878,0.0,0.0,1.0
0.0599531,-0.0088125,0.324031,0.002425,0.686717,0.0829111,0.0,0.0,1.0
0.0601875,-0.0211875,0.32525,0.00591667,0.68245,0.0848667,0.0,0.0,1.0
0.0611953,-0.0110391,0.323141,0.003175,0.669775,0.11315,0.0,0.0,1.0
0.066375,-0.0237656,0.327219,0.00739583,0.676162,0.0879472,0.0,0.0,1.0
0.0577266,-0.00546094,0.327891,0.00155833,0.646192,0.111928,0.0,0.0,1.0
0.0763125,-0.0230625,0.325687,0.00842917,0.658746,0.0998917,0.0,0.0,1.0
0.0664219,-0.0185625,0.323906,0.00600833,0.648558,0.102961,0.0,0.0,1.0
0.0689062,-0.0337031,0.324906,0.0113542,0.645187,0.100764,0.0,0.0,1.0
0.0653203,-0.0168047,0.317828,0.0052625,0.657621,0.0991972,0.0,0.0,1.0
0.0623906,-0.0188906,0.310313,0.00589583,0.635146,0.114292,0.0,0.0,1.0
0.0661406,-0.0239531,0.310375,0.00784583,0.636262,0.119825,0.0,0.0,1.0
0.0611484,-0.0188672,0.302922,0.00583333,0.624442,0.118594,0.0,0.0,1.0
0.0534375,-0.003375,0.30125,0.0008625,0.637454,0.109253,0.0,0.0,1.0
0.0568125,-0.0046875,0.296313,0.00135,0.618258,0.120494,0.0,0.0,1.0
0.0615,0.00801563,0.293281,-0.00250833,0.622725,0.11385,0.0,0.0,1.0
0.0611953,-0.00241406,0.285953,0.000745833,0.625704,0.118475,0.0,0.0,1.0
0.0634687,-0.00525,0.282937,0.00171667,0.624117,0.118756,0.0,0.0,1.0
0.0623438,-0.00435938,0.276844,0.00141667,0.609758,0.117439,0.0,0.0,1.0
0.0633281,-0.00553125,0.271781,0.00175,0.633975,0.10085,0.0,0.0,1.0
0.0644297,2.34375e-05,0.271672,-4.16667e-06,0.627696,0.114425,0.0,0.0,1.0
0.0630469,-0.00642188,0.264812,0.00208333,0.612425,0.120994,0.0,0.0,1.0
0.0656719,-0.0128438,0.259094,0.00427083,0.619804,0.116742,0.0,0.0,1.0
0.0613594,-0.00182812,0.25925,0.0005875,0.603071,0.120786,0.0,0.0,1.0
0.0717656,-0.00257813,0.257812,0.000933333,0.616625,0.120972,0.0,0.0,1.0
0.0598594,-0.00117188,0.264625,0.000329167,0.655754,0.0964972,0.0,0.0,1.0
0.0673828,0.00719531,0.261953,-0.002475,0.625,0.126889,0.0,0.0,1.0
0.0616406,-0.0119531,0.2615,0.00377917,0.611421,0.152331,0.0,0.0,1.0
0.0628125,-0.00525,0.265438,0.00165,0.635717,0.149856,0.0,0.0,1.0
0.0621094,-0.0129375,0.262094,0.00405833,0.629092,0.141994,0.0,0.0,1.0
0.0702656,-0.0084375,0.257469,0.00305,0.62115,0.155511,0.0,0.0,1.0
0.0684375,-0.0118125,0.25675,0.00406667,0.629517,0.1696,0.0,0.0,1.0
0.0630469,-0.00501563,0.264875,0.00150417,0.659979,0.143014,0.0,0.0,1.0
0.0623906,-0.0142031,0.261562,0.00447917,0.628371,0.161197,0.0,0.0,1.0
0.066,-0.0065625,0.260563,0.00218333,0.621583,0.171944,0.0,0.0,1.0
0.0653438,-0.0100313,0.260563,0.0032375,0.640629,0.161636,0.0,0.0,1.0
0.0654141,-0.0107109,0.260703,0.00347917,0.639454,0.158697,0.0,0.0,1.0
0.0622031,-0.00360938,0.26525,0.0011375,0.639621,0.153031,0.0,0.0,1.0
0.0657656,-0.0231562,0.264406,0.00766667,0.628742,0.173506,0.0,0.0,1.0
0.0659062,-0.0135938,0.265875,0.0045125,0.625654,0.160342,0.0,0.0,1.0
0.0679922,-0.00869531,0.268172,0.00297917,0.631046,0.174081,0.0,0.0,1.0
0.0648281,-0.0135938,0.266469,0.00444167,0.622383,0.163133,0.0,0.0,1.0
0.0643594,-0.0125156,0.27075,0.00402083,0.628088,0.162053,0.0,0.0,1.0
0.0692344,-0.0135938,0.270031,0.00475833,0.624092,0.163772,0.0,0.0,1.0
0.0714844,0.0001875,0.277219,-7.5e-05,0.644233,0.1739,0.0,0.0,1.0
0.0682969,0.000796875,0.27975,-0.0002625,0.624637,0.156297,0.0,0.0,1.0
0.0677812,0.00309375,0.282875,-0.001075,0.624758,0.139661,0.0,0.0,1.0
0.0697969,-0.0105469,0.28225,0.0038,0.617842,0.150439,0.0,0.0,1.0
0.0771094,-0.0173906,0.282438,0.00683333,0.62075,0.141944,0.0,0.0,1.0
0.0692344,-0.00421875,0.291969,0.0014875,0.624396,0.144736,0.0,0.0,1.0
0.068625,0.003375,0.292875,-0.0011875,0.605396,0.150069,0.0,0.0,1.0
0.0671016,0.00292969,0.293922,-0.000954167,0.630363,0.137147,0.0,0.0,1.0
0.0745312,0.0122344,0.291781,-0.004675,0.6156,0.138267,0.0,0.0,1.0
0.0688125,-0.000328125,0.292844,0.000145833,0.615004,0.144331,0.0,0.0,1.0
0.0724219,-0.00679688,0.295938,0.00257917,0.603421,0.133108,0.0,0.0,1.0
0.07275,-0.00229687,0.291531,0.0008375,0.623346,0.134769,0.0,0.0,1.0
0.07425,0.00154687,0.288031,-0.000579167,0.624279,0.109758,0.0,0.0,1.0
0.0673359,0.0123047,0.286516,-0.004175,0.625042,0.109306,0.0,0.0,1.0
0.0681562,0.0306094,0.284156,-0.0106583,0.619033,0.107644,0.0,0.0,1.0
0.0728203,0.0173672,0.282078,-0.00660833,0.6027,0.119256,0.0,0.0,1.0
0.0691875,0.0220781,0.279469,-0.00767917,0.627537,0.104419,0.0,0.0,1.0
0.0689062,0.0306094,0.275156,-0.0107292,0.622196,0.111036,0.0,0.0,1.0
0.0707813,0.0282656,0.275656,-0.0104125,0.607729,0.122903,0.0,0.0,1.0
0.0701719,0.0452813,0.277344,-0.0162625,0.617537,0.120253,0.0,0.0,1.0
0.0666562,0.0558281,0.277594,-0.018925,0.6212,0.121033,0.0,0.0,1.0
0.0661641,0.0568828,0.277516,-0.0191833,0.6194,0.1134,0.0,0.0,1.0
0.0654375,0.0797812,0.276938,-0.0272417,0.605925,0.128661,0.0,0.0,1.0
0.0710859,0.0494297,0.269016,-0.0180083,0.616808,0.124461,0.0,0.0,1.0
0.0779063,0.0767344,0.265844,-0.0309833,0.609883,0.127189,0.0,0.0,1.0
0.0733359,0.0673828,0.261641,-0.0260083,0.600433,0.122044,0.0,0.0,1.0
0.0825,0.0875156,0.258219,-0.0389833,0.5858,0.1188,0.0,0.0,1.0
0.0842109,0.0651328,0.253734,-0.0295708,0.586446,0.128092,0.0,0.0,1.0
0.0981563,0.0562969,0.246344,-0.03075,0.5679,0.143456,0.0,0.0,1.0
0.122016,0.031125,0.240719,-0.0221167,0.541842,0.159272,0.0,0.0,1.0
0.112875,0.0580781,0.239906,-0.037775,0.548317,0.171844,0.0,0.0,1.0
0.147633,-0.0194766,0.212922,0.0210958,0.430671,0.171831,0.0,0.0,1.0
0.192984,-0.0428906,0.20975,0.0666125,0.392637,0.187519,0.0,0.0,1.0
0.179484,-0.0377812,0.202719,0.0551542,0.388788,0.172697,0.0,0.0,1.0
0.199828,-0.0311719,0.202375,0.0485875,0.404904,0.176897,0.0,0.0,1.0
0.12007,0.0720703,0.161359,-0.061075,0.4479,0.153122,0.0,0.0,1.0
0.117375,0.0697969,0.165781,-0.0572958,0.452062,0.146625,0.0,0.0,1.0
0.110625,0.079125,0.167375,-0.0586667,0.471417,0.1405,0.0,0.0,1.0
0.09975,0.141656,0.142875,-0.0968125,0.461554,0.153186,0.0,0.0,1.0
0.0972891,0.127008,0.131391,-0.0836708,0.466671,0.127997,0.0,0.0,1.0
0.083625,0.127781,0.121188,-0.07295,0.462867,0.143033,0.0,0.0,1.0
0.0945,0.073875,0.0973125,-0.0436833,0.504825,0.156006,0.0,0.0,1.0
0.0843281,0.0886406,0.096375,-0.0461625,0.511929,0.150047,0.0,0.0,1.0
0.0913594,0.0774375,0.0774062,-0.0535208,0.417621,0.0893639,0.0,0.0,1.0
0.0838594,0.168375,0.0847813,-0.0922375,0.483854,0.169486,0.0,0.0,1.0
0.069375,0.194813,0.090125,-0.0885042,0.482604,0.151375,0.0,0.0,1.0
0.0689297,0.182883,0.0820156,-0.0820792,0.485404,0.123008,0.0,0.0,1.0
0.114562,0.0832031,0.00428125,-0.0824542,0.365096,0.0529917,0.0,0.0,1.0
0.129609,0.0309844,0.0298125,-0.0298458,0.424779,0.0313694,0.0,0.0,1.0
0.0935625,0.0400313,0.010375,-0.0276833,0.427142,0.0381278,0.0,0.0,1.0
0.08625,0.0554063,0.0136875,-0.0305875,0.493779,0.0958694,0.0,0.0,1.0
0.0744375,0.0493594,0.0138437,-0.023225,0.500517,0.102489,0.0,0.0,1.0
0.0816562,0.0615,0.0205,-0.0306042,0.518454,0.121642,0.0,0.0,1.0
0.109992,0.0731953,0.0134844,-0.0473292,0.537629,0.136247,0.0,0.0,1.0
0.0891562,0.0743437,0.021375,-0.0383542,0.545971,0.112908,0.0,0.0,1.0
0.112781,0.100687,0.0059375,-0.0723042,0.496412,0.0851694,0.0,0.0,1.0
0.0957891,0.125461,0.0305469,-0.0706875,0.537104,0.0772639,0.0,0.0,1.0
0.0819375,0.130688,0.0310625,-0.057675,0.586983,0.0269,0.0,0.0,1.0
0.0616406,0.128438,0.0492813,-0.0399292,0.626379,0.013025,0.0,0.0,1.0
0.0575859,0.115242,0.0605469,-0.0331083,0.632875,0.0178056,0.0,0.0,1.0
0.0576094,0.119578,0.064375,-0.0335833,0.648392,-0.0162056,0.0,0.0,1.0
0.055125,0.129375,0.0803125,-0.0353458,0.637321,-0.0454361,0.0,0.0,1.0
0.0589687,0.123703,0.100781,-0.0352958,0.653813,-0.0645417,0.0,0.0,1.0
0.0585469,0.107906,0.109781,-0.0320542,0.623696,-0.0438528,0.0,0.0,1.0
0.0733125,0.111656,0.111562,-0.0397542,0.650587,-0.0781139,0.0,0.0,1.0
0.0752812,0.0974531,0.128094,-0.0363625,0.637438,-0.0822917,0.0,0.0,1.0
0.0896484,0.108586,0.130141,-0.0499125,0.616571,-0.0908806,0.0,0.0,1.0
0.111375,0.0788438,0.138688,-0.0468417,0.592292,-0.0545278,0.0,0.0,1.0
0.112406,0.0968437,0.151,-0.0662417,0.519517,-0.0510667,0.0,0.0,1.0
0.0898594,0.112266,0.171125,-0.0660833,0.482525,-0.0460722,0.0,0.0,1.0
0.105727,0.110602,0.175641,-0.0827458,0.446638,-0.018925,0.0,0.0,1.0
0.120281,0.0668437,0.176062,-0.0592333,0.429358,0.0258167,0.0,0.0,1.0
0.102094,0.0548906,0.189906,-0.0412833,0.428483,0.0476222,0.0,0.0,1.0
0.130617,0.0716016,0.188516,-0.0646833,0.456992,0.124228,0.0,0.0,1.0
0.131437,0.0783281,0.196094,-0.0728417,0.446608,0.181483,0.0,0.0,1.0
0.126844,0.0711094,0.202656,-0.0640917,0.444808,0.196294,0.0,0.0,1.0
0.114609,0.126141,0.22475,-0.108921,0.419471,0.206186,0.0,0.0,1.0
0.114,0.158859,0.248344,-0.1586,0.360875,0.237583,0.0,0.0,1.0
0.105492,0.175383,0.252109,-0.193333,0.302417,0.223167,0.0,0.0,1.0
0.0568125,0.223922,0.286219,-0.281325,0.142992,0.221561,0.0,0.0,1.0
0.00717187,0.171703,0.275625,-0.268046,0.0145625,0.170692,0.0,0.0,1.0
-0.0323906,0.231891,0.334,-0.132146,-0.179604,0.0659583,0.0,0.0,1.0
-0.0801563,0.18075,0.331937,-0.114437,-0.400079,0.0434472,0.0,0.0,1.0
-0.0922969,0.126469,0.332656,-0.0714333,-0.516267,-0.0219,0.0,0.0,1.0
-0.106945,0.113414,0.326859,-0.0724833,-0.529042,-0.0240278,0.0,0.0,1.0
-0.117891,0.0647812,0.320781,-0.0621,-0.388675,0.0729389,0.0,0.0,1.0
-0.12525,0.0315469,0.305844,-0.0215875,-0.578596,-0.056675,0.0,0.0,1.0
-0.123234,0.00464062,0.291438,-0.00315417,-0.574671,-0.0846694,0.0,0.0,1.0
-0.109992,-0.0783516,0.269984,0.0470167,-0.579175,-0.0511167,0.0,0.0,1.0
-0.0883594,-0.137953,0.256687,0.0908375,-0.424188,-0.0615694,0.0,0.0,1.0
-0.090375,-0.145359,0.265969,0.108346,-0.383096,-0.0586194,0.0,0.0,1.0
-0.195844,0.0035625,0.292437,-0.0111,-0.199133,-0.0373333,0.0,0.0,1.0
-0.175383,-0.0502266,0.285953,0.167575,-0.166142,-0.0160333,0.0,0.0,1.0
-0.177281,-0.0619688,0.281437,0.257746,-0.134671,0.00384722,0.0,0.0,1.0
-0.0996094,-0.0757969,0.270438,0.403458,-0.0591083,0.0195278,0.0,0.0,1.0
-0.0711562,-0.0490313,0.279813,0.512154,-0.0215625,-0.053825,0.0,0.0,1.0
-0.0296484,-0.0562734,0.278453,0.560325,-0.00941667,-0.0821611,0.0,0.0,1.0
0.0174609,-0.0591797,0.284266,0.582567,0.00559167,-0.128989,0.0,0.0,1.0
0.0620156,-0.0512813,0.290156,0.587083,0.01715,-0.170389,0.0,0.0,1.0
0.0826406,-0.0582188,0.290906,0.493762,0.0308208,-0.175175,0.0,0.0,1.0
0.116062,-0.0668437,0.285688,0.464383,0.052775,-0.229983,0.0,0.0,1.0
0.135422,-0.075375,0.277344,0.424533,0.0760333,-0.267567,0.0,0.0,1.0
0.204258,-0.0767578,0.268609,0.360883,0.1373,-0.293233,0.0,0.0,1.0
0.253922,-0.0289219,0.274125,0.173721,0.133487,-0.346025,0.0,0.0,1.0
0.233555,-0.00100781,0.244766,0.007125,0.104975,-0.419189,0.0,0.0,1.0
0.242977,0.000679687,0.252797,-0.00450833,0.116417,-0.412028,0.0,0.0,1.0
0.195562,0.025125,0.225313,-0.1232,0.126,-0.4181,0.0,0.0,1.0
0.203016,0.0436406,0.224875,-0.346913,0.0806958,-0.485292,0.0,0.0,1.0
0.211406,0.0315,0.215813,-0.361988,0.0581375,-0.472914,0.0,0.0,1.0
0.14168,0.0547734,0.188297,-0.396708,0.0618417,-0.477522,0.0,0.0,1.0
0.132867,0.0593203,0.189703,-0.426092,0.0584583,-0.471211,0.0,0.0,1.0
0.0905391,0.0566953,0.174078,-0.461067,0.035175,-0.475694,0.0,0.0,1.0
0.0350625,0.0697969,0.154906,-0.498462,0.0155125,-0.475297,0.0,0.0,1.0
-0.0349687,0.0765469,0.149281,-0.473633,-0.017875,-0.457694,0.0,0.0,1.0
-0.0265312,0.0844219,0.157094,-0.353708,-0.0200167,-0.402428,0.0,0.0,1.0
-0.0613125,0.06075,0.13925,-0.287383,-0.040975,-0.346383,0.0,0.0,1.0
-0.0225234,0.0838359,0.115859,-0.200317,-0.0298083,-0.308972,0.0,0.0,1.0
-0.0564141,0.0706172,0.115141,-0.183917,-0.0684667,-0.296,0.0,0.0,1.0
0.00119531,0.126633,0.106422,-0.119842,0.00405,-0.277717,0.0,0.0,1.0
-0.0431719,0.1065,0.109844,-0.0781375,-0.186037,-0.232514,0.0,0.0,1.0
-0.0455625,0.118406,0.0941875,-0.061975,-0.275292,-0.149733,0.0,0.0,1.0
-0.0606797,0.0773672,0.110453,-0.0407333,-0.364192,-0.0881833,0.0,0.0,1.0
-0.0722109,0.0396797,0.115203,-0.0226583,-0.399792,-0.0530833,0.0,0.0,1.0
-0.0532266,0.0367266,0.120422,-0.0146583,-0.421883,0.00518889,0.0,0.0,1.0
-0.0827344,-0.00248437,0.126625,0.00141667,-0.459025,0.0937056,0.0,0.0,1.0
-0.0844688,0.00721875,0.139375,-0.00456667,-0.424092,0.106661,0.0,0.0,1.0
-0.0749766,-0.0217266,0.131297,0.011425,-0.451008,0.08605,0.0,0.0,1.0
-0.0762656,-0.0517031,0.134625,0.0294917,-0.422767,0.0697111,0.0,0.0,1.0
-0.0653906,-0.0989531,0.121125,0.05015,-0.40805,0.0273,0.0,0.0,1.0
-0.0750938,-0.166031,0.121937,0.110317,-0.357292,0.0250278,0.0,0.0,1.0
-0.0435469,-0.168469,0.125219,0.127629,-0.181712,-0.0374472,0.0,0.0,1.0
-0.023625,-0.195937,0.13425,0.144804,-0.101038,-0.0926917,0.0,0.0,1.0
-0.00271875,-0.184922,0.134719,0.1281,-0.012325,-0.113872,0.0,0.0,1.0
0.0274688,-0.154922,0.0965938,0.152142,0.088525,-0.119478,0.0,0.0,1.0
0.0524531,-0.130828,0.085875,0.0872542,0.248571,-0.127714,0.0,0.0,1.0
0.057,-0.12375,0.0805625,0.0734875,0.303387,-0.128364,0.0,0.0,1.0
0.04575,-0.0855,0.07775,0.0301792,0.409537,-0.183469,0.0,0.0,1.0
0.0513281,-0.0332344,0.059375,0.0128458,0.419846,-0.168019,0.0,0.0,1.0
0.0558984,0.0171797,0.0525156,-0.00923333,0.3286,-0.128833,0.0,0.0,1.0
0.0558516,0.0403359,0.0360781,-0.0185667,0.38295,-0.149333,0.0,0.0,1.0
0.0693281,0.084,0.00853125,-0.0547833,0.336217,-0.108456,0.0,0.0,1.0
0.0620156,0.0840469,0.0096875,-0.0590125,0.278987,-0.0986583,0.0,0.0,1.0
0.0579375,0.138,-0.003875,-0.137333,0.184,-0.0204444,0.0,0.0,1.0
-0.0180469,0.160031,-0.0262187,-0.133388,-0.0682708,0.00779167,0.0,0.0,1.0
-0.0825937,0.0951094,-0.0374063,-0.109575,-0.226642,0.0765167,0.0,0.0,1.0
-0.093375,0.061125,-0.031,-0.0814167,-0.221667,0.0739444,0.0,0.0,1.0
-0.057375,0.08925,-0.0605625,-0.0573208,-0.282546,0.0936361,0.0,0.0,1.0
-0.0589219,0.0908906,-0.0611875,-0.0612583,-0.276358,0.0924833,0.0,0.0,1.0
-0.0934687,0.0357188,-0.04225,-0.0394292,-0.267204,0.0785861,0.0,0.0,1.0
-0.0982266,0.0408984,-0.0351406,-0.0448167,-0.283467,0.0610222,0.0,0.0,1.0
-0.0876563,0.0370781,-0.0360937,-0.0346,-0.296792,0.06375,0.0,0.0,1.0
-0.0928359,0.0355078,-0.0293281,-0.0330083,-0.315675,0.0439944,0.0,0.0,1.0
-0.0730547,0.0380391,-0.0337969,-0.0284167,-0.3093,0.0326333,0.0,0.0,1.0
-0.0791016,0.0655078,-0.0298906,-0.0527417,-0.310525,0.02315,0.0,0.0,1.0
-0.0931172,0.0146016,-0.00620313,-0.0138125,-0.311721,0.0324083,0.0,0.0,1.0
-0.0833438,0.0507656,-0.0139687,-0.0428917,-0.312017,0.0169333,0.0,0.0,1.0
-0.0631406,0.0262969,-0.003125,-0.0162292,-0.324129,0.0244139,0.0,0.0,1.0
-0.0950391,0.0207422,0.0137031,-0.0199292,-0.312779,0.0319806,0.0,0.0,1.0
-0.0936797,0.00307031,0.0187969,-0.00299583,-0.304513,0.0355472,0.0,0.0,1.0
-0.082875,0.0015,0.0074375,-0.00116667,-0.332108,0.0492611,0.0,0.0,1.0
-0.0919453,0.0145547,0.0137969,-0.0136458,-0.310362,0.0446472,0.0,0.0,1.0
-0.0876094,0.001875,0.0106562,-0.00175,-0.290492,0.0408389,0.0,0.0,1.0
-0.0899063,0.0103594,0.0216563,-0.00999167,-0.294683,0.0503222,0.0,0.0,1.0
-0.0749766,0.0281016,0.0205781,-0.0227333,-0.293317,0.0418444,0.0,0.0,1.0
-0.085875,0.0361875,0.0178125,-0.0315833,-0.310833,0.0617222,0.0,0.0,1.0
-0.0810938,0.0426563,0.0180625,-0.0348208,-0.314146,0.058125,0.0,0.0,1.0
-0.075,0.0179531,0.0172812,-0.0148917,-0.286408,0.0578944,0.0,0.0,1.0
-0.0781875,0.0260625,0.0181875,-0.0214,-0.301217,0.0566889,0.0,0.0,1.0
-0.0769688,0.0278906,0.0199687,-0.0219042,-0.309729,0.0516806,0.0,0.0,1.0
-0.0703125,0.0103125,0.0175,-0.00734167,-0.311667,0.0488889,0.0,0.0,1.0
-0.0700312,0.0249375,0.0156875,-0.0165875,-0.332437,0.0463194,0.0,0.0,1.0
-0.0773437,0.00576562,0.0208437,-0.00396667,-0.358275,0.0480389,0.0,0.0,1.0
-0.0702422,-0.00100781,0.0163281,0.0006375,-0.371312,0.0379028,0.0,0.0,1.0
-0.0699844,0.00773438,0.018625,-0.0045875,-0.373071,0.0402306,0.0,0.0,1.0
-0.07125,0.0142969,0.0194062,-0.0083125,-0.388304,0.0193528,0.0,0.0,1.0
-0.0871875,0.014625,0.01975,-0.010225,-0.395308,0.00662778,0.0,0.0,1.0
-0.0775078,0.0167109,0.0229219,-0.00991667,-0.413017,0.00293333,0.0,0.0,1.0
-0.0639375,0.0106875,0.0295,-0.005175,-0.4167,0.00364444,0.0,0.0,1.0
-0.0597422,0.00897656,0.0284844,-0.0038375,-0.441146,-0.0109861,0.0,0.0,1.0
-0.0624141,0.00447656,0.0322656,-0.0019125,-0.463412,-0.0156639,0.0,0.0,1.0
-0.0623438,0.0103125,0.0359375,-0.00474167,-0.429683,-0.0034,0.0,0.0,1.0
-0.0605391,0.0233203,0.0376406,-0.0104333,-0.426817,-0.00948889,0.0,0.0,1.0
-0.0624375,0.0286406,0.0393437,-0.012275,-0.459517,-0.00773333,0.0,0.0,1.0
-0.0591094,0.0180469,0.041375,-0.00748333,-0.451367,-0.0008,0.0,0.0,1.0
-0.0613594,0.0145781,0.03975,-0.00609583,-0.462537,0.000919444,0.0,0.0,1.0
-0.0635625,0.0307031,0.0426563,-0.0131125,-0.468996,0.00494722,0.0,0.0,1.0
-0.0736406,0.0225,0.0437813,-0.0108625,-0.480612,0.00781389,0.0,0.0,1.0
-0.0785391,0.0513047,0.0473906,-0.0269417,-0.472258,0.00266111,0.0,0.0,1.0
-0.0828281,0.0785156,0.047,-0.0436542,-0.470854,0.0163194,0.0,0.0,1.0
-0.0906797,0.0883359,0.0516406,-0.0595208,-0.425187,0.0155417,0.0,0.0,1.0
-0.0966094,0.082125,0.0572187,-0.0680542,-0.368537,-0.0276361,0.0,0.0,1.0
-0.108773,0.0792422,0.0561094,-0.0846792,-0.321729,-0.0591583,0.0,0.0,1.0
-0.0984375,0.0409219,0.0414063,-0.0281333,-0.453192,0.0164278,0.0,0.0,1.0
-0.0881016,0.0313828,0.0386719,-0.0180042,-0.485321,0.0233417,0.0,0.0,1.0
-0.0920859,0.00250781,0.0442344,-0.001575,-0.467592,0.0502167,0.0,0.0,1.0
-0.0760313,0.0180469,0.0405938,-0.01015,-0.427617,0.0480333,0.0,0.0,1.0
-0.0873281,0.0031875,0.0298437,-0.0019125,-0.461096,0.0416583,0.0,0.0,1.0
-0.0915937,0.00145313,0.0266562,-0.000854167,-0.479779,0.0612583,0.0,0.0,1.0
-0.0845859,0.0103359,0.0396719,-0.00575,-0.480225,0.0684611,0.0,0.0,1.0
-0.101016,0.00510937,0.0316875,-0.00355417,-0.462837,0.0549417,0.0,0.0,1.0
-0.0878906,0.000796875,0.03525,-0.000508333,-0.445275,0.0552611,0.0,0.0,1.0
-0.102141,-0.0765469,0.0593125,0.0559292,-0.441613,0.100758,0.0,0.0,1.0
-0.0946641,-0.0823359,0.0563594,0.0658417,-0.374042,0.0475278,0.0,0.0,1.0
-0.0798281,0.00464062,0.03325,-0.00239167,-0.493317,0.109844,0.0,0.0,1.0
-0.089625,0.0129844,0.0323437,-0.00716667,-0.512092,0.0996056,0.0,0.0,1.0
-0.109875,0.00285937,0.0200938,-0.00201667,-0.484233,0.101733,0.0,0.0,1.0
-0.103852,0.0255703,0.0163281,-0.0223125,-0.376588,0.0298306,0.0,0.0,1.0
-0.107906,0.00764062,0.0325937,-0.00535417,-0.483854,0.109097,0.0,0.0,1.0
-0.11407,0.0297891,0.0199219,-0.0229292,-0.467971,0.101742,0.0,0.0,1.0
-0.102633,0.0104297,0.0228906,-0.006725,-0.504067,0.106233,0.0,0.0,1.0
-0.107063,0.0135938,0.0195625,-0.00974583,-0.471604,0.0910972,0.0,0.0,1.0
-0.0847031,0.00403125,0.0305937,-0.00242917,-0.444079,0.088225,0.0,0.0,1.0
-0.0987187,0.00623437,0.0155938,-0.00400833,-0.485833,0.118889,0.0,0.0,1.0
-0.0929766,0.0182578,0.00489062,-0.0137583,-0.389167,0.0530556,0.0,0.0,1.0
-0.0939844,0.0213281,-0.0005625,-0.01655,-0.383308,0.04285,0.0,0.0,1.0
-0.104578,0.0114375,-0.00646875,-0.00967083,-0.390438,0.0709306,0.0,0.0,1.0
-0.108656,-0.00295312,-0.0174688,0.00235,-0.433008,0.0796611,0.0,0.0,1.0
-0.0819844,0.0298594,-0.005375,-0.0213875,-0.362279,0.0677583,0.0,0.0,1.0
-0.0962109,0.0541641,-0.0178281,-0.0388167,-0.424608,0.131039,0.0,0.0,1.0
-0.0857578,-0.0101953,-0.0297344,0.007,-0.394817,0.0773444,0.0,0.0,1.0
-0.0821016,0.0107109,-0.0163594,-0.0076625,-0.363104,0.0650417,0.0,0.0,1.0
-0.0748125,0.0342188,-0.042875,-0.0167458,-0.482954,0.145975,0.0,0.0,1.0
-0.0786094,0.0451406,-0.0508125,-0.0214958,-0.521738,0.153619,0.0,0.0,1.0
-0.111445,-0.0676172,-0.0506406,0.0550917,-0.432158,0.0867278,0.0,0.0,1.0
-0.127664,-0.0781172,-0.0399219,0.0716,-0.44,0.0873889,0.0,0.0,1.0
-0.127711,-0.0387891,-0.0253281,0.0341917,-0.4574,0.0972889,0.0,0.0,1.0
-0.117797,-0.0498281,-0.02525,0.0395833,-0.468683,0.0814889,0.0,0.0,1.0
-0.121055,-0.0527109,-0.0281094,0.038575,-0.522892,0.107239,0.0,0.0,1.0
-0.123516,-0.0458906,-0.0175625,0.032025,-0.558833,0.111667,0.0,0.0,1.0
-0.101109,-0.02475,-0.0119063,0.0145,-0.545617,0.0938111,0.0,0.0,1.0
-0.0898594,-0.0231094,-0.012625,0.01175,-0.558617,0.0829778,0.0,0.0,1.0
-0.0869766,-0.0386016,-0.0216406,0.0186708,-0.567963,0.091025,0.0,0.0,1.0
-0.0857578,-0.0375234,-0.0202969,0.0182292,-0.558929,0.0874361,0.0,0.0,1.0
-0.0687656,0.00253125,-0.0200312,-0.000916667,-0.593858,0.0923722,0.0,0.0,1.0
-0.0773437,0.019875,-0.0155625,-0.00798333,-0.6097,0.0955333,0.0,0.0,1.0
-0.0777187,0.00398437,-0.0217187,-0.00158333,-0.616342,0.0817167,0.0,0.0,1.0
-0.0722344,0.0306094,-0.03075,-0.0112417,-0.621117,0.0986444,0.0,0.0,1.0
-0.0730781,0.0320625,-0.0304688,-0.0122542,-0.604546,0.123136,0.0,0.0,1.0
-0.066375,0.0551719,-0.0315312,-0.0196,-0.590008,0.12205,0.0,0.0,1.0
-0.0778125,0.0135938,-0.0374375,-0.00548333,-0.611542,0.116083,0.0,0.0,1.0
-0.0659297,0.0549141,-0.0392344,-0.0194458,-0.587462,0.128525,0.0,0.0,1.0
-0.0757266,0.0632578,-0.0428594,-0.0257292,-0.588812,0.119736,0.0,0.0,1.0
-0.0759844,0.0483281,-0.045,-0.0198792,-0.584938,0.129097,0.0,0.0,1.0
-0.0648984,0.0285703,-0.0462656,-0.00956667,-0.613717,0.139689,0.0,0.0,1.0
-0.0760078,0.0369609,-0.0472969,-0.0146542,-0.606679,0.136214,0.0,0.0,1.0
-0.0768281,0.052875,-0.0527813,-0.02075,-0.6186,0.125322,0.0,0.0,1.0
-0.0716719,0.0250312,-0.0505312,-0.00915833,-0.620075,0.145839,0.0,0.0,1.0
-0.0681562,0.00365625,-0.05175,-0.00125417,-0.628346,0.146825,0.0,0.0,1.0
-0.0725859,0.0104766,-0.0513281,-0.00383333,-0.626117,0.140033,0.0,0.0,1.0
-0.0706172,0.0124922,-0.0458906,-0.0043125,-0.650229,0.127181,0.0,0.0,1.0
-0.0819375,0.008625,-0.039125,-0.0036,-0.617817,0.134289,0.0,0.0,1.0
-0.0674766,0.0277266,-0.0413594,-0.00990417,-0.598021,0.141597,0.0,0.0,1.0
-0.0892969,-0.0227812,-0.0416562,0.0105042,-0.611021,0.129653,0.0,0.0,1.0
-0.0767109,0.0248672,-0.0364844,-0.00974583,-0.618904,0.129231,0.0,0.0,1.0
-0.0717188,0.00117188,-0.0233437,-0.000420833,-0.626238,0.116119,0.0,0.0,1.0
-0.0653438,0.00759375,-0.0294375,-0.0025125,-0.623829,0.130336,0.0,0.0,1.0
-0.0732891,0.00227344,-0.0245781,-0.000841667,-0.621967,0.1158,0.0,0.0,1.0
-0.0770156,0.020625,-0.0278437,-0.00802083,-0.624388,0.123075,0.0,0.0,1.0
-0.0758203,0.00860156,-0.0292656,-0.00334167,-0.615458,0.113028,0.0,0.0,1.0
-0.0690937,0.00126563,-0.0276562,-0.000475,-0.616608,0.10815,0.0,0.0,1.0
-0.0722109,0.0192891,-0.0237031,-0.00715833,-0.61555,0.107633,0.0,0.0,1.0
-0.072,0.000421875,-0.0291563,-0.000154167,-0.629779,0.107369,0.0,0.0,1.0
-0.0756563,-0.00989063,-0.0267188,0.00390417,-0.607313,0.104181,0.0,0.0,1.0
-0.0649453,-0.00110156,-0.0303594,0.00035,-0.621125,0.113806,0.0,0.0,1.0
-0.0687187,0.0104531,-0.0276562,-0.00366667,-0.616592,0.110717,0.0,0.0,1.0
-0.071625,-0.000328125,-0.0272813,0.0001,-0.622083,0.109778,0.0,0.0,1.0
-0.0808125,0.0447656,-0.0249688,-0.0184917,-0.617767,0.115489,0.0,0.0,1.0
-0.0791719,0.0387656,-0.0209375,-0.015975,-0.607933,0.1196,0.0,0.0,1.0
-0.0651094,0.0189375,-0.0314062,-0.00634167,-0.614008,0.12955,0.0,0.0,1.0
-0.0883828,0.0402891,-0.0267969,-0.0187833,-0.597925,0.136883,0.0,0.0,1.0
-0.0965391,0.0419297,-0.0294531,-0.0210042,-0.609096,0.126492,0.0,0.0,1.0
-0.0967031,0.0527344,-0.030375,-0.0260042,-0.619663,0.141892,0.0,0.0,1.0
-0.0934687,0.0444844,-0.0385938,-0.0215167,-0.6101,0.141711,0.0,0.0,1.0
-0.0786562,0.0244219,-0.0417188,-0.00997917,-0.610354,0.149319,0.0,0.0,1.0
-0.0906563,0.0554531,-0.0288437,-0.0265917,-0.597483,0.136622,0.0,0.0,1.0
-0.0932344,0.0638437,-0.0425312,-0.031825,-0.591267,0.144933,0.0,0.0,1.0
