0.094375,-0.00015625,-0.0255938,6.38889e-05,0.686292,-0.00823611,0.0,0.0,1.0
0.0982812,-0.00171875,-0.0229375,0.000775,0.692603,-0.00260278,0.0,0.0,1.0
0.0973125,0.00353125,-0.0270313,-0.00155833,0.699381,-0.0171583,0.0,0.0,1.0
0.103484,-0.00310938,-0.0283906,0.00144167,0.705681,-0.0145694,0.0,0.0,1.0
0.105703,0.0102344,-0.0213906,-0.00495,0.690561,-0.0132833,0.0,0.0,1.0
0.100578,-0.00417187,-0.0327969,0.00188611,0.702858,-0.00285833,0.0,0.0,1.0
0.106406,0.0268438,-0.022,-0.0129556,0.696022,0.0158111,0.0,0.0,1.0
0.104719,0.0334687,-0.029625,-0.0159861,0.693436,0.0153417,0.0,0.0,1.0
0.107719,0.0241563,-0.0325,-0.0117944,0.696856,0.0159222,0.0,0.0,1.0
0.102563,0.0301875,-0.0355625,-0.0140028,0.698964,0.017925,0.0,0.0,1.0
0.099625,0.0151563,-0.0458438,-0.00693611,0.687936,0.0331194,0.0,0.0,1.0
0.106484,0.0190469,-0.0402656,-0.00927222,0.6918,0.0434778,0.0,0.0,1.0
0.105641,0.0301094,-0.0405781,-0.0146194,0.687314,0.0498528,0.0,0.0,1.0
0.107359,-0.00229687,-0.0502031,0.00111389,0.698164,0.041725,0.0,0.0,1.0
0.101625,0.016125,-0.052125,-0.00750278,0.689564,0.0449361,0.0,0.0,1.0
0.101906,0.00984375,-0.0611875,-0.00458611,0.695525,0.0421972,0.0,0.0,1.0
0.107141,0.0317656,-0.0565469,-0.0154389,0.697178,0.0529333,0.0,0.0,1.0
0.108719,0.0202812,-0.0569375,-0.00993889,0.702133,0.0644778,0.0,0.0,1.0
0.102937,0.0153437,-0.0642812,-0.00722222,0.69155,0.0417833,0.0,0.0,1.0
0.09825,-0.0059375,-0.07325,0.00272222,0.677794,0.0424833,0.0,0.0,1.0
0.111437,0.0254063,-0.0507188,-0.0128417,0.696381,0.0342306,0.0,0.0,1.0
0.105062,0.0179063,-0.0535938,-0.00866667,0.686611,0.0398333,0.0,0.0,1.0
0.103594,0.0036875,-0.0585313,-0.001675,0.713697,0.0209694,0.0,0.0,1.0
0.0997656,0.0259531,-0.0507969,-0.01185,0.689928,0.0317944,0.0,0.0,1.0
0.0982187,0.0172812,-0.053,-0.00762778,0.701383,0.0323389,0.0,0.0,1.0
0.10425,0.0175625,-0.0469375,-0.00831111,0.698006,0.0372167,0.0,0.0,1.0
0.0986875,0.020375,-0.047125,-0.009125,0.695081,0.038475,0.0,0.0,1.0
0.0953438,-0.00275,-0.0516562,0.00118056,0.698747,0.0365306,0.0,0.0,1.0
0.0978281,-0.00332812,-0.0477969,0.00152778,0.684411,0.0392556,0.0,0.0,1.0
0.104813,0.02375,-0.0298125,-0.0114417,0.687819,0.0431806,0.0,0.0,1.0
0.0975937,-0.00425,-0.0415937,0.00183611,0.712653,0.0385139,0.0,0.0,1.0
0.100531,0.0140313,-0.0344375,-0.00648611,0.690019,0.0474806,0.0,0.0,1.0
0.0984688,0.007625,-0.0375937,-0.00337778,0.703744,0.0548667,0.0,0.0,1.0
0.09425,0.000625,-0.037,-0.000272222,0.693994,0.0527278,0.0,0.0,1.0
0.102078,-0.00360938,-0.0397969,0.00166111,0.705772,0.07145,0.0,0.0,1.0
0.101406,0.0156562,-0.0369375,-0.00728056,0.689719,0.0667806,0.0,0.0,1.0
0.102844,0.0268125,-0.0364062,-0.0126111,0.691122,0.0689333,0.0,0.0,1.0
0.102312,0.024875,-0.038625,-0.0116111,0.692561,0.07105,0.0,0.0,1.0
0.0974219,0.00170312,-0.0526719,-0.000738889,0.696333,0.0796111,0.0,0.0,1.0
0.104781,0.0274062,-0.0465,-0.0132111,0.687589,0.0855222,0.0,0.0,1.0
0.101141,0.0146406,-0.0537969,-0.00673056,0.695203,0.0821861,0.0,0.0,1.0
0.0994062,0.0139687,-0.057,-0.00632778,0.693011,0.0755444,0.0,0.0,1.0
0.105969,0.0218125,-0.0552187,-0.0106056,0.68925,0.0745833,0.0,0.0,1.0
0.100781,0.005625,-0.0610312,-0.00267778,0.667283,0.0663833,0.0,0.0,1.0
0.102438,0.0238438,-0.0560937,-0.0111583,0.692608,0.0748917,0.0,0.0,1.0
0.0947656,-0.00407813,-0.0636719,0.00176667,0.696156,0.0797333,0.0,0.0,1.0
0.109141,0.0299219,-0.0499219,-0.015275,0.675742,0.0635361,0.0,0.0,1.0
0.119156,0.0234687,-0.0386875,-0.0129556,0.682222,0.0795,0.0,0.0,1.0
0.108969,0.0296875,-0.0481563,-0.0149972,0.682169,0.0863861,0.0,0.0,1.0
0.108469,0.0279375,-0.0464063,-0.0140417,0.682519,0.110981,0.0,0.0,1.0
0.108438,0.0248125,-0.046125,-0.0121667,0.698561,0.0942722,0.0,0.0,1.0
0.101922,0.0189531,-0.0531094,-0.00874167,0.696486,0.103125,0.0,0.0,1.0
0.100437,0.00628125,-0.0603437,-0.00294167,0.677569,0.103597,0.0,0.0,1.0
0.0980313,0.003,-0.0593438,-0.00137778,0.673389,0.0946667,0.0,0.0,1.0
0.102969,0.0140625,-0.0579063,-0.00657222,0.694872,0.104461,0.0,0.0,1.0
0.102031,0.021,-0.0587813,-0.009725,0.696331,0.0983917,0.0,0.0,1.0
0.109094,0.0161875,-0.0537187,-0.00815833,0.684236,0.103819,0.0,0.0,1.0
0.108578,0.00160938,-0.0581406,-0.000786111,0.694986,0.0975694,0.0,0.0,1.0
0.122906,0.0190625,-0.0374063,-0.0107056,0.692644,0.0924111,0.0,0.0,1.0
0.118641,0.0139531,-0.0353906,-0.00755,0.693294,0.0939278,0.0,0.0,1.0
0.119156,0.011375,-0.0372812,-0.00621389,0.690047,0.0880639,0.0,0.0,1.0
0.11675,0.0161563,-0.0325937,-0.00855,0.697828,0.0857278,0.0,0.0,1.0
0.112234,0.0121406,-0.0339531,-0.006275,0.686764,0.090625,0.0,0.0,1.0
0.113969,0.0125,-0.0287813,-0.00655278,0.687819,0.0927361,0.0,0.0,1.0
0.114781,0.025375,-0.0249688,-0.0133889,0.688039,0.0840167,0.0,0.0,1.0
0.116469,0.0244687,-0.023375,-0.0130972,0.688436,0.0928972,0.0,0.0,1.0
0.116469,0.0130312,-0.021,-0.00693889,0.691539,0.0981833,0.0,0.0,1.0
0.113563,0.0203438,-0.0212188,-0.0106722,0.6839,0.104211,0.0,0.0,1.0
0.1145,-0.00275,-0.0205625,0.00144444,0.687133,0.106422,0.0,0.0,1.0
0.113031,-0.02275,-0.0247188,0.0118778,0.684617,0.110383,0.0,0.0,1.0
0.110266,0.00567188,-0.0216094,-0.00306111,0.643594,0.0776833,0.0,0.0,1.0
0.111125,-0.028875,-0.0199375,0.0146833,0.689722,0.115167,0.0,0.0,1.0
0.110125,-0.0096875,-0.0241875,0.00495,0.680172,0.119772,0.0,0.0,1.0
0.112562,-0.0230625,-0.0286875,0.012025,0.681397,0.128936,0.0,0.0,1.0
0.110813,-0.027625,-0.035875,0.0145556,0.665139,0.126639,0.0,0.0,1.0
0.113078,-0.0254219,-0.0456406,0.0137583,0.661519,0.131147,0.0,0.0,1.0
0.113187,-0.0391875,-0.066,0.0211639,0.662047,0.132231,0.0,0.0,1.0
0.10175,-0.0877187,-0.110781,0.0438361,0.643414,0.118531,0.0,0.0,1.0
0.100969,-0.0888125,-0.127219,0.043675,0.648814,0.117297,0.0,0.0,1.0
0.0959063,-0.105938,-0.165969,0.0507861,0.632103,0.0960083,0.0,0.0,1.0
0.102639,-0.0869828,-0.192733,0.0444639,0.634319,0.0912361,0.0,0.0,1.0
0.11225,-0.0461562,-0.191781,0.0253889,0.644706,0.0814611,0.0,0.0,1.0
0.10522,-0.0895016,-0.232533,0.0484,0.614828,0.0726722,0.0,0.0,1.0
0.10232,-0.0954141,-0.256664,0.0507333,0.608106,0.0497278,0.0,0.0,1.0
0.106225,-0.087975,-0.265131,0.0492806,0.599381,0.0421194,0.0,0.0,1.0
0.114537,-0.0621625,-0.277944,0.0403528,0.557342,0.0466583,0.0,0.0,1.0
0.113037,-0.0504437,-0.277162,0.0326667,0.551628,0.0530389,0.0,0.0,1.0
0.117375,-0.0435,-0.273313,0.0291694,0.553164,0.0588917,0.0,0.0,1.0
0.132072,-0.0211344,-0.260884,0.019675,0.448297,-0.0179639,0.0,0.0,1.0
0.0937922,-0.105261,-0.281105,0.0588389,0.53025,0.0803611,0.0,0.0,1.0
0.159887,0.00303437,-0.246419,-0.00389444,0.3938,-0.0168,0.0,0.0,1.0
0.165033,-0.0397203,-0.177689,0.0514083,0.402958,-0.030125,0.0,0.0,1.0
0.142531,-0.0458438,-0.145875,0.0462083,0.446997,-0.111775,0.0,0.0,1.0
0.150172,-0.0643906,-0.127453,0.075825,0.403031,-0.0847528,0.0,0.0,1.0
0.135375,-0.0951875,-0.0831875,0.0979528,0.415742,-0.0649083,0.0,0.0,1.0
0.121844,-0.0811875,-0.0821562,0.0688333,0.454328,-0.0801611,0.0,0.0,1.0
0.115703,-0.0892344,-0.0852031,0.0676028,0.482758,-0.0570361,0.0,0.0,1.0
0.109469,-0.110063,-0.0775312,0.0722222,0.527289,-0.0229556,0.0,0.0,1.0
0.105266,-0.128891,-0.0959844,0.0819278,0.523556,-0.0269444,0.0,0.0,1.0
0.0814844,-0.202172,-0.0892656,0.305597,0.170358,-0.0297306,0.0,0.0,1.0
0.0969063,-0.101844,-0.103625,0.0570361,0.547147,0.00301944,0.0,0.0,1.0
0.09475,-0.110156,-0.102281,0.0586583,0.562469,0.0134194,0.0,0.0,1.0
0.103797,-0.0967344,-0.101141,0.0557556,0.569422,-0.00631111,0.0,0.0,1.0
0.118375,-0.12925,-0.0811875,0.0975167,0.495756,-0.0413667,0.0,0.0,1.0
0.132375,-0.136,-0.091125,0.114733,0.495917,-0.0390833,0.0,0.0,1.0
0.113187,-0.136187,-0.0898125,0.10265,0.474656,-0.0518778,0.0,0.0,1.0
0.128906,0.000875,-0.0699688,-0.000658333,0.557125,-0.00468056,0.0,0.0,1.0
0.115656,-0.096875,-0.0865937,0.0568833,0.622539,0.115128,0.0,0.0,1.0
0.114125,-0.0937188,-0.0724688,0.0646694,0.522881,0.0402306,0.0,0.0,1.0
0.122422,-0.0597031,-0.0720781,0.0463389,0.49835,-0.00768333,0.0,0.0,1.0
0.135094,-0.01075,-0.0759062,0.00983889,0.466617,-0.0842278,0.0,0.0,1.0
0.133484,-0.00304687,-0.0713281,0.00282778,0.456039,-0.0803167,0.0,0.0,1.0
0.134766,-0.0617656,-0.00426563,0.0550417,0.478114,-0.0883917,0.0,0.0,1.0
0.118328,-0.0427031,-0.0193906,0.0319056,0.500222,-0.0874444,0.0,0.0,1.0
0.105031,-0.039875,-0.0291563,0.0204583,0.646292,0.0530417,0.0,0.0,1.0
0.102406,-0.0717812,-0.0364375,0.0359861,0.645747,0.0572528,0.0,0.0,1.0
0.142375,-0.0773125,-0.0811875,0.0547694,0.635258,0.0582972,0.0,0.0,1.0
0.121922,-0.0335156,-0.0564531,0.0206139,0.626269,0.0745639,0.0,0.0,1.0
0.16525,-0.004,-0.0919375,0.003375,0.621597,0.0517917,0.0,0.0,1.0
0.142906,-0.0536875,-0.0606562,0.0444583,0.545258,-0.0540361,0.0,0.0,1.0
0.141672,-0.0702031,-0.0563906,0.0497111,0.632528,0.04175,0.0,0.0,1.0
0.0907812,-0.0258125,-0.0687187,0.0113722,0.652961,0.0899833,0.0,0.0,1.0
0.0956094,-0.0145781,-0.0458594,0.00639444,0.687967,0.192089,0.0,0.0,1.0
0.091,-0.04575,-0.050625,0.0185083,0.710325,0.183397,0.0,0.0,1.0
0.124109,-0.0765156,0.000171875,0.0537417,0.558281,0.0793306,0.0,0.0,1.0
0.123344,-0.0820625,0.0271563,0.0539944,0.592428,-0.0159833,0.0,0.0,1.0
0.123797,-0.0861094,0.0336094,0.0563389,0.5979,-0.0184556,0.0,0.0,1.0
0.137781,-0.112844,0.04225,0.0915694,0.536647,0.00213056,0.0,0.0,1.0
0.131609,-0.0749844,0.0284844,0.0611194,0.510331,0.0117806,0.0,0.0,1.0
0.123906,-0.057125,0.0155938,0.0447028,0.500625,-0.006125,0.0,0.0,1.0
0.117094,-0.0171875,-0.0120312,0.0115028,0.552831,0.0980028,0.0,0.0,1.0
0.12225,-0.0266875,-0.01225,0.0181889,0.566394,0.183439,0.0,0.0,1.0
0.125953,-0.0243906,-0.00273437,0.0168833,0.57555,0.223894,0.0,0.0,1.0
0.124422,-0.160703,0.0500156,0.230575,0.274075,0.172036,0.0,0.0,1.0
0.113359,-0.0650781,-0.0116719,0.0399167,0.583794,0.352317,0.0,0.0,1.0
0.106578,-0.0691719,-0.0152969,0.0395972,0.588603,0.378786,0.0,0.0,1.0
0.0907969,-0.117016,-0.0301094,0.0587806,0.571325,0.383008,0.0,0.0,1.0
0.0820469,-0.190234,-0.0483594,0.0857889,0.574867,0.337133,0.0,0.0,1.0
0.0803125,-0.224625,-0.05475,0.102986,0.553681,0.282875,0.0,0.0,1.0
0.0586172,-0.306023,-0.0479609,0.179225,0.316303,0.171808,0.0,0.0,1.0
0.0134156,-0.362022,-0.0421781,0.14715,0.104389,0.0128,0.0,0.0,1.0
-0.00096875,-0.434887,0.0182687,0.131967,-0.0101111,-0.0287444,0.0,0.0,1.0
-0.0277406,-0.399075,-0.0061375,0.142908,-0.244808,-0.0983972,0.0,0.0,1.0
-0.0683609,-0.304767,-0.0323922,0.1598,-0.412033,-0.233172,0.0,0.0,1.0
-0.0800625,-0.250844,0.00215625,0.137694,-0.460989,-0.255783,0.0,0.0,1.0
-0.104781,-0.160375,0.0386562,0.0807719,-0.657555,-0.289777,0.0,0.0,1.0
-0.110203,-0.0430469,0.0882656,0.0208865,-0.718025,-0.255469,0.0,0.0,1.0
-0.113672,-0.00314063,0.104984,0.00161111,-0.697044,-0.179989,0.0,0.0,1.0
-0.116141,0.118766,0.133609,-0.0636083,-0.685419,-0.139142,0.0,0.0,1.0
-0.0968594,0.188359,0.111047,-0.177561,-0.324722,0.102611,0.0,0.0,1.0
-0.0829219,0.257766,0.159016,-0.177131,-0.381269,0.0679528,0.0,0.0,1.0
-0.0375469,0.333828,0.210797,-0.208717,-0.189883,0.15995,0.0,0.0,1.0
0.0128125,0.315844,0.204719,-0.219244,0.0582444,0.295533,0.0,0.0,1.0
0.0449375,0.295594,0.228406,-0.185061,0.226894,0.397828,0.0,0.0,1.0
0.0684844,0.236922,0.194422,-0.122414,0.418914,0.499753,0.0,0.0,1.0
0.0795937,0.164937,0.145344,-0.0914417,0.453886,0.495114,0.0,0.0,1.0
0.0898438,0.0890625,0.132344,-0.0510528,0.495503,0.519331,0.0,0.0,1.0
0.0915937,0.0245625,0.120281,-0.0141,0.504928,0.490739,0.0,0.0,1.0
0.118922,-0.0617031,0.109828,0.0417806,0.555097,0.407569,0.0,0.0,1.0
0.110188,-0.0782188,0.0884688,0.0466861,0.583225,0.389442,0.0,0.0,1.0
0.0938438,-0.127969,0.0299375,0.0623861,0.608469,0.319919,0.0,0.0,1.0
0.0970469,-0.191359,-0.0272344,0.114717,0.511639,0.196972,0.0,0.0,1.0
0.100592,-0.216311,-0.0610297,0.156175,0.440275,0.141669,0.0,0.0,1.0
0.0787078,-0.257208,-0.119739,0.196217,0.32605,0.0601722,0.0,0.0,1.0
0.0111047,-0.280261,-0.102667,0.209694,0.0469167,-0.116728,0.0,0.0,1.0
-0.00186875,-0.321019,-0.158831,0.198211,-0.00953333,-0.170344,0.0,0.0,1.0
-0.0280906,-0.286166,-0.121134,0.173989,-0.146011,-0.227622,0.0,0.0,1.0
-0.0414109,-0.28313,-0.101473,0.117247,-0.316192,-0.291553,0.0,0.0,1.0
-0.0409344,-0.255903,-0.0812781,0.0892583,-0.370925,-0.310086,0.0,0.0,1.0
-0.043375,-0.1785,-0.0308125,0.0538722,-0.454078,-0.310067,0.0,0.0,1.0
-0.0719063,-0.1265,0.00446875,0.0565378,-0.508721,-0.333832,0.0,0.0,1.0
-0.0579375,-0.105094,0.0363437,0.0409389,-0.470089,-0.286144,0.0,0.0,1.0
-0.0604062,-0.0266875,0.0740312,0.0101639,-0.501464,-0.288408,0.0,0.0,1.0
-0.0519687,0.046625,0.106469,-0.0177139,-0.432514,-0.244458,0.0,0.0,1.0
-0.0595625,0.0730312,0.104531,-0.0343278,-0.400461,-0.240794,0.0,0.0,1.0
-0.0547813,0.124406,0.152125,-0.06,-0.359083,-0.24865,0.0,0.0,1.0
-0.0450156,0.158641,0.171234,-0.092675,-0.243536,-0.217097,0.0,0.0,1.0
-0.0294375,0.175781,0.185219,-0.0909722,-0.179794,-0.178189,0.0,0.0,1.0
-0.0059375,0.201844,0.190094,-0.100022,-0.0377667,-0.102689,0.0,0.0,1.0
0.0200625,0.181688,0.190062,-0.0797556,0.144406,-0.0199389,0.0,0.0,1.0
0.025875,0.163375,0.177687,-0.0671111,0.198983,-0.000983333,0.0,0.0,1.0
0.048,0.137938,0.178,-0.0609556,0.343139,0.0736944,0.0,0.0,1.0
0.0736563,0.0964063,0.161187,-0.0499417,0.449558,0.124164,0.0,0.0,1.0
0.084375,0.0514687,0.154156,-0.0286528,0.479197,0.150247,0.0,0.0,1.0
0.0772344,-0.00551562,0.168391,0.00300556,0.446661,0.187339,0.0,0.0,1.0
0.0661875,0.019,0.153938,-0.0100194,0.396314,0.212686,0.0,0.0,1.0
0.0670938,0.0126875,0.152719,-0.00728889,0.368083,0.201194,0.0,0.0,1.0
0.0655625,0.0079375,0.150125,-0.00437222,0.376822,0.191567,0.0,0.0,1.0
0.102984,0.0530469,0.160422,-0.0542056,0.318617,0.177828,0.0,0.0,1.0
0.0995312,0.0524375,0.161844,-0.0545667,0.302178,0.163711,0.0,0.0,1.0
0.0703281,-0.0267031,0.136859,0.0166667,0.356183,0.126594,0.0,0.0,1.0
0.0672188,0.0005625,0.142219,-0.000377778,0.322144,0.144578,0.0,0.0,1.0
0.0752188,0.0003125,0.137969,-0.000222222,0.329956,0.135489,0.0,0.0,1.0
0.0717812,-0.0188125,0.150094,0.0122139,0.349842,0.102714,0.0,0.0,1.0
0.0791406,-0.00260937,0.162609,0.00221111,0.296967,0.0820333,0.0,0.0,1.0
0.0906719,0.00351562,0.156797,-0.00323889,0.309139,0.0884167,0.0,0.0,1.0
0.0817031,0.000296875,0.186828,-0.000261111,0.30705,0.0500056,0.0,0.0,1.0
0.0846406,-0.00539062,0.192766,0.00476111,0.304161,0.0336167,0.0,0.0,1.0
0.104656,0.003375,0.167906,-0.00339444,0.328978,0.0775222,0.0,0.0,1.0
0.0726094,-0.0115781,0.212328,0.00839444,0.3165,0.0437778,0.0,0.0,1.0
0.1015,-0.0154375,0.182313,0.0153944,0.321589,0.0616889,0.0,0.0,1.0
0.0676406,-0.0343906,0.217609,0.0241694,0.304058,0.045775,0.0,0.0,1.0
0.0722031,-0.0516719,0.210859,0.0377667,0.312283,0.05305,0.0,0.0,1.0
0.0667344,-0.0528281,0.202703,0.0364528,0.305697,0.0538583,0.0,0.0,1.0
0.0700938,-0.0594063,0.193813,0.0439361,0.299569,0.0581528,0.0,0.0,1.0
0.068,-0.057125,0.187875,0.0416528,0.294758,0.0621306,0.0,0.0,1.0
0.0707813,-0.0841875,0.172344,0.0635111,0.296506,0.0854389,0.0,0.0,1.0
0.0628437,-0.0734062,0.17,0.0502167,0.290389,0.0589444,0.0,0.0,1.0
0.0671094,-0.0746094,0.161734,0.0538833,0.293678,0.0588778,0.0,0.0,1.0
0.0654219,-0.0790156,0.161797,0.0555028,0.294342,0.0579361,0.0,0.0,1.0
0.0615156,-0.0734844,0.152359,0.0493917,0.289308,0.0537472,0.0,0.0,1.0
0.0644687,-0.0684062,0.149125,0.0465472,0.299531,0.0356917,0.0,0.0,1.0
0.074,-0.0685625,0.1515,0.0522278,0.306994,0.0438944,0.0,0.0,1.0
0.0725469,-0.0762656,0.139672,0.0522889,0.334356,0.0583667,0.0,0.0,1.0
0.0625938,-0.0818437,0.161313,0.0474139,0.341331,0.0416139,0.0,0.0,1.0
0.0634844,-0.0730156,0.172891,0.0419639,0.348975,0.0167472,0.0,0.0,1.0
0.0584375,-0.0769688,0.173969,0.0401139,0.354464,0.0535361,0.0,0.0,1.0
0.0525156,-0.0697969,0.186422,0.031225,0.371125,0.0414306,0.0,0.0,1.0
0.0491719,-0.0523594,0.198016,0.021425,0.380136,0.041975,0.0,0.0,1.0
0.0469844,-0.0450469,0.207391,0.0175111,0.381822,0.00101111,0.0,0.0,1.0
0.0449219,-0.0326094,0.219109,0.0116444,0.398261,-0.00592778,0.0,0.0,1.0
0.0465,-0.0194375,0.234875,0.007,0.407872,0.00535,0.0,0.0,1.0
0.0445469,-0.0182344,0.234641,0.00633333,0.405544,0.000344444,0.0,0.0,1.0
0.0452188,-0.00890625,0.243437,0.00317222,0.400422,0.0325222,0.0,0.0,1.0
0.0456406,0.00795313,0.254203,-0.00277778,0.413178,0.0432667,0.0,0.0,1.0
0.046,0.0024375,0.258812,-0.000833333,0.4268,0.0641444,0.0,0.0,1.0
0.0412656,0.00429688,0.268422,-0.00133333,0.419811,0.0907444,0.0,0.0,1.0
0.0465781,0.00145313,0.277359,-0.000536111,0.408814,0.105853,0.0,0.0,1.0
0.0475625,-0.002,0.276125,0.000725,0.415908,0.104592,0.0,0.0,1.0
0.0517812,0.00196875,0.289875,-0.000786111,0.404497,0.111503,0.0,0.0,1.0
0.0450625,-0.003625,0.283812,0.00122222,0.422133,0.100867,0.0,0.0,1.0
0.0475313,0.00840625,0.290062,-0.003025,0.413842,0.0977139,0.0,0.0,1.0
0.0484063,-0.00146875,0.294313,0.000541667,0.424869,0.0882417,0.0,0.0,1.0
0.0449219,0.000484375,0.297891,-0.000163889,0.427819,0.085125,0.0,0.0,1.0
0.0449375,-0.001375,0.302438,0.000444444,0.43715,0.0676278,0.0,0.0,1.0
0.0450312,0.004875,0.309656,-0.00150556,0.460289,0.0564333,0.0,0.0,1.0
0.0434688,-0.00028125,0.310875,0.0001,0.431656,0.0963444,0.0,0.0,1.0
0.0443438,0.00125,0.307531,-0.000397222,0.427142,0.101247,0.0,0.0,1.0
0.0420938,-0.00496875,0.31675,0.00150556,0.4373,0.0977556,0.0,0.0,1.0
0.0367969,0.00132813,0.317234,-0.000377778,0.424794,0.113928,0.0,0.0,1.0
0.0406719,-0.00601562,0.316953,0.00178333,0.432128,0.109983,0.0,0.0,1.0
0.0357969,4.6875e-05,0.317047,-5.55556e-06,0.415072,0.115039,0.0,0.0,1.0
0.0384687,-0.00559375,0.320812,0.00154722,0.441764,0.105347,0.0,0.0,1.0
0.0389687,-0.00965625,0.320563,0.00266111,0.447989,0.0826778,0.0,0.0,1.0
0.0429531,-0.00895313,0.323984,0.00288611,0.422031,0.103747,0.0,0.0,1.0
0.0429219,-0.0109844,0.323609,0.00332222,0.449956,0.0884889,0.0,0.0,1.0
0.0440313,0.0025,0.322531,-0.000811111,0.441228,0.0952722,0.0,0.0,1.0
0.0398281,-0.00820312,0.321859,0.00238889,0.4324,0.106878,0.0,0.0,1.0
0.0399688,-0.005875,0.324031,0.00161667,0.457811,0.0829111,0.0,0.0,1.0
0.040125,-0.014125,0.32525,0.00394444,0.454967,0.0848667,0.0,0.0,1.0
0.0407969,-0.00735937,0.323141,0.00211667,0.446517,0.11315,0.0,0.0,1.0
0.04425,-0.0158438,0.327219,0.00493056,0.450775,0.0879472,0.0,0.0,1.0
0.0384844,-0.00364062,0.327891,0.00103889,0.430794,0.111928,0.0,0.0,1.0
0.050875,-0.015375,0.325687,0.00561944,0.439164,0.0998917,0.0,0.0,1.0
0.0442813,-0.012375,0.323906,0.00400556,0.432372,0.102961,0.0,0.0,1.0
0.0459375,-0.0224687,0.324906,0.00756944,0.430125,0.100764,0.0,0.0,1.0
0.0435469,-0.0112031,0.317828,0.00350833,0.438414,0.0991972,0.0,0.0,1.0
0.0415937,-0.0125937,0.310313,0.00393056,0.423431,0.114292,0.0,0.0,1.0
0.0440938,-0.0159687,0.310375,0.00523056,0.424175,0.119825,0.0,0.0,1.0
0.0407656,-0.0125781,0.302922,0.00388889,0.416294,0.118594,0.0,0.0,1.0
0.035625,-0.00225,0.30125,0.000575,0.424969,0.109253,0.0,0.0,1.0
0.037875,-0.003125,0.296313,0.0009,0.412172,0.120494,0.0,0.0,1.0
0.041,0.00534375,0.293281,-0.00167222,0.41515,0.11385,0.0,0.0,1.0
0.0407969,-0.00160938,0.285953,0.000497222,0.417136,0.118475,0.0,0.0,1.0
0.0423125,-0.0035,0.282937,0.00114444,0.416078,0.118756,0.0,0.0,1.0
0.0415625,-0.00290625,0.276844,0.000944444,0.406506,0.117439,0.0,0.0,1.0
0.0422187,-0.0036875,0.271781,0.00116667,0.42265,0.10085,0.0,0.0,1.0
0.0429531,1.5625e-05,0.271672,-2.77778e-06,0.418464,0.114425,0.0,0.0,1.0
0.0420313,-0.00428125,0.264812,0.00138889,0.408283,0.120994,0.0,0.0,1.0
0.0437813,-0.0085625,0.259094,0.00284722,0.413203,0.116742,0.0,0.0,1.0
0.0409063,-0.00121875,0.25925,0.000391667,0.402047,0.120786,0.0,0.0,1.0
0.0478438,-0.00171875,0.257812,0.000622222,0.411083,0.120972,0.0,0.0,1.0
0.0399062,-0.00078125,0.264625,0.000219444,0.437169,0.0964972,0.0,0.0,1.0
0.0449219,0.00479688,0.261953,-0.00165,0.416667,0.126889,0.0,0.0,1.0
0.0410938,-0.00796875,0.2615,0.00251944,0.407614,0.152331,0.0,0.0,1.0
0.041875,-0.0035,0.265438,0.0011,0.423811,0.149856,0.0,0.0,1.0
0.0414063,-0.008625,0.262094,0.00270556,0.419394,0.141994,0.0,0.0,1.0
0.0468437,-0.005625,0.257469,0.00203333,0.4141,0.155511,0.0,0.0,1.0
0.045625,-0.007875,0.25675,0.00271111,0.419678,0.1696,0.0,0.0,1.0
0.0420313,-0.00334375,0.264875,0.00100278,0.439986,0.143014,0.0,0.0,1.0
0.0415937,-0.00946875,0.261562,0.00298611,0.418914,0.161197,0.0,0.0,1.0
0.044,-0.004375,0.260563,0.00145556,0.414389,0.171944,0.0,0.0,1.0
0.0435625,-0.0066875,0.260563,0.00215833,0.427086,0.161636,0.0,0.0,1.0
0.0436094,-0.00714062,0.260703,0.00231944,0.426303,0.158697,0.0,0.0,1.0
0.0414688,-0.00240625,0.26525,0.000758333,0.426414,0.153031,0.0,0.0,1.0
0.0438437,-0.0154375,0.264406,0.00511111,0.419161,0.173506,0.0,0.0,1.0
0.0439375,-0.0090625,0.265875,0.00300833,0.417103,0.160342,0.0,0.0,1.0
0.0453281,-0.00579687,0.268172,0.00198611,0.420697,0.174081,0.0,0.0,1.0
0.0432188,-0.0090625,0.266469,0.00296111,0.414922,0.163133,0.0,0.0,1.0
0.0429063,-0.00834375,0.27075,0.00268056,0.418725,0.162053,0.0,0.0,1.0
0.0461562,-0.0090625,0.270031,0.00317222,0.416061,0.163772,0.0,0.0,1.0
0.0476562,0.000125,0.277219,-5e-05,0.429489,0.1739,0.0,0.0,1.0
0.0455313,0.00053125,0.27975,-0.000175,0.416425,0.156297,0.0,0.0,1.0
0.0451875,0.0020625,0.282875,-0.000716667,0.416506,0.139661,0.0,0.0,1.0
0.0465312,-0.00703125,0.28225,0.00253333,0.411894,0.150439,0.0,0.0,1.0
0.0514062,-0.0115937,0.282438,0.00455556,0.413833,0.141944,0.0,0.0,1.0
0.0461562,-0.0028125,0.291969,0.000991667,0.416264,0.144736,0.0,0.0,1.0
0.04575,0.00225,0.292875,-0.000791667,0.403597,0.150069,0.0,0.0,1.0
0.0447344,0.00195312,0.293922,-0.000636111,0.420242,0.137147,0.0,0.0,1.0
0.0496875,0.00815625,0.291781,-0.00311667,0.4104,0.138267,0.0,0.0,1.0
0.045875,-0.00021875,0.292844,9.72222e-05,0.410003,0.144331,0.0,0.0,1.0
0.0482812,-0.00453125,0.295938,0.00171944,0.402281,0.133108,0.0,0.0,1.0
0.0485,-0.00153125,0.291531,0.000558333,0.415564,0.134769,0.0,0.0,1.0
0.0495,0.00103125,0.288031,-0.000386111,0.416186,0.109758,0.0,0.0,1.0
0.0448906,0.00820312,0.286516,-0.00278333,0.416694,0.109306,0.0,0.0,1.0
0.0454375,0.0204062,0.284156,-0.00710556,0.412689,0.107644,0.0,0.0,1.0
0.0485469,0.0115781,0.282078,-0.00440556,0.4018,0.119256,0.0,0.0,1.0
0.046125,0.0147187,0.279469,-0.00511944,0.418358,0.104419,0.0,0.0,1.0
0.0459375,0.0204062,0.275156,-0.00715278,0.414797,0.111036,0.0,0.0,1.0
0.0471875,0.0188437,0.275656,-0.00694167,0.405153,0.122903,0.0,0.0,1.0
0.0467812,0.0301875,0.277344,-0.0108417,0.411692,0.120253,0.0,0.0,1.0
0.0444375,0.0372187,0.277594,-0.0126167,0.414133,0.121033,0.0,0.0,1.0
0.0441094,0.0379219,0.277516,-0.0127889,0.412933,0.1134,0.0,0.0,1.0
0.043625,0.0531875,0.276938,-0.0181611,0.40395,0.128661,0.0,0.0,1.0
0.0473906,0.0329531,0.269016,-0.0120056,0.411206,0.124461,0.0,0.0,1.0
0.0519375,0.0511562,0.265844,-0.0206556,0.406589,0.127189,0.0,0.0,1.0
0.0488906,0.0449219,0.261641,-0.0173389,0.400289,0.122044,0.0,0.0,1.0
0.055,0.0583437,0.258219,-0.0259889,0.390533,0.1188,0.0,0.0,1.0
0.0561406,0.0434219,0.253734,-0.0197139,0.390964,0.128092,0.0,0.0,1.0
0.0654375,0.0375312,0.246344,-0.0205,0.3786,0.143456,0.0,0.0,1.0
0.0813437,0.02075,0.240719,-0.0147444,0.361228,0.159272,0.0,0.0,1.0
0.07525,0.0387187,0.239906,-0.0251833,0.365544,0.171844,0.0,0.0,1.0
0.0984219,-0.0129844,0.212922,0.0140639,0.287114,0.171831,0.0,0.0,1.0
0.128656,-0.0285938,0.20975,0.0444083,0.261758,0.187519,0.0,0.0,1.0
0.119656,-0.0251875,0.202719,0.0367694,0.259192,0.172697,0.0,0.0,1.0
0.133219,-0.0207813,0.202375,0.0323917,0.269936,0.176897,0.0,0.0,1.0
0.0800469,0.0480469,0.161359,-0.0407167,0.2986,0.153122,0.0,0.0,1.0
0.07825,0.0465312,0.165781,-0.0381972,0.301375,0.146625,0.0,0.0,1.0
0.07375,0.05275,0.167375,-0.0391111,0.314278,0.1405,0.0,0.0,1.0
0.0665,0.0944375,0.142875,-0.0645417,0.307703,0.153186,0.0,0.0,1.0
0.0648594,0.0846719,0.131391,-0.0557806,0.311114,0.127997,0.0,0.0,1.0
0.05575,0.0851875,0.121188,-0.0486333,0.308578,0.143033,0.0,0.0,1.0
0.063,0.04925,0.0973125,-0.0291222,0.33655,0.156006,0.0,0.0,1.0
0.0562188,0.0590938,0.096375,-0.030775,0.341286,0.150047,0.0,0.0,1.0
0.0609063,0.051625,0.0774062,-0.0356806,0.278414,0.0893639,0.0,0.0,1.0
0.0559063,0.11225,0.0847813,-0.0614917,0.322569,0.169486,0.0,0.0,1.0
0.04625,0.129875,0.090125,-0.0590028,0.321736,0.151375,0.0,0.0,1.0
0.0459531,0.121922,0.0820156,-0.0547194,0.323603,0.123008,0.0,0.0,1.0
0.076375,0.0554687,0.00428125,-0.0549694,0.243397,0.0529917,0.0,0.0,1.0
0.0864063,0.0206563,0.0298125,-0.0198972,0.283186,0.0313694,0.0,0.0,1.0
0.062375,0.0266875,0.010375,-0.0184556,0.284761,0.0381278,0.0,0.0,1.0
0.0575,0.0369375,0.0136875,-0.0203917,0.329186,0.0958694,0.0,0.0,1.0
0.049625,0.0329062,0.0138437,-0.0154833,0.333678,0.102489,0.0,0.0,1.0
0.0544375,0.041,0.0205,-0.0204028,0.345636,0.121642,0.0,0.0,1.0
0.0733281,0.0487969,0.0134844,-0.0315528,0.358419,0.136247,0.0,0.0,1.0
0.0594375,0.0495625,0.021375,-0.0255694,0.363981,0.112908,0.0,0.0,1.0
0.0751875,0.067125,0.0059375,-0.0482028,0.330942,0.0851694,0.0,0.0,1.0
0.0638594,0.0836406,0.0305469,-0.047125,0.358069,0.0772639,0.0,0.0,1.0
0.054625,0.087125,0.0310625,-0.03845,0.391322,0.0269,0.0,0.0,1.0
0.0410938,0.085625,0.0492813,-0.0266194,0.417586,0.013025,0.0,0.0,1.0
0.0383906,0.0768281,0.0605469,-0.0220722,0.421917,0.0178056,0.0,0.0,1.0
0.0384062,0.0797188,0.064375,-0.0223889,0.432261,-0.0162056,0.0,0.0,1.0
0.03675,0.08625,0.0803125,-0.0235639,0.424881,-0.0454361,0.0,0.0,1.0
0.0393125,0.0824687,0.100781,-0.0235306,0.435875,-0.0645417,0.0,0.0,1.0
0.0390312,0.0719375,0.109781,-0.0213694,0.415797,-0.0438528,0.0,0.0,1.0
0.048875,0.0744375,0.111562,-0.0265028,0.433725,-0.0781139,0.0,0.0,1.0
0.0501875,0.0649687,0.128094,-0.0242417,0.424958,-0.0822917,0.0,0.0,1.0
0.0597656,0.0723906,0.130141,-0.033275,0.411047,-0.0908806,0.0,0.0,1.0
0.07425,0.0525625,0.138688,-0.0312278,0.394861,-0.0545278,0.0,0.0,1.0
0.0749375,0.0645625,0.151,-0.0441611,0.346344,-0.0510667,0.0,0.0,1.0
0.0599063,0.0748437,0.171125,-0.0440556,0.321683,-0.0460722,0.0,0.0,1.0
0.0704844,0.0737344,0.175641,-0.0551639,0.297758,-0.018925,0.0,0.0,1.0
0.0801875,0.0445625,0.176062,-0.0394889,0.286239,0.0258167,0.0,0.0,1.0
0.0680625,0.0365938,0.189906,-0.0275222,0.285656,0.0476222,0.0,0.0,1.0
0.0870781,0.0477344,0.188516,-0.0431222,0.304661,0.124228,0.0,0.0,1.0
0.087625,0.0522188,0.196094,-0.0485611,0.297739,0.181483,0.0,0.0,1.0
0.0845625,0.0474062,0.202656,-0.0427278,0.296539,0.196294,0.0,0.0,1.0
0.0764062,0.0840937,0.22475,-0.0726139,0.279647,0.206186,0.0,0.0,1.0
0.076,0.105906,0.248344,-0.105733,0.240583,0.237583,0.0,0.0,1.0
0.0703281,0.116922,0.252109,-0.128889,0.201611,0.223167,0.0,0.0,1.0
0.037875,0.149281,0.286219,-0.18755,0.0953278,0.221561,0.0,0.0,1.0
0.00478125,0.114469,0.275625,-0.178697,0.00970833,0.170692,0.0,0.0,1.0
-0.0215937,0.154594,0.334,-0.0880972,-0.119736,0.0659583,0.0,0.0,1.0
-0.0534375,0.1205,0.331937,-0.0762917,-0.266719,0.0434472,0.0,0.0,1.0
-0.0615312,0.0843125,0.332656,-0.0476222,-0.344178,-0.0219,0.0,0.0,1.0
-0.0712969,0.0756094,0.326859,-0.0483222,-0.352694,-0.0240278,0.0,0.0,1.0
-0.0785938,0.0431875,0.320781,-0.0414,-0.259117,0.0729389,0.0,0.0,1.0
-0.0835,0.0210312,0.305844,-0.0143917,-0.385731,-0.056675,0.0,0.0,1.0
-0.0821562,0.00309375,0.291438,-0.00210278,-0.383114,-0.0846694,0.0,0.0,1.0
-0.0733281,-0.0522344,0.269984,0.0313444,-0.386117,-0.0511167,0.0,0.0,1.0
-0.0589062,-0.0919688,0.256687,0.0605583,-0.282792,-0.0615694,0.0,0.0,1.0
-0.06025,-0.0969063,0.265969,0.0722306,-0.255397,-0.0586194,0.0,0.0,1.0
-0.130562,0.002375,0.292437,-0.0074,-0.132756,-0.0373333,0.0,0.0,1.0
-0.116922,-0.0334844,0.285953,0.111717,-0.110761,-0.0160333,0.0,0.0,1.0
-0.118188,-0.0413125,0.281437,0.171831,-0.0897806,0.00384722,0.0,0.0,1.0
-0.0664062,-0.0505312,0.270438,0.268972,-0.0394056,0.0195278,0.0,0.0,1.0
-0.0474375,-0.0326875,0.279813,0.341436,-0.014375,-0.053825,0.0,0.0,1.0
-0.0197656,-0.0375156,0.278453,0.37355,-0.00627778,-0.0821611,0.0,0.0,1.0
0.0116406,-0.0394531,0.284266,0.388378,0.00372778,-0.128989,0.0,0.0,1.0
0.0413437,-0.0341875,0.290156,0.391389,0.0114333,-0.170389,0.0,0.0,1.0
0.0550938,-0.0388125,0.290906,0.329175,0.0205472,-0.175175,0.0,0.0,1.0
0.077375,-0.0445625,0.285688,0.309589,0.0351833,-0.229983,0.0,0.0,1.0
0.0902812,-0.05025,0.277344,0.283022,0.0506889,-0.267567,0.0,0.0,1.0
0.136172,-0.0511719,0.268609,0.240589,0.0915333,-0.293233,0.0,0.0,1.0
0.169281,-0.0192812,0.274125,0.115814,0.0889917,-0.346025,0.0,0.0,1.0
0.155703,-0.000671875,0.244766,0.00475,0.0699833,-0.419189,0.0,0.0,1.0
0.161984,0.000453125,0.252797,-0.00300556,0.0776111,-0.412028,0.0,0.0,1.0
0.130375,0.01675,0.225313,-0.0821333,0.084,-0.4181,0.0,0.0,1.0
0.135344,0.0290937,0.224875,-0.231275,0.0537972,-0.485292,0.0,0.0,1.0
0.140938,0.021,0.215813,-0.241325,0.0387583,-0.472914,0.0,0.0,1.0
0.0944531,0.0365156,0.188297,-0.264472,0.0412278,-0.477522,0.0,0.0,1.0
0.0885781,0.0395469,0.189703,-0.284061,0.0389722,-0.471211,0.0,0.0,1.0
0.0603594,0.0377969,0.174078,-0.307378,0.02345,-0.475694,0.0,0.0,1.0
0.023375,0.0465312,0.154906,-0.332308,0.0103417,-0.475297,0.0,0.0,1.0
-0.0233125,0.0510313,0.149281,-0.315756,-0.0119167,-0.457694,0.0,0.0,1.0
-0.0176875,0.0562812,0.157094,-0.235806,-0.0133444,-0.402428,0.0,0.0,1.0
-0.040875,0.0405,0.13925,-0.191589,-0.0273167,-0.346383,0.0,0.0,1.0
-0.0150156,0.0558906,0.115859,-0.133544,-0.0198722,-0.308972,0.0,0.0,1.0
-0.0376094,0.0470781,0.115141,-0.122611,-0.0456444,-0.296,0.0,0.0,1.0
0.000796875,0.0844219,0.106422,-0.0798944,0.0027,-0.277717,0.0,0.0,1.0
-0.0287813,0.071,0.109844,-0.0520917,-0.124025,-0.232514,0.0,0.0,1.0
-0.030375,0.0789375,0.0941875,-0.0413167,-0.183528,-0.149733,0.0,0.0,1.0
-0.0404531,0.0515781,0.110453,-0.0271556,-0.242794,-0.0881833,0.0,0.0,1.0
-0.0481406,0.0264531,0.115203,-0.0151056,-0.266528,-0.0530833,0.0,0.0,1.0
-0.0354844,0.0244844,0.120422,-0.00977222,-0.281256,0.00518889,0.0,0.0,1.0
-0.0551562,-0.00165625,0.126625,0.000944444,-0.306017,0.0937056,0.0,0.0,1.0
-0.0563125,0.0048125,0.139375,-0.00304444,-0.282728,0.106661,0.0,0.0,1.0
-0.0499844,-0.0144844,0.131297,0.00761667,-0.300672,0.08605,0.0,0.0,1.0
-0.0508437,-0.0344688,0.134625,0.0196611,-0.281844,0.0697111,0.0,0.0,1.0
-0.0435937,-0.0659688,0.121125,0.0334333,-0.272033,0.0273,0.0,0.0,1.0
-0.0500625,-0.110688,0.121937,0.0735444,-0.238194,0.0250278,0.0,0.0,1.0
-0.0290313,-0.112313,0.125219,0.0850861,-0.121142,-0.0374472,0.0,0.0,1.0
-0.01575,-0.130625,0.13425,0.0965361,-0.0673583,-0.0926917,0.0,0.0,1.0
-0.0018125,-0.123281,0.134719,0.0854,-0.00821667,-0.113872,0.0,0.0,1.0
0.0183125,-0.103281,0.0965938,0.101428,0.0590167,-0.119478,0.0,0.0,1.0
0.0349687,-0.0872187,0.085875,0.0581694,0.165714,-0.127714,0.0,0.0,1.0
0.038,-0.0825,0.0805625,0.0489917,0.202258,-0.128364,0.0,0.0,1.0
0.0305,-0.057,0.07775,0.0201194,0.273025,-0.183469,0.0,0.0,1.0
0.0342188,-0.0221562,0.059375,0.00856389,0.279897,-0.168019,0.0,0.0,1.0
0.0372656,0.0114531,0.0525156,-0.00615556,0.219067,-0.128833,0.0,0.0,1.0
0.0372344,0.0268906,0.0360781,-0.0123778,0.2553,-0.149333,0.0,0.0,1.0
0.0462187,0.056,0.00853125,-0.0365222,0.224144,-0.108456,0.0,0.0,1.0
0.0413437,0.0560312,0.0096875,-0.0393417,0.185992,-0.0986583,0.0,0.0,1.0
0.038625,0.092,-0.003875,-0.0915556,0.122667,-0.0204444,0.0,0.0,1.0
-0.0120312,0.106688,-0.0262187,-0.088925,-0.0455139,0.00779167,0.0,0.0,1.0
-0.0550625,0.0634063,-0.0374063,-0.07305,-0.151094,0.0765167,0.0,0.0,1.0
-0.06225,0.04075,-0.031,-0.0542778,-0.147778,0.0739444,0.0,0.0,1.0
-0.03825,0.0595,-0.0605625,-0.0382139,-0.188364,0.0936361,0.0,0.0,1.0
-0.0392812,0.0605938,-0.0611875,-0.0408389,-0.184239,0.0924833,0.0,0.0,1.0
-0.0623125,0.0238125,-0.04225,-0.0262861,-0.178136,0.0785861,0.0,0.0,1.0
-0.0654844,0.0272656,-0.0351406,-0.0298778,-0.188978,0.0610222,0.0,0.0,1.0
-0.0584375,0.0247188,-0.0360937,-0.0230667,-0.197861,0.06375,0.0,0.0,1.0
-0.0618906,0.0236719,-0.0293281,-0.0220056,-0.21045,0.0439944,0.0,0.0,1.0
-0.0487031,0.0253594,-0.0337969,-0.0189444,-0.2062,0.0326333,0.0,0.0,1.0
-0.0527344,0.0436719,-0.0298906,-0.0351611,-0.207017,0.02315,0.0,0.0,1.0
-0.0620781,0.00973438,-0.00620313,-0.00920833,-0.207814,0.0324083,0.0,0.0,1.0
-0.0555625,0.0338437,-0.0139687,-0.0285944,-0.208011,0.0169333,0.0,0.0,1.0
-0.0420938,0.0175312,-0.003125,-0.0108194,-0.216086,0.0244139,0.0,0.0,1.0
-0.0633594,0.0138281,0.0137031,-0.0132861,-0.208519,0.0319806,0.0,0.0,1.0
-0.0624531,0.00204687,0.0187969,-0.00199722,-0.203008,0.0355472,0.0,0.0,1.0
-0.05525,0.001,0.0074375,-0.000777778,-0.221406,0.0492611,0.0,0.0,1.0
-0.0612969,0.00970312,0.0137969,-0.00909722,-0.206908,0.0446472,0.0,0.0,1.0
-0.0584062,0.00125,0.0106562,-0.00116667,-0.193661,0.0408389,0.0,0.0,1.0
-0.0599375,0.00690625,0.0216563,-0.00666111,-0.196456,0.0503222,0.0,0.0,1.0
-0.0499844,0.0187344,0.0205781,-0.0151556,-0.195544,0.0418444,0.0,0.0,1.0
-0.05725,0.024125,0.0178125,-0.0210556,-0.207222,0.0617222,0.0,0.0,1.0
-0.0540625,0.0284375,0.0180625,-0.0232139,-0.209431,0.058125,0.0,0.0,1.0
-0.05,0.0119687,0.0172812,-0.00992778,-0.190939,0.0578944,0.0,0.0,1.0
-0.052125,0.017375,0.0181875,-0.0142667,-0.200811,0.0566889,0.0,0.0,1.0
-0.0513125,0.0185938,0.0199687,-0.0146028,-0.206486,0.0516806,0.0,0.0,1.0
-0.046875,0.006875,0.0175,-0.00489444,-0.207778,0.0488889,0.0,0.0,1.0
-0.0466875,0.016625,0.0156875,-0.0110583,-0.221625,0.0463194,0.0,0.0,1.0
-0.0515625,0.00384375,0.0208437,-0.00264444,-0.23885,0.0480389,0.0,0.0,1.0
-0.0468281,-0.000671875,0.0163281,0.000425,-0.247542,0.0379028,0.0,0.0,1.0
-0.0466563,0.00515625,0.018625,-0.00305833,-0.248714,0.0402306,0.0,0.0,1.0
-0.0475,0.00953125,0.0194062,-0.00554167,-0.258869,0.0193528,0.0,0.0,1.0
-0.058125,0.00975,0.01975,-0.00681667,-0.263539,0.00662778,0.0,0.0,1.0
-0.0516719,0.0111406,0.0229219,-0.00661111,-0.275344,0.00293333,0.0,0.0,1.0
-0.042625,0.007125,0.0295,-0.00345,-0.2778,0.00364444,0.0,0.0,1.0
-0.0398281,0.00598437,0.0284844,-0.00255833,-0.294097,-0.0109861,0.0,0.0,1.0
-0.0416094,0.00298437,0.0322656,-0.001275,-0.308942,-0.0156639,0.0,0.0,1.0
-0.0415625,0.006875,0.0359375,-0.00316111,-0.286456,-0.0034,0.0,0.0,1.0
-0.0403594,0.0155469,0.0376406,-0.00695556,-0.284544,-0.00948889,0.0,0.0,1.0
-0.041625,0.0190938,0.0393437,-0.00818333,-0.306344,-0.00773333,0.0,0.0,1.0
-0.0394063,0.0120312,0.041375,-0.00498889,-0.300911,-0.0008,0.0,0.0,1.0
-0.0409063,0.00971875,0.03975,-0.00406389,-0.308358,0.000919444,0.0,0.0,1.0
-0.042375,0.0204687,0.0426563,-0.00874167,-0.312664,0.00494722,0.0,0.0,1.0
-0.0490937,0.015,0.0437813,-0.00724167,-0.320408,0.00781389,0.0,0.0,1.0
-0.0523594,0.0342031,0.0473906,-0.0179611,-0.314839,0.00266111,0.0,0.0,1.0
-0.0552187,0.0523437,0.047,-0.0291028,-0.313903,0.0163194,0.0,0.0,1.0
-0.0604531,0.0588906,0.0516406,-0.0396806,-0.283458,0.0155417,0.0,0.0,1.0
-0.0644063,0.05475,0.0572187,-0.0453694,-0.245692,-0.0276361,0.0,0.0,1.0
-0.0725156,0.0528281,0.0561094,-0.0564528,-0.214486,-0.0591583,0.0,0.0,1.0
-0.065625,0.0272813,0.0414063,-0.0187556,-0.302128,0.0164278,0.0,0.0,1.0
-0.0587344,0.0209219,0.0386719,-0.0120028,-0.323547,0.0233417,0.0,0.0,1.0
-0.0613906,0.00167188,0.0442344,-0.00105,-0.311728,0.0502167,0.0,0.0,1.0
-0.0506875,0.0120312,0.0405938,-0.00676667,-0.285078,0.0480333,0.0,0.0,1.0
-0.0582188,0.002125,0.0298437,-0.001275,-0.307397,0.0416583,0.0,0.0,1.0
-0.0610625,0.00096875,0.0266562,-0.000569444,-0.319853,0.0612583,0.0,0.0,1.0
-0.0563906,0.00689063,0.0396719,-0.00383333,-0.32015,0.0684611,0.0,0.0,1.0
-0.0673437,0.00340625,0.0316875,-0.00236944,-0.308558,0.0549417,0.0,0.0,1.0
-0.0585938,0.00053125,0.03525,-0.000338889,-0.29685,0.0552611,0.0,0.0,1.0
-0.0680937,-0.0510313,0.0593125,0.0372861,-0.294408,0.100758,0.0,0.0,1.0
-0.0631094,-0.0548906,0.0563594,0.0438944,-0.249361,0.0475278,0.0,0.0,1.0
-0.0532187,0.00309375,0.03325,-0.00159444,-0.328878,0.109844,0.0,0.0,1.0
-0.05975,0.00865625,0.0323437,-0.00477778,-0.341394,0.0996056,0.0,0.0,1.0
-0.07325,0.00190625,0.0200938,-0.00134444,-0.322822,0.101733,0.0,0.0,1.0
-0.0692344,0.0170469,0.0163281,-0.014875,-0.251058,0.0298306,0.0,0.0,1.0
-0.0719375,0.00509375,0.0325937,-0.00356944,-0.322569,0.109097,0.0,0.0,1.0
-0.0760469,0.0198594,0.0199219,-0.0152861,-0.311981,0.101742,0.0,0.0,1.0
-0.0684219,0.00695312,0.0228906,-0.00448333,-0.336044,0.106233,0.0,0.0,1.0
-0.071375,0.0090625,0.0195625,-0.00649722,-0.314403,0.0910972,0.0,0.0,1.0
-0.0564688,0.0026875,0.0305937,-0.00161944,-0.296053,0.088225,0.0,0.0,1.0
-0.0658125,0.00415625,0.0155938,-0.00267222,-0.323889,0.118889,0.0,0.0,1.0
-0.0619844,0.0121719,0.00489062,-0.00917222,-0.259444,0.0530556,0.0,0.0,1.0
-0.0626563,0.0142188,-0.0005625,-0.0110333,-0.255539,0.04285,0.0,0.0,1.0
-0.0697187,0.007625,-0.00646875,-0.00644722,-0.260292,0.0709306,0.0,0.0,1.0
-0.0724375,-0.00196875,-0.0174688,0.00156667,-0.288672,0.0796611,0.0,0.0,1.0
-0.0546562,0.0199063,-0.005375,-0.0142583,-0.241519,0.0677583,0.0,0.0,1.0
-0.0641406,0.0361094,-0.0178281,-0.0258778,-0.283072,0.131039,0.0,0.0,1.0
-0.0571719,-0.00679688,-0.0297344,0.00466667,-0.263211,0.0773444,0.0,0.0,1.0
-0.0547344,0.00714062,-0.0163594,-0.00510833,-0.242069,0.0650417,0.0,0.0,1.0
-0.049875,0.0228125,-0.042875,-0.0111639,-0.321969,0.145975,0.0,0.0,1.0
-0.0524063,0.0300937,-0.0508125,-0.0143306,-0.347825,0.153619,0.0,0.0,1.0
-0.0742969,-0.0450781,-0.0506406,0.0367278,-0.288106,0.0867278,0.0,0.0,1.0
-0.0851094,-0.0520781,-0.0399219,0.0477333,-0.293333,0.0873889,0.0,0.0,1.0
-0.0851406,-0.0258594,-0.0253281,0.0227944,-0.304933,0.0972889,0.0,0.0,1.0
-0.0785313,-0.0332187,-0.02525,0.0263889,-0.312456,0.0814889,0.0,0.0,1.0
-0.0807031,-0.0351406,-0.0281094,0.0257167,-0.348594,0.107239,0.0,0.0,1.0
-0.0823437,-0.0305937,-0.0175625,0.02135,-0.372556,0.111667,0.0,0.0,1.0
-0.0674063,-0.0165,-0.0119063,0.00966667,-0.363744,0.0938111,0.0,0.0,1.0
-0.0599063,-0.0154063,-0.012625,0.00783333,-0.372411,0.0829778,0.0,0.0,1.0
-0.0579844,-0.0257344,-0.0216406,0.0124472,-0.378642,0.091025,0.0,0.0,1.0
-0.0571719,-0.0250156,-0.0202969,0.0121528,-0.372619,0.0874361,0.0,0.0,1.0
-0.0458438,0.0016875,-0.0200312,-0.000611111,-0.395906,0.0923722,0.0,0.0,1.0
-0.0515625,0.01325,-0.0155625,-0.00532222,-0.406467,0.0955333,0.0,0.0,1.0
-0.0518125,0.00265625,-0.0217187,-0.00105556,-0.410894,0.0817167,0.0,0.0,1.0
-0.0481563,0.0204062,-0.03075,-0.00749444,-0.414078,0.0986444,0.0,0.0,1.0
-0.0487188,0.021375,-0.0304688,-0.00816944,-0.403031,0.123136,0.0,0.0,1.0
-0.04425,0.0367813,-0.0315312,-0.0130667,-0.393339,0.12205,0.0,0.0,1.0
-0.051875,0.0090625,-0.0374375,-0.00365556,-0.407694,0.116083,0.0,0.0,1.0
-0.0439531,0.0366094,-0.0392344,-0.0129639,-0.391642,0.128525,0.0,0.0,1.0
-0.0504844,0.0421719,-0.0428594,-0.0171528,-0.392542,0.119736,0.0,0.0,1.0
-0.0506563,0.0322188,-0.045,-0.0132528,-0.389958,0.129097,0.0,0.0,1.0
-0.0432656,0.0190469,-0.0462656,-0.00637778,-0.409144,0.139689,0.0,0.0,1.0
-0.0506719,0.0246406,-0.0472969,-0.00976944,-0.404453,0.136214,0.0,0.0,1.0
-0.0512188,0.03525,-0.0527813,-0.0138333,-0.4124,0.125322,0.0,0.0,1.0
-0.0477813,0.0166875,-0.0505312,-0.00610556,-0.413383,0.145839,0.0,0.0,1.0
-0.0454375,0.0024375,-0.05175,-0.000836111,-0.418897,0.146825,0.0,0.0,1.0
-0.0483906,0.00698437,-0.0513281,-0.00255556,-0.417411,0.140033,0.0,0.0,1.0
-0.0470781,0.00832812,-0.0458906,-0.002875,-0.433486,0.127181,0.0,0.0,1.0
-0.054625,0.00575,-0.039125,-0.0024,-0.411878,0.134289,0.0,0.0,1.0
-0.0449844,0.0184844,-0.0413594,-0.00660278,-0.398681,0.141597,0.0,0.0,1.0
-0.0595312,-0.0151875,-0.0416562,0.00700278,-0.407347,0.129653,0.0,0.0,1.0
-0.0511406,0.0165781,-0.0364844,-0.00649722,-0.412603,0.129231,0.0,0.0,1.0
-0.0478125,0.00078125,-0.0233437,-0.000280556,-0.417492,0.116119,0.0,0.0,1.0
-0.0435625,0.0050625,-0.0294375,-0.001675,-0.415886,0.130336,0.0,0.0,1.0
-0.0488594,0.00151563,-0.0245781,-0.000561111,-0.414644,0.1158,0.0,0.0,1.0
-0.0513438,0.01375,-0.0278437,-0.00534722,-0.416258,0.123075,0.0,0.0,1.0
-0.0505469,0.00573438,-0.0292656,-0.00222778,-0.410306,0.113028,0.0,0.0,1.0
-0.0460625,0.00084375,-0.0276562,-0.000316667,-0.411072,0.10815,0.0,0.0,1.0
-0.0481406,0.0128594,-0.0237031,-0.00477222,-0.410367,0.107633,0.0,0.0,1.0
-0.048,0.00028125,-0.0291563,-0.000102778,-0.419853,0.107369,0.0,0.0,1.0
-0.0504375,-0.00659375,-0.0267188,0.00260278,-0.404875,0.104181,0.0,0.0,1.0
-0.0432969,-0.000734375,-0.0303594,0.000233333,-0.414083,0.113806,0.0,0.0,1.0
-0.0458125,0.00696875,-0.0276562,-0.00244444,-0.411061,0.110717,0.0,0.0,1.0
-0.04775,-0.00021875,-0.0272813,6.66667e-05,-0.414722,0.109778,0.0,0.0,1.0
-0.053875,0.0298437,-0.0249688,-0.0123278,-0.411844,0.115489,0.0,0.0,1.0
-0.0527813,0.0258438,-0.0209375,-0.01065,-0.405289,0.1196,0.0,0.0,1.0
-0.0434063,0.012625,-0.0314062,-0.00422778,-0.409339,0.12955,0.0,0.0,1.0
-0.0589219,0.0268594,-0.0267969,-0.0125222,-0.398617,0.136883,0.0,0.0,1.0
-0.0643594,0.0279531,-0.0294531,-0.0140028,-0.406064,0.126492,0.0,0.0,1.0
-0.0644687,0.0351562,-0.030375,-0.0173361,-0.413108,0.141892,0.0,0.0,1.0
-0.0623125,0.0296563,-0.0385938,-0.0143444,-0.406733,0.141711,0.0,0.0,1.0
-0.0524375,0.0162813,-0.0417188,-0.00665278,-0.406903,0.149319,0.0,0.0,1.0
-0.0604375,0.0369687,-0.0288437,-0.0177278,-0.398322,0.136622,0.0,0.0,1.0
-0.0621562,0.0425625,-0.0425312,-0.0212167,-0.394178,0.144933,0.0,0.0,1.0
