0.0290992,0.000578512,-0.164289,-0.00030837,0.172291,0.681087,0.0,0.0,1.0
0.0304463,-0.0111488,-0.174554,0.00604993,0.177181,0.631747,0.0,0.0,1.0
0.0322562,-0.00412397,-0.168248,0.00241557,0.173987,0.597026,0.0,0.0,1.0
0.030876,0.00102479,-0.159322,-0.000558003,0.179222,0.566975,0.0,0.0,1.0
0.031,0.00554545,-0.15881,-0.00305433,0.177636,0.520103,0.0,0.0,1.0
0.0310702,0.00751653,-0.162632,-0.00415565,0.177753,0.469486,0.0,0.0,1.0
0.0277686,-0.0105289,-0.169074,0.00497797,0.185154,0.430103,0.0,0.0,1.0
0.0279587,-0.0124132,-0.164802,0.00585903,0.186593,0.393128,0.0,0.0,1.0
0.0278182,-0.0097438,-0.16695,0.00456681,0.187504,0.350984,0.0,0.0,1.0
0.0269008,-0.00818182,-0.168884,0.0038326,0.180969,0.301953,0.0,0.0,1.0
0.0283512,-0.0157645,-0.163773,0.0100514,0.14033,0.235587,0.0,0.0,1.0
0.0266446,0.000545455,-0.160215,-0.000264317,0.175521,0.236373,0.0,0.0,1.0
0.0283388,-0.00752893,-0.161157,0.00397944,0.169354,0.204023,0.0,0.0,1.0
0.028,-0.0110331,-0.161149,0.00565345,0.172555,0.181057,0.0,0.0,1.0
0.0281074,-0.00829752,-0.157777,0.00448605,0.164046,0.135294,0.0,0.0,1.0
0.0292355,-0.0145,-0.167872,0.00838473,0.159677,0.0945521,0.0,0.0,1.0
0.0285826,-0.00911157,-0.171773,0.00510279,0.161182,0.0678487,0.0,0.0,1.0
0.0266777,-0.0042562,-0.170554,0.0022467,0.159325,0.0420705,0.0,0.0,1.0
0.0255124,-0.00920661,-0.151512,0.00449339,0.165066,0.0341997,0.0,0.0,1.0
0.0253099,-0.00804545,-0.131492,0.0036417,0.176388,0.0407636,0.0,0.0,1.0
0.0266777,-0.00603306,-0.115355,0.00283407,0.179251,0.0456388,0.0,0.0,1.0
0.0264215,-0.0037438,-0.102165,0.00176211,0.177225,0.0384581,0.0,0.0,1.0
0.0256694,-0.00280992,-0.100149,0.00126285,0.180044,0.0290896,0.0,0.0,1.0
0.0241612,-0.000946281,-0.121665,0.00041116,0.177166,0.0222467,0.0,0.0,1.0
0.0228182,-0.00612397,-0.169719,0.00245228,0.179941,-0.0299119,0.0,0.0,1.0
0.0202562,-0.00785124,-0.188025,0.00293686,0.170617,-0.0493245,0.0,0.0,1.0
0.0218264,-0.00142149,-0.185893,0.000528634,0.184728,-0.0362702,0.0,0.0,1.0
0.0207521,-0.000347107,-0.17457,0.000124816,0.181021,-0.0287445,0.0,0.0,1.0
0.0242397,-0.00539669,-0.162231,0.00232012,0.177489,-0.0250661,0.0,0.0,1.0
0.0240041,-0.00696281,-0.13607,0.00312041,0.169302,-0.0252937,0.0,0.0,1.0
0.0240124,-0.00189669,-0.115302,0.000895742,0.161997,0.0043906,0.0,0.0,1.0
0.0264711,-0.00518182,-0.0818843,0.00258443,0.167592,0.0479148,0.0,0.0,1.0
0.0278802,-0.0057562,-0.0588967,0.00295154,0.17185,0.0777386,0.0,0.0,1.0
0.0281736,-0.00842975,-0.0520579,0.00435389,0.17221,0.0974376,0.0,0.0,1.0
0.0267686,-0.00856198,-0.0684215,0.00426579,0.16986,0.106997,0.0,0.0,1.0
0.0280579,0.000900826,-0.0722975,-0.000469897,0.17279,0.088649,0.0,0.0,1.0
0.0261488,-0.0118099,-0.0830331,0.00551395,0.17685,0.0753231,0.0,0.0,1.0
0.0211653,-0.000305785,-0.0790413,0.000117474,0.184596,0.0635683,0.0,0.0,1.0
0.0241033,-0.00169835,-0.0755496,0.000690162,0.187577,0.051674,0.0,0.0,1.0
0.0249008,-0.00183471,-0.0705041,0.000756241,0.191123,0.0347797,0.0,0.0,1.0
0.0242355,-0.00869008,-0.070624,0.0035536,0.186887,0.00935389,0.0,0.0,1.0
0.0251488,-0.0116033,-0.0685372,0.00511747,0.180095,-0.0225771,0.0,0.0,1.0
0.0263512,-0.0145496,-0.0688636,0.00687225,0.176006,-0.04837,0.0,0.0,1.0
0.026219,-0.016624,-0.0701364,0.00786344,0.175015,-0.0660866,0.0,0.0,1.0
0.0275248,-0.0161529,-0.0719215,0.00769457,0.182452,-0.0780764,0.0,0.0,1.0
0.0282314,-0.0121157,-0.070314,0.00587372,0.183847,-0.094978,0.0,0.0,1.0
0.0278017,-0.000438017,-0.0691653,0.000212922,0.184912,-0.103488,0.0,0.0,1.0
0.0287025,-0.0141157,-0.0730661,0.00641703,0.199236,-0.100162,0.0,0.0,1.0
0.0279504,-0.00609091,-0.0764545,0.00290015,0.185294,-0.118803,0.0,0.0,1.0
0.0280826,-0.00992562,-0.0803554,0.0042511,0.206894,-0.102856,0.0,0.0,1.0
0.0288678,-0.0077438,-0.0841157,0.00342878,0.205999,-0.109391,0.0,0.0,1.0
0.0278926,-0.00282645,-0.0903554,0.00114537,0.2179,-0.109794,0.0,0.0,1.0
0.0299711,-0.00381405,-0.094905,0.00165198,0.218245,-0.105,0.0,0.0,1.0
0.0298636,-0.00352479,-0.100905,0.00151248,0.220294,-0.0921145,0.0,0.0,1.0
0.0312149,-0.00353719,-0.109033,0.00155653,0.224317,-0.0629075,0.0,0.0,1.0
0.0321777,-0.0038719,-0.119533,0.00203377,0.193326,-0.0653818,0.0,0.0,1.0
0.0325041,-0.00133058,-0.131934,0.000624082,0.217805,-0.0158664,0.0,0.0,1.0
0.0329711,-0.00257438,-0.138045,0.00117474,0.22699,0.00790015,0.0,0.0,1.0
0.0321322,-0.00295868,-0.142215,0.00128488,0.233091,0.0198164,0.0,0.0,1.0
0.0333388,-0.0108017,-0.149,0.00505139,0.225125,0.0161968,0.0,0.0,1.0
0.0365083,-0.0152438,-0.152723,0.00765051,0.229824,0.017768,0.0,0.0,1.0
0.037781,-0.00680579,-0.150343,0.0033627,0.241395,0.0201762,0.0,0.0,1.0
0.038376,-0.0114256,-0.150913,0.00562408,0.245947,0.025815,0.0,0.0,1.0
0.0397562,-0.0117314,-0.152624,0.00581498,0.252996,0.0301175,0.0,0.0,1.0
0.0388347,-0.00759504,-0.150975,0.00360499,0.258598,0.0364391,0.0,0.0,1.0
0.0391488,-0.00884297,-0.150455,0.0041116,0.265771,0.0377239,0.0,0.0,1.0
0.0382769,-0.00808678,-0.148219,0.00357562,0.27362,0.0402276,0.0,0.0,1.0
0.0378099,-0.0186033,-0.153835,0.00807636,0.274963,0.0393392,0.0,0.0,1.0
0.0374463,-0.0197107,-0.155785,0.00823789,0.282952,0.0356241,0.0,0.0,1.0
0.0362893,-0.00215702,-0.147934,0.000881057,0.278693,0.022511,0.0,0.0,1.0
0.0357603,-0.000636364,-0.148116,0.000271659,0.270213,-0.00171072,0.0,0.0,1.0
0.038405,0.000743802,-0.150289,-0.00030837,0.289486,0.00400881,0.0,0.0,1.0
0.0387314,-0.00209504,-0.151302,0.000895742,0.286344,-0.0196329,0.0,0.0,1.0
0.0391818,-0.00133058,-0.153388,0.000580029,0.282254,-0.0373495,0.0,0.0,1.0
0.040719,0.00143802,-0.154421,-0.000675477,0.273084,-0.0545815,0.0,0.0,1.0
0.0406777,-0.000785124,-0.154851,0.000359765,0.276938,-0.0631792,0.0,0.0,1.0
0.0410413,-0.00308264,-0.156322,0.00140969,0.283084,-0.05442,0.0,0.0,1.0
0.0423182,-0.00530165,-0.158632,0.00248164,0.286006,-0.0501909,0.0,0.0,1.0
0.042595,-0.00565289,-0.159603,0.00248164,0.307386,-0.0281645,0.0,0.0,1.0
0.0452479,-0.00900826,-0.163826,0.00410426,0.313223,-0.026116,0.0,0.0,1.0
0.0419628,-0.000896694,-0.166128,0.000367107,0.325536,-0.0198532,0.0,0.0,1.0
0.0418058,-0.00131818,-0.167822,0.000528634,0.331072,-0.00919236,0.0,0.0,1.0
0.0474711,-0.00520661,-0.168479,0.00232012,0.336138,-0.00386197,0.0,0.0,1.0
0.0437107,0.000595041,-0.168901,-0.000234949,0.341821,0.0046696,0.0,0.0,1.0
0.046405,5.78512e-05,-0.168231,-2.93686e-05,0.349354,0.0156094,0.0,0.0,1.0
0.0473843,-0.000780992,-0.163384,0.000323054,0.359633,0.0118796,0.0,0.0,1.0
0.046157,-0.00158678,-0.165264,0.000660793,0.35257,-0.00283407,0.0,0.0,1.0
0.0455661,-0.000904959,-0.1615,0.000367107,0.351777,-0.0043906,0.0,0.0,1.0
0.0454876,-0.000115702,-0.157868,4.40529e-05,0.360103,0.00666667,0.0,0.0,1.0
0.0442521,-0.00278926,-0.154525,0.00110132,0.353333,-0.00315712,0.0,0.0,1.0
0.0456612,-0.00702479,-0.154388,0.00276065,0.366814,0.0119236,0.0,0.0,1.0
0.0465702,-0.00721488,-0.153653,0.00284875,0.373392,0.0281057,0.0,0.0,1.0
0.047905,-0.0116322,-0.154335,0.00453745,0.387827,0.0340088,0.0,0.0,1.0
0.0500744,-0.00244628,-0.150074,0.000969163,0.397768,0.0390602,0.0,0.0,1.0
0.0515165,0.00417769,-0.146517,-0.00168869,0.402555,0.0424816,0.0,0.0,1.0
0.0523719,0.000710744,-0.147281,-0.000286344,0.407276,0.0546916,0.0,0.0,1.0
0.0512645,0.00419008,-0.147504,-0.00164464,0.410176,0.0522907,0.0,0.0,1.0
0.0547521,0.00385124,-0.148207,-0.00160059,0.414978,0.0456535,0.0,0.0,1.0
0.0565165,0.00286364,-0.146814,-0.00120411,0.427606,0.0403818,0.0,0.0,1.0
0.0564669,0.00365702,-0.14831,-0.00155653,0.419486,0.0283847,0.0,0.0,1.0
0.057719,0.000867769,-0.147992,-0.000367107,0.431718,0.0406608,0.0,0.0,1.0
0.0590992,-0.00315702,-0.146554,0.00135095,0.436065,0.0322173,0.0,0.0,1.0
0.0569339,-0.00664463,-0.147347,0.00286344,0.417489,0.00161527,0.0,0.0,1.0
0.0590496,-0.00369421,-0.144926,0.00164464,0.416593,-0.00933921,0.0,0.0,1.0
0.0566942,-0.00916529,-0.142917,0.00370778,0.442225,0.00651248,0.0,0.0,1.0
0.0589587,-0.00533058,-0.139,0.0022467,0.442144,0.00148311,0.0,0.0,1.0
0.0597355,-0.00419008,-0.137579,0.00170338,0.462996,0.012188,0.0,0.0,1.0
0.0623926,-0.00621074,-0.135632,0.00259912,0.469838,0.0158443,0.0,0.0,1.0
0.0618678,-0.00117355,-0.131322,0.000477239,0.486013,0.0311087,0.0,0.0,1.0
0.0599174,-0.000743802,-0.12919,0.000286344,0.496013,0.0514317,0.0,0.0,1.0
0.063438,-0.00031405,-0.127901,0.000132159,0.503304,0.0602056,0.0,0.0,1.0
0.0627438,0.00031405,-0.12362,-0.000124816,0.507203,0.0728267,0.0,0.0,1.0
0.0620661,-0.00704959,-0.123694,0.00283407,0.486373,0.0640088,0.0,0.0,1.0
0.061,-0.000438017,-0.121124,0.000146843,0.537298,0.115888,0.0,0.0,1.0
0.0612107,-0.00307851,-0.119169,0.00111601,0.535536,0.108047,0.0,0.0,1.0
0.0633802,-0.00880165,-0.11919,0.00357562,0.491814,0.0703598,0.0,0.0,1.0
0.0637273,-0.00539669,-0.116298,0.00212922,0.510852,0.088605,0.0,0.0,1.0
0.0669421,-0.000942149,-0.113223,0.000381791,0.521278,0.080279,0.0,0.0,1.0
0.0678802,-0.000309917,-0.110219,0.000124816,0.543326,0.0846182,0.0,0.0,1.0
0.0695785,-0.00226446,-0.108388,0.000888399,0.563209,0.0979956,0.0,0.0,1.0
0.0716653,0.000772727,-0.107029,-0.000301028,0.58036,0.115764,0.0,0.0,1.0
0.0703264,-0.000607438,-0.102087,0.000227606,0.583943,0.118201,0.0,0.0,1.0
0.0705455,-0.00670248,-0.10305,0.00254772,0.585954,0.102019,0.0,0.0,1.0
0.0727521,-0.000413223,-0.116702,0.000154185,0.600742,0.106263,0.0,0.0,1.0
0.0713636,-0.000438017,-0.14757,0.000161527,0.595874,0.120793,0.0,0.0,1.0
0.0714463,-0.000123967,-0.192116,5.1395e-05,0.602518,0.141197,0.0,0.0,1.0
0.0791405,-0.000735537,-0.251231,0.00030837,0.593054,0.141997,0.0,0.0,1.0
0.0712314,-0.00204959,-0.367248,0.000837004,0.549325,0.0518943,0.0,0.0,1.0
0.0664711,-0.000644628,-0.479727,0.000242291,0.561256,0.0703451,0.0,0.0,1.0
0.0622769,-0.000789256,-0.586343,0.000286344,0.547893,0.228671,0.0,0.0,1.0
0.0584752,-0.000557851,-0.695731,0.000190896,0.518722,0.461733,0.0,0.0,1.0
