0.0325,0.00146875,-0.570312,-0.0115417,0.0130694,-0.663194,0.0,0.0,1.0
0.0325156,0.00138672,-0.56341,-0.0109063,0.013309,-0.647997,0.0,0.0,1.0
0.00231641,-0.0324297,-0.562301,0.0135174,0.017809,-0.643087,0.0,0.0,1.0
0.00324219,-0.0323477,-0.561191,0.0137292,0.0247153,-0.638181,0.0,0.0,1.0
0.00251758,-0.0329082,-0.559561,0.014184,0.0194479,-0.630497,0.0,0.0,1.0
0.0334727,0.00179297,-0.55793,-0.0141806,0.0146458,-0.622813,0.0,0.0,1.0
0.0340352,0.00106641,-0.556297,-0.00891319,0.0151007,-0.615128,0.0,0.0,1.0
0.0339336,0.000976562,-0.55473,-0.00817014,0.0152882,-0.611608,0.0,0.0,1.0
0.033832,0.000886719,-0.553164,-0.00743056,0.0154792,-0.60809,0.0,0.0,1.0
0.0337285,0.000802734,-0.551596,-0.0066875,0.0156667,-0.604576,0.0,0.0,1.0
0.000724609,-0.0301465,-0.549479,0.0073125,0.00942361,-0.601431,0.0,0.0,1.0
0.00134766,-0.0309648,-0.549586,0.00953472,0.0138264,-0.598292,0.0,0.0,1.0
0.00185156,-0.0288906,-0.55125,0.0108056,0.0156667,-0.601514,0.0,0.0,1.0
0.0333633,0.00423828,-0.549219,-0.0185764,0.0232083,-0.59109,0.0,0.0,1.0
0.0332539,0.00339062,-0.547238,-0.0148646,0.0220382,-0.581156,0.0,0.0,1.0
0.0331426,0.00254492,-0.54526,-0.0111458,0.0208681,-0.571222,0.0,0.0,1.0
0.0330313,0.00169531,-0.543281,-0.00743056,0.0197014,-0.561299,0.0,0.0,1.0
0.0329258,0.000847656,-0.543906,-0.00371528,0.0185278,-0.562937,0.0,0.0,1.0
0.0328125,-1.11022e-16,-0.544531,0.0,0.0173611,-0.564583,0.0,0.0,1.0
0.0334648,0.000101563,-0.548574,-0.000850694,0.0124063,-0.563747,0.0,0.0,1.0
0.0332031,-5.55112e-17,-0.548828,0.0,0.0243056,-0.557639,0.0,0.0,1.0
0.0426211,0.000769531,-0.548437,-0.00925,0.0112222,-0.533333,0.0,0.0,1.0
0.0391953,0.000578125,-0.547008,-0.0069375,0.0153611,-0.531715,0.0,0.0,1.0
0.0357656,0.000386719,-0.545574,-0.00462153,0.0195035,-0.530094,0.0,0.0,1.0
0.0323359,0.000195313,-0.544141,-0.00230556,0.0236389,-0.528472,0.0,0.0,1.0
0.0289063,-1.66533e-16,-0.55,0.0,0.0277778,-0.525,0.0,0.0,1.0
0.0394531,-1.66533e-16,-0.547266,0.0,0.0152778,-0.504167,0.0,0.0,1.0
0.0371875,-1.11022e-16,-0.543125,0.0,0.0161111,-0.4925,0.0,0.0,1.0
0.0349219,-1.11022e-16,-0.546453,0.0,0.0169444,-0.499972,0.0,0.0,1.0
0.0254961,0.00203516,-0.547656,-0.005125,0.0319583,-0.500694,0.0,0.0,1.0
0.0203984,0.000554688,-0.551711,-0.00140278,0.0254375,-0.50559,0.0,0.0,1.0
0.0445312,-1.11022e-16,-0.539844,0.0,0.0159722,-0.48125,0.0,0.0,1.0
0.0356172,0.00197656,-0.541992,-0.00395139,0.0291181,-0.478472,0.0,0.0,1.0
0.0266992,0.00395703,-0.544141,-0.00789583,0.0422569,-0.475694,0.0,0.0,1.0
0.0233984,0.00263672,-0.546746,-0.00526389,0.0360486,-0.488424,0.0,0.0,1.0
0.0391016,0.000875,-0.548047,-0.00517361,0.0209236,-0.479861,0.0,0.0,1.0
0.0154414,0.00171875,-0.544379,-0.00457639,0.0183194,-0.482812,0.0,0.0,1.0
0.0225469,0.00207031,-0.5455,-0.0064375,0.0229236,-0.490028,0.0,0.0,1.0
0.0239297,0.00389062,-0.546875,-0.00884028,0.0333264,-0.495139,0.0,0.0,1.0
0.0350352,0.00318359,-0.546484,-0.0154514,0.0228264,-0.492361,0.0,0.0,1.0
0.0297969,0.00210547,-0.546582,-0.0102708,0.0262153,-0.489181,0.0,0.0,1.0
0.0129199,0.00681836,-0.546885,-0.0105069,0.0265069,-0.504722,0.0,0.0,1.0
0.0116133,0.00159375,-0.553059,-0.00201042,0.029059,-0.50342,0.0,0.0,1.0
0.0150469,0.00714844,-0.550586,-0.00909028,0.0283681,-0.510764,0.0,0.0,1.0
0.0167227,-0.0102578,-0.55752,0.0210556,0.0224236,-0.523438,0.0,0.0,1.0
0.0244648,-0.00314453,-0.558203,0.00784722,0.0309861,-0.527778,0.0,0.0,1.0
0.0215273,0.00300391,-0.551953,-0.0060625,0.0299097,-0.545514,0.0,0.0,1.0
0.0229766,0.00492578,-0.55166,-0.0104306,0.0312708,-0.559271,0.0,0.0,1.0
0.0214844,0.00410156,-0.554492,-0.00866667,0.0287014,-0.564687,0.0,0.0,1.0
0.0275312,0.00142578,-0.555957,-0.000201389,0.0248681,-0.562556,0.0,0.0,1.0
0.034957,-0.00198047,-0.560547,0.0101528,0.0215833,-0.557639,0.0,0.0,1.0
0.0248281,-0.00075,-0.567969,0.00407639,0.0178472,-0.543229,0.0,0.0,1.0
0.0229883,-0.000707031,-0.566797,0.00365278,0.0193472,-0.553819,0.0,0.0,1.0
0.0228125,0.000914062,-0.5625,-0.00213194,0.0226111,-0.560243,0.0,0.0,1.0
0.0222617,0.00147266,-0.564453,-0.00393056,0.0263889,-0.566667,0.0,0.0,1.0
0.023209,0.00108008,-0.565486,-0.0028125,0.0281667,-0.56959,0.0,0.0,1.0
0.0372305,-0.000722656,-0.566016,0.00449306,0.0189097,-0.545833,0.0,0.0,1.0
0.0298242,0.000550781,-0.564844,-0.00225694,0.0228125,-0.528472,0.0,0.0,1.0
0.0224238,0.00176758,-0.565365,-0.00734028,0.0170625,-0.536417,0.0,0.0,1.0
0.0281484,-5.55112e-17,-0.564844,0.0,0.0151667,-0.545944,0.0,0.0,1.0
0.0197148,0.000335938,-0.570691,-0.000861111,0.0242847,-0.552854,0.0,0.0,1.0
0.0326895,0.00166602,-0.568357,-0.00780556,0.0220417,-0.536806,0.0,0.0,1.0
0.0327305,0.00183203,-0.560156,-0.00854861,0.0224375,-0.519583,0.0,0.0,1.0
0.0246445,0.00243359,-0.560742,-0.0111389,0.0171806,-0.507917,0.0,0.0,1.0
0.0198496,0.00280664,-0.561232,-0.00852778,0.0221111,-0.516806,0.0,0.0,1.0
0.0211445,0.000871094,-0.561719,-0.00172917,0.0336042,-0.524306,0.0,0.0,1.0
0.0314453,0.00104688,-0.558594,-0.00452778,0.0229861,-0.50625,0.0,0.0,1.0
0.0331074,0.000607422,-0.560221,-0.00265972,0.0238681,-0.484778,0.0,0.0,1.0
0.01875,-1.66533e-16,-0.560938,0.0,0.0208333,-0.483333,0.0,0.0,1.0
0.021082,0.00303516,-0.557813,-0.00593056,0.0340694,-0.491667,0.0,0.0,1.0
0.01875,-1.66533e-16,-0.563281,0.0,0.0326389,-0.49375,0.0,0.0,1.0
0.0378242,0.000457031,-0.557031,-0.00283333,0.019125,-0.471528,0.0,0.0,1.0
0.0265625,-1.66533e-16,-0.560938,0.0,0.0173611,-0.477083,0.0,0.0,1.0
0.0238281,-1.11022e-16,-0.562891,0.0,0.0284722,-0.486806,0.0,0.0,1.0
0.0152344,-5.55112e-17,-0.562109,0.0,0.0277778,-0.488889,0.0,0.0,1.0
0.0214844,-1.66533e-16,-0.560547,0.0,0.0236111,-0.491667,0.0,0.0,1.0
0.0360937,0.000273438,-0.557031,-0.00166667,0.018875,-0.493056,0.0,0.0,1.0
0.0287695,-0.000121094,-0.558984,0.000715278,0.0156458,-0.496528,0.0,0.0,1.0
0.0265625,-5.55112e-17,-0.553906,0.0,0.0152778,-0.498611,0.0,0.0,1.0
0.0224063,0.000210938,-0.55918,-0.000777778,0.0191528,-0.509028,0.0,0.0,1.0
0.0217148,0.000339844,-0.562109,-0.000923611,0.0253125,-0.515278,0.0,0.0,1.0
0.0246289,0.00246484,-0.553375,-0.00743056,0.0278611,-0.520139,0.0,0.0,1.0
0.0377305,0.000472656,-0.548047,-0.00414583,0.0135486,-0.508333,0.0,0.0,1.0
0.0292969,-5.55112e-17,-0.548828,0.0,0.0173611,-0.497917,0.0,0.0,1.0
0.0257812,-1.11022e-16,-0.544531,0.0,0.0222222,-0.498611,0.0,0.0,1.0
0.0285156,-1.11022e-16,-0.544141,0.0,0.0180556,-0.504167,0.0,0.0,1.0
0.0207031,-1.11022e-16,-0.542578,0.0,0.0319444,-0.525,0.0,0.0,1.0
0.0210273,0.00469141,-0.543805,-0.0126875,0.0245625,-0.518,0.0,0.0,1.0
0.0336563,0.00233594,-0.540625,-0.0110625,0.0224375,-0.50625,0.0,0.0,1.0
0.0333203,0.00239844,-0.537641,-0.0117431,0.0218681,-0.489236,0.0,0.0,1.0
0.0275977,0.00119922,-0.537961,-0.00586806,0.0255139,-0.488368,0.0,0.0,1.0
0.021875,-5.55112e-17,-0.538281,0.0,0.0291667,-0.4875,0.0,0.0,1.0
0.025582,0.00207031,-0.533738,-0.00709028,0.0314792,-0.486236,0.0,0.0,1.0
0.0292871,0.00414258,-0.529189,-0.0141806,0.0337917,-0.484972,0.0,0.0,1.0
0.0330938,0.00238281,-0.527734,-0.00969444,0.0256944,-0.472222,0.0,0.0,1.0
0.0376758,0.00244922,-0.523047,-0.0135833,0.0214583,-0.461806,0.0,0.0,1.0
0.0291094,0.00433594,-0.523438,-0.0122708,0.0325069,-0.453472,0.0,0.0,1.0
0.0140664,-0.020832,-0.519922,0.0222222,0.0416806,-0.460417,0.0,0.0,1.0
0.00327344,-0.0358828,-0.513672,0.0190694,0.0194861,-0.438194,0.0,0.0,1.0
0.00326953,-0.0341523,-0.515039,0.0179028,0.0197708,-0.433854,0.0,0.0,1.0
0.0263477,0.00365234,-0.509375,-0.0119514,0.0254236,-0.4375,0.0,0.0,1.0
0.0279727,0.00494141,-0.516016,-0.0131806,0.0331528,-0.448611,0.0,0.0,1.0
0.00324609,-0.0289648,-0.509766,0.0143958,0.0206458,-0.443056,0.0,0.0,1.0
0.00284375,-0.0304922,-0.508984,0.0143576,0.0183646,-0.439698,0.0,0.0,1.0
0.0291016,0.00345313,-0.504297,-0.0139931,0.0226736,-0.443056,0.0,0.0,1.0
0.0273438,-5.55112e-17,-0.511719,0.0,0.0319444,-0.451389,0.0,0.0,1.0
0.0256094,0.00294531,-0.514063,-0.00656944,0.0362778,-0.46875,0.0,0.0,1.0
0.0318672,0.00188281,-0.507227,-0.00677083,0.0252153,-0.466667,0.0,0.0,1.0
0.038125,0.000820312,-0.500391,-0.00696528,0.0141458,-0.464583,0.0,0.0,1.0
0.0265625,-5.55112e-17,-0.496875,0.0,0.0194444,-0.465278,0.0,0.0,1.0
0.021875,-1.11022e-16,-0.501562,0.0,0.0243056,-0.479861,0.0,0.0,1.0
0.0246953,0.00186719,-0.513281,-0.00374306,0.0390208,-0.501389,0.0,0.0,1.0
0.0347656,-5.55112e-17,-0.506641,0.0,0.0305556,-0.504167,0.0,0.0,1.0
0.0347656,-1.11022e-16,-0.505859,0.0,0.0229167,-0.499306,0.0,0.0,1.0
0.0338164,0.0004375,-0.499277,-0.00100694,0.0235278,-0.50459,0.0,0.0,1.0
0.0207031,-1.66533e-16,-0.501953,0.0,0.0340278,-0.522917,0.0,0.0,1.0
0.025748,5.27344e-05,-0.512217,-0.000322917,0.0416424,-0.534469,0.0,0.0,1.0
0.03125,-5.55112e-17,-0.517187,0.0,0.0375,-0.536111,0.0,0.0,1.0
0.0332148,0.000992188,-0.505457,-0.00420139,0.0247917,-0.543715,0.0,0.0,1.0
0.0362969,0.000714844,-0.501855,-0.00163889,0.0299861,-0.550958,0.0,0.0,1.0
0.0283066,0.000357422,-0.50874,-0.000819444,0.0365208,-0.569924,0.0,0.0,1.0
0.0203125,-1.11022e-16,-0.515625,0.0,0.0430556,-0.588889,0.0,0.0,1.0
0.0261719,-1.11022e-16,-0.512367,0.0,0.0372708,-0.587729,0.0,0.0,1.0
0.0320312,-1.11022e-16,-0.509117,0.0,0.0314792,-0.586576,0.0,0.0,1.0
0.0378906,-5.55112e-17,-0.505859,0.0,0.0256944,-0.585417,0.0,0.0,1.0
0.0269531,-1.66533e-16,-0.501953,0.0,0.0222222,-0.5875,0.0,0.0,1.0
0.0206094,0.00289453,-0.51209,-0.00605556,0.0311597,-0.601785,0.0,0.0,1.0
0.0138242,0.0124727,-0.521875,-0.0190069,0.0286736,-0.61875,0.0,0.0,1.0
0.0134668,-0.00569336,-0.518475,0.0069375,0.0349375,-0.611278,0.0,0.0,1.0
0.0146055,-0.00526172,-0.5125,0.00601736,0.0403924,-0.624997,0.0,0.0,1.0
0.00548828,-0.0231602,-0.504687,0.0177778,0.0225833,-0.618056,0.0,0.0,1.0
0.00580859,-0.0234219,-0.509668,0.0182847,0.0238264,-0.626389,0.0,0.0,1.0
0.00741797,-0.011457,-0.522414,0.020875,0.0128681,-0.622826,0.0,0.0,1.0
0.011582,0.00818359,-0.525133,-0.00867361,0.0345278,-0.639146,0.0,0.0,1.0
0.00939258,-0.00749805,-0.52199,0.00720833,0.0308889,-0.634306,0.0,0.0,1.0
0.0121719,-0.013832,-0.525926,0.0155556,0.0342153,-0.643479,0.0,0.0,1.0
0.0257207,0.000771484,-0.514373,-0.00465278,0.0134861,-0.618361,0.0,0.0,1.0
0.0282109,0.000238281,-0.519332,-0.00148611,0.0142917,-0.625139,0.0,0.0,1.0
0.028084,0.000103516,-0.517459,-0.000472222,0.0192431,-0.634535,0.0,0.0,1.0
0.014627,-0.000939453,-0.521193,0.00145139,0.0299236,-0.644083,0.0,0.0,1.0
0.0249902,0.00100586,-0.527205,-0.00303819,0.0261493,-0.643045,0.0,0.0,1.0
0.0394531,-1.11022e-16,-0.515234,0.0,0.0222222,-0.626389,0.0,0.0,1.0
0.0218789,0.00253906,-0.519066,-0.0123333,0.0142361,-0.616583,0.0,0.0,1.0
0.0351562,-5.55112e-17,-0.517187,0.0,0.0243056,-0.614583,0.0,0.0,1.0
0.027457,-0.000382812,-0.518715,0.00320833,0.0104236,-0.626979,0.0,0.0,1.0
0.0347344,-5.55112e-17,-0.518687,0.0,0.023875,-0.633097,0.0,0.0,1.0
0.0247031,-5.46875e-05,-0.520563,0.000277778,0.0155556,-0.627944,0.0,0.0,1.0
0.0355664,0.00192969,-0.517488,-0.00892708,0.0243021,-0.620635,0.0,0.0,1.0
0.0352148,0.00171484,-0.516891,-0.00793403,0.0239965,-0.613788,0.0,0.0,1.0
0.0348652,0.00150195,-0.517076,-0.0069375,0.0236875,-0.607292,0.0,0.0,1.0
0.0345176,0.00128711,-0.51726,-0.00595139,0.0233819,-0.600792,0.0,0.0,1.0
0.034166,0.00107227,-0.51601,-0.00495833,0.0230694,-0.594528,0.0,0.0,1.0
0.0338184,0.000857422,-0.51476,-0.00396875,0.0227604,-0.58826,0.0,0.0,1.0
0.0364238,0.00227148,-0.516443,-0.0106458,0.0244306,-0.584424,0.0,0.0,1.0
0.0326719,0.00356641,-0.518902,-0.0167951,0.0218438,-0.574573,0.0,0.0,1.0
0.0325449,0.0017832,-0.514725,-0.00839931,0.021684,-0.566802,0.0,0.0,1.0
0.0296836,0.00136328,-0.511992,-0.00698611,0.0182986,-0.536382,0.0,0.0,1.0
0.0330625,0.00113281,-0.511914,-0.00484375,0.0223854,-0.527892,0.0,0.0,1.0
0.033707,0.00226172,-0.511719,-0.00969444,0.0232431,-0.521757,0.0,0.0,1.0
0.0343516,0.00339844,-0.511523,-0.0145347,0.0241042,-0.515625,0.0,0.0,1.0
0.034084,0.00348633,-0.508811,-0.0147153,0.0243403,-0.497764,0.0,0.0,1.0
0.0338184,0.00357617,-0.5061,-0.0148958,0.0245833,-0.479896,0.0,0.0,1.0
0.0335527,0.00366602,-0.500482,-0.0150764,0.0248264,-0.476319,0.0,0.0,1.0
0.0332852,0.00375781,-0.497473,-0.0152569,0.0250625,-0.474139,0.0,0.0,1.0
0.0330195,0.00384375,-0.494465,-0.015441,0.0253021,-0.471948,0.0,0.0,1.0
0.0271914,-1.5625e-05,-0.491262,7.63889e-05,0.0202847,-0.467931,0.0,0.0,1.0
0.0184824,0.00234961,-0.497865,0.00501389,-0.0273403,-0.470437,0.0,0.0,1.0
0.0159629,-3.71094e-05,-0.494248,6.25e-05,0.0297569,-0.469889,0.0,0.0,1.0
0.0319531,0.00420312,-0.494141,-0.0161597,0.0262708,-0.454861,0.0,0.0,1.0
0.031666,0.00385352,-0.494205,-0.0148056,0.0265069,-0.447396,0.0,0.0,1.0
0.023502,-0.0012793,-0.490057,0.00313889,0.0302917,-0.452806,0.0,0.0,1.0
0.0210938,-5.55112e-17,-0.489844,0.0,0.0458333,-0.454167,0.0,0.0,1.0
0.0233086,-0.000558594,-0.489453,0.000965278,0.0427431,-0.449306,0.0,0.0,1.0
0.0363281,-5.55112e-17,-0.490234,0.0,0.0347222,-0.440278,0.0,0.0,1.0
0.0292188,0.000484375,-0.487891,-0.00236111,0.0189444,-0.428472,0.0,0.0,1.0
0.0139434,0.00832617,-0.492135,-0.0180556,0.0203264,-0.447201,0.0,0.0,1.0
0.0187109,-0.00139063,-0.501172,0.00292361,0.0280903,-0.447222,0.0,0.0,1.0
0.0281641,0.00310938,-0.496484,-0.0136458,0.0202847,-0.443056,0.0,0.0,1.0
0.0304688,-1.66533e-16,-0.49375,0.0,0.0152778,-0.4375,0.0,0.0,1.0
0.0252578,0.00146094,-0.500195,-0.00769444,0.0171667,-0.441667,0.0,0.0,1.0
0.0285156,-5.55112e-17,-0.504297,0.0,0.0291667,-0.465278,0.0,0.0,1.0
0.0230469,-1.11022e-16,-0.504297,0.0,0.0284722,-0.465972,0.0,0.0,1.0
0.03125,-1.11022e-16,-0.504687,0.0,0.025,-0.469444,0.0,0.0,1.0
0.0296875,-5.55112e-17,-0.503906,0.0,0.0201389,-0.46875,0.0,0.0,1.0
0.0292969,-5.55112e-17,-0.502734,0.0,0.0194444,-0.472222,0.0,0.0,1.0
0.0261719,-1.11022e-16,-0.509766,0.0,0.0270833,-0.495139,0.0,0.0,1.0
0.0195312,-5.55112e-17,-0.513281,0.0,0.0291667,-0.504167,0.0,0.0,1.0
0.0253906,-1.11022e-16,-0.513672,0.0,0.0319444,-0.506944,0.0,0.0,1.0
0.0308145,0.000123047,-0.518072,-0.000600694,0.0201215,-0.506212,0.0,0.0,1.0
0.0359375,-5.55112e-17,-0.508594,0.0,0.01875,-0.513194,0.0,0.0,1.0
0.019666,0.00133008,-0.507381,-0.00682292,0.0121285,-0.530781,0.0,0.0,1.0
0.0229082,-7.61719e-05,-0.517795,0.000243056,0.0220764,-0.541403,0.0,0.0,1.0
0.0134902,0.00151758,-0.520783,-0.00219792,0.0294132,-0.551753,0.0,0.0,1.0
0.0222656,-5.55112e-17,-0.522266,0.0,0.0291667,-0.552778,0.0,0.0,1.0
0.0273711,-0.00121094,-0.515824,0.00415972,0.0252014,-0.55325,0.0,0.0,1.0
0.0253906,-5.55112e-17,-0.508984,0.0,0.0173611,-0.547917,0.0,0.0,1.0
0.0238281,-1.11022e-16,-0.509766,0.0,0.0159722,-0.557639,0.0,0.0,1.0
0.0247168,-0.000376953,-0.513963,0.00190972,0.0154444,-0.567465,0.0,0.0,1.0
0.0263398,-0.00120703,-0.519789,0.00667361,0.0150556,-0.574146,0.0,0.0,1.0
0.0174727,-0.00108203,-0.524414,0.00321181,0.018559,-0.578052,0.0,0.0,1.0
0.0285156,-1.11022e-16,-0.521484,0.0,0.0222222,-0.575,0.0,0.0,1.0
0.0324219,-1.11022e-16,-0.516016,0.0,0.0145833,-0.567361,0.0,0.0,1.0
0.0277344,-5.55112e-17,-0.513672,0.0,0.01875,-0.567361,0.0,0.0,1.0
0.0269531,-1.11022e-16,-0.509766,0.0,0.0180556,-0.565278,0.0,0.0,1.0
0.0261719,-5.55112e-17,-0.511328,0.0,0.0166667,-0.569444,0.0,0.0,1.0
0.0231074,0.00343555,-0.522162,-0.0104201,0.0240729,-0.572469,0.0,0.0,1.0
0.0249961,0.00326172,-0.519141,-0.0107569,0.0224236,-0.564931,0.0,0.0,1.0
0.0286484,0.00139063,-0.516797,-0.00709028,0.0177986,-0.553472,0.0,0.0,1.0
0.0210938,-5.55112e-17,-0.521875,0.0,0.0173611,-0.549306,0.0,0.0,1.0
0.0264258,-0.000527344,-0.513672,0.00207639,0.0213542,-0.540972,0.0,0.0,1.0
0.0226309,5.27344e-05,-0.524936,-0.000305556,0.0120417,-0.549194,0.0,0.0,1.0
0.0183594,-5.55112e-17,-0.526953,0.0,0.01875,-0.546528,0.0,0.0,1.0
0.0191406,-5.55112e-17,-0.522266,0.0,0.01875,-0.542361,0.0,0.0,1.0
0.0315469,0.00184375,-0.523438,-0.00926389,0.0198333,-0.53125,0.0,0.0,1.0
0.0307852,0.00179297,-0.5125,-0.0101319,0.0172014,-0.523611,0.0,0.0,1.0
0.0240898,0.00244141,-0.514453,-0.00775694,0.0243819,-0.520486,0.0,0.0,1.0
0.0141719,0.000734375,-0.52368,-0.00117361,0.0279861,-0.528549,0.0,0.0,1.0
0.0200898,0.00367578,-0.517195,-0.0103542,0.0225417,-0.522396,0.0,0.0,1.0
0.00375781,-0.0341172,-0.514453,0.0164097,0.0247014,-0.50625,0.0,0.0,1.0
0.00617188,-0.0247539,-0.511137,0.0182917,0.0263889,-0.492125,0.0,0.0,1.0
0.0226445,0.00476953,-0.510781,-0.0165625,0.0245833,-0.48691,0.0,0.0,1.0
0.020918,0.00214453,-0.514844,-0.00440278,0.0322361,-0.493056,0.0,0.0,1.0
0.0249531,0.000148437,-0.513672,-0.000416667,0.0276389,-0.488889,0.0,0.0,1.0
0.0303633,0.00347266,-0.505078,-0.0157986,0.0210903,-0.472222,0.0,0.0,1.0
0.0304961,0.00208984,-0.503516,-0.0111528,0.0181389,-0.461944,0.0,0.0,1.0
0.0273262,0.00179883,-0.497686,-0.00835417,0.0185764,-0.460208,0.0,0.0,1.0
0.023293,0.00272656,-0.493246,-0.0100069,0.0200556,-0.46091,0.0,0.0,1.0
0.0328125,0.00065625,-0.5,-0.00490972,0.0238125,-0.45,0.0,0.0,1.0
0.0371094,0.0013125,-0.500391,-0.00981944,0.0156806,-0.434722,0.0,0.0,1.0
0.0270742,0.00358984,-0.503516,-0.0147361,0.0208333,-0.428472,0.0,0.0,1.0
0.0191367,0.000152344,-0.502578,-0.000274306,0.033816,-0.448698,0.0,0.0,1.0
0.0281445,0.00207422,-0.49375,-0.00592361,0.0311319,-0.433333,0.0,0.0,1.0
0.0291523,0.00173828,-0.494531,-0.0101042,0.0158681,-0.425,0.0,0.0,1.0
0.0349863,0.0015957,-0.493311,-0.0088125,0.0214931,-0.430208,0.0,0.0,1.0
0.0254355,0.00158789,-0.495127,-0.00633333,0.0201528,-0.441819,0.0,0.0,1.0
0.0241953,0.00216406,-0.496984,-0.0100938,0.0163993,-0.444858,0.0,0.0,1.0
0.00296094,-0.0332187,-0.492188,0.0161667,0.0192222,-0.442361,0.0,0.0,1.0
0.0218789,0.00150391,-0.493227,-0.00564583,0.0215278,-0.44291,0.0,0.0,1.0
0.0225195,0.00284766,-0.490148,-0.00881944,0.0249722,-0.452681,0.0,0.0,1.0
0.0201426,0.00207617,-0.494908,-0.00685764,0.0192674,-0.460719,0.0,0.0,1.0
0.0208789,0.00216016,-0.500313,-0.00513194,0.0277917,-0.46666,0.0,0.0,1.0
0.0219766,0.0031875,-0.496727,-0.0105833,0.0209236,-0.465535,0.0,0.0,1.0
0.0253555,-0.00148828,-0.492242,0.00941319,0.012684,-0.464517,0.0,0.0,1.0
0.024375,0.000703125,-0.489898,-0.00213889,0.0234236,-0.465285,0.0,0.0,1.0
0.021457,0.002375,-0.496254,-0.00744444,0.0216528,-0.488444,0.0,0.0,1.0
0.000890625,-0.0135117,-0.506387,0.0237222,0.00160417,-0.493632,0.0,0.0,1.0
0.0186641,-0.000363281,-0.507105,0.000965278,0.0223542,-0.491569,0.0,0.0,1.0
0.0289063,-1.11022e-16,-0.501562,0.0,0.0201389,-0.500694,0.0,0.0,1.0
0.0206426,9.76562e-06,-0.50015,-4.16667e-05,0.0164306,-0.505667,0.0,0.0,1.0
0.0203711,-0.000113281,-0.496773,0.000548611,0.0130764,-0.511014,0.0,0.0,1.0
0.0195312,-1.11022e-16,-0.510156,0.0,0.0277778,-0.534722,0.0,0.0,1.0
0.00674609,-0.0117344,-0.506207,0.0104792,0.0238819,-0.543903,0.0,0.0,1.0
0.0195977,0.00414844,-0.500816,-0.0207361,0.0123889,-0.547222,0.0,0.0,1.0
0.023998,0.00344336,-0.5006,-0.011566,0.021059,-0.547587,0.0,0.0,1.0
0.0245039,0.00430078,-0.505516,-0.0143681,0.0219028,-0.54509,0.0,0.0,1.0
0.016084,0.00426367,-0.498998,-0.0188403,0.0115069,-0.571347,0.0,0.0,1.0
0.00933594,-0.00977344,-0.506453,0.0117292,0.0245764,-0.570736,0.0,0.0,1.0
0.00917383,-0.00461523,-0.50417,0.00429514,0.0311493,-0.587358,0.0,0.0,1.0
0.0130781,-0.0102578,-0.502344,0.0140486,0.0302431,-0.585764,0.0,0.0,1.0
0.00374609,-0.028668,-0.502734,0.0171736,0.0197708,-0.580556,0.0,0.0,1.0
0.0222656,-1.11022e-16,-0.494922,0.0,0.01875,-0.572917,0.0,0.0,1.0
0.00410547,-0.0192617,-0.498555,0.0146111,0.0167083,-0.585069,0.0,0.0,1.0
0.0221836,0.00380078,-0.503984,-0.0135694,0.0190278,-0.590278,0.0,0.0,1.0
0.0126328,0.00467578,-0.507176,-0.0076875,0.0242986,-0.59875,0.0,0.0,1.0
0.0148281,0.00328906,-0.511328,-0.00709722,0.0217292,-0.599937,0.0,0.0,1.0
0.00338672,-0.0331914,-0.508984,0.0169583,0.0209722,-0.588194,0.0,0.0,1.0
0.00377148,-0.0287402,-0.505787,0.0147847,0.0232569,-0.583778,0.0,0.0,1.0
0.0175781,-1.11022e-16,-0.509766,0.0,0.0236111,-0.580556,0.0,0.0,1.0
0.0222188,0.00161328,-0.50434,-0.0105937,0.0106979,-0.585031,0.0,0.0,1.0
0.0253906,-5.55112e-17,-0.511328,0.0,0.0173611,-0.585417,0.0,0.0,1.0
0.0238398,0.00238672,-0.505859,-0.0065,0.0276944,-0.586806,0.0,0.0,1.0
0.00228125,-0.0385781,-0.507031,0.0160903,0.0173125,-0.567361,0.0,0.0,1.0
0.0219824,0.0032207,-0.510721,-0.0125417,0.0178472,-0.553167,0.0,0.0,1.0
0.0166543,0.00127148,-0.507158,-0.00322569,0.0207882,-0.544059,0.0,0.0,1.0
0.0222656,-1.11022e-16,-0.509766,0.0,0.0166667,-0.544444,0.0,0.0,1.0
0.0243281,0.0005,-0.512922,-0.00166667,0.0229861,-0.548014,0.0,0.0,1.0
0.0325586,0.00162109,-0.512891,-0.00930556,0.0179028,-0.530556,0.0,0.0,1.0
0.0326504,0.0014668,-0.509506,-0.00826042,0.0185799,-0.517649,0.0,0.0,1.0
0.0272109,0.002125,-0.506641,-0.00842361,0.0216875,-0.502083,0.0,0.0,1.0
0.0227617,-0.000628906,-0.505734,0.003,0.0151181,-0.495688,0.0,0.0,1.0
0.0156133,-0.000300781,-0.511719,0.000902778,0.0164931,-0.484174,0.0,0.0,1.0
0.025293,-0.000945312,-0.513652,0.00377778,0.0209306,-0.481597,0.0,0.0,1.0
0.0269336,-0.000871094,-0.511758,0.00359028,0.0225903,-0.469444,0.0,0.0,1.0
0.0265625,-1.11022e-16,-0.514844,0.0,0.0138889,-0.452778,0.0,0.0,1.0
0.0191406,-5.55112e-17,-0.508984,0.0,0.0208333,-0.452778,0.0,0.0,1.0
0.0183594,-1.11022e-16,-0.510547,0.0,0.0263889,-0.455556,0.0,0.0,1.0
0.0296875,-1.11022e-16,-0.507812,0.0,0.0201389,-0.440972,0.0,0.0,1.0
0.0261719,-1.11022e-16,-0.502734,0.0,0.0131944,-0.429861,0.0,0.0,1.0
0.0221758,0.000808594,-0.500391,-0.00274306,0.0207153,-0.425694,0.0,0.0,1.0
0.0191406,-5.55112e-17,-0.506641,0.0,0.0277778,-0.427778,0.0,0.0,1.0
0.0359375,-1.66533e-16,-0.499219,0.0,0.0159722,-0.425694,0.0,0.0,1.0
0.0222656,-1.11022e-16,-0.494922,0.0,0.01875,-0.414583,0.0,0.0,1.0
0.0222656,-1.11022e-16,-0.496484,0.0,0.01875,-0.422917,0.0,0.0,1.0
0.014543,0.000523438,-0.496832,-0.000760417,0.0316493,-0.439892,0.0,0.0,1.0
0.0230469,-1.11022e-16,-0.494922,0.0,0.03125,-0.438194,0.0,0.0,1.0
0.0355469,-5.55112e-17,-0.484766,0.0,0.0180556,-0.406944,0.0,0.0,1.0
0.018,-0.000609375,-0.483711,0.00204514,0.0168924,-0.402781,0.0,0.0,1.0
0.015625,0.00660938,-0.482273,-0.0167222,0.0195208,-0.419549,0.0,0.0,1.0
0.0120176,-0.00402539,-0.481779,0.005,0.0305625,-0.424937,0.0,0.0,1.0
0.0246094,-5.55112e-17,-0.473828,0.0,0.0270833,-0.429861,0.0,0.0,1.0
0.0356836,0.00159766,-0.470313,-0.00697917,0.0258958,-0.402778,0.0,0.0,1.0
0.0189883,0.00102734,-0.466797,-0.00221528,0.0278403,-0.397917,0.0,0.0,1.0
0.0245859,-5.85937e-05,-0.468738,0.000201389,0.0221458,-0.420847,0.0,0.0,1.0
0.01875,-5.55112e-17,-0.471875,0.0,0.0256944,-0.429861,0.0,0.0,1.0
0.0270352,0.00274609,-0.471484,-0.00779861,0.0301042,-0.432639,0.0,0.0,1.0
0.00416797,-0.0379727,-0.464844,0.0168819,0.0296458,-0.406944,0.0,0.0,1.0
0.025918,0.00134766,-0.460156,-0.00479167,0.0230417,-0.40625,0.0,0.0,1.0
0.0258281,0.00164062,-0.467156,-0.00585417,0.0229375,-0.416319,0.0,0.0,1.0
0.0263945,0.00359766,-0.473383,-0.0172812,0.0173576,-0.433066,0.0,0.0,1.0
0.0223477,0.00438672,-0.475781,-0.0110556,0.0280139,-0.435417,0.0,0.0,1.0
0.00604687,-0.0340703,-0.475781,0.0212014,0.0307292,-0.425694,0.0,0.0,1.0
0.00636523,-0.0303574,-0.477295,0.0195417,0.0313681,-0.413368,0.0,0.0,1.0
0.0192852,0.00516406,-0.484754,-0.0178785,0.0176076,-0.418934,0.0,0.0,1.0
0.00187695,-0.0295996,-0.495393,0.0177986,0.00986806,-0.432389,0.0,0.0,1.0
0.017459,0.00828711,-0.493623,-0.0175139,0.0261111,-0.447861,0.0,0.0,1.0
0.00575781,-0.0316797,-0.513281,0.02125,0.0271389,-0.433333,0.0,0.0,1.0
0.00446484,-0.0382227,-0.522656,0.0176944,0.0305139,-0.420139,0.0,0.0,1.0
0.0253184,0.00457227,-0.529404,-0.0174167,0.021,-0.417458,0.0,0.0,1.0
0.0210547,0.00513281,-0.54307,-0.0174931,0.0195278,-0.433215,0.0,0.0,1.0
0.0252559,-0.000306641,-0.549619,0.000857639,0.0285521,-0.450851,0.0,0.0,1.0
0.0254727,0.0096875,-0.569621,-0.0228576,0.0341146,-0.451497,0.0,0.0,1.0
0.00711328,-0.036457,-0.58125,0.0207222,0.0395556,-0.450694,0.0,0.0,1.0
0.0288828,0.00403125,-0.599297,-0.0180833,0.0187083,-0.433056,0.0,0.0,1.0
0.00482227,-0.026873,-0.616162,0.0167083,0.0245,-0.434097,0.0,0.0,1.0
0.0219453,0.00399219,-0.627891,-0.0115903,0.0238889,-0.454271,0.0,0.0,1.0
0.0184844,0.00341406,-0.652773,-0.00422917,0.0472083,-0.47916,0.0,0.0,1.0
0.0191973,-0.0102715,-0.659924,0.0176875,0.0352292,-0.479681,0.0,0.0,1.0
0.0304688,-5.55112e-17,-0.6875,0.0,0.0229167,-0.467361,0.0,0.0,1.0
0.0257812,-1.66533e-16,-0.704687,0.0,0.0201389,-0.453472,0.0,0.0,1.0
0.0256602,0.00426172,-0.724125,-0.0158472,0.0260139,-0.46075,0.0,0.0,1.0
0.0218164,-0.00464453,-0.751562,0.00682639,0.0469097,-0.513194,0.0,0.0,1.0
0.0252187,-0.00255469,-0.770312,0.00426389,0.0477778,-0.517361,0.0,0.0,1.0
0.0189492,-0.00196484,-0.791219,0.00313889,0.0374792,-0.51041,0.0,0.0,1.0
0.0234375,0.000554688,-0.811719,-0.00138889,0.0294167,-0.495833,0.0,0.0,1.0
0.0208887,0.000982422,-0.83267,-0.00603472,0.0107292,-0.491958,0.0,0.0,1.0
0.0269805,-0.00255859,-0.871484,0.0107153,0.0203681,-0.507639,0.0,0.0,1.0
0.0228867,-0.00209766,-0.889641,0.00938194,0.0161667,-0.519938,0.0,0.0,1.0
0.0219318,-0.00142441,-0.91117,0.00301389,0.0327153,-0.537493,0.0,0.0,1.0
0.0151215,-0.00967461,-0.930647,0.0101597,0.0455278,-0.557104,0.0,0.0,1.0
