0.0492589,-0.0100446,0.0213929,0.00640937,0.422109,-0.156448,0.0,0.0,1.0
0.0545089,-0.0125893,0.0204821,0.00943125,0.396612,-0.17295,0.0,0.0,1.0
0.0542411,0.0013125,0.0219643,-0.000928125,0.417084,-0.181765,0.0,0.0,1.0
0.0560357,-0.00991071,0.02625,0.00754063,0.402059,-0.176998,0.0,0.0,1.0
0.0619554,3.46945e-18,0.0275536,0.0,0.421875,-0.158333,0.0,0.0,1.0
0.0481339,-0.024375,0.0272321,0.0151031,0.423597,-0.156065,0.0,0.0,1.0
0.0582723,-0.0322634,0.0212946,0.0259406,0.394566,-0.161585,0.0,0.0,1.0
0.0473705,0.00563839,0.0250268,-0.00351875,0.411419,-0.182362,0.0,0.0,1.0
0.0493393,0.0226607,0.0268571,-0.0145187,0.418638,-0.181092,0.0,0.0,1.0
0.0550179,0.0289821,0.03125,-0.0204969,0.423559,-0.177123,0.0,0.0,1.0
0.064058,-0.0274152,0.0255804,0.0239969,0.398603,-0.168319,0.0,0.0,1.0
0.0571071,0.00166071,0.0266786,-0.0012375,0.421356,-0.156321,0.0,0.0,1.0
0.0626384,-0.00555804,0.0295804,0.00450312,0.420728,-0.177069,0.0,0.0,1.0
0.0618616,0.00119196,0.0269554,-0.00094375,0.423075,-0.181342,0.0,0.0,1.0
0.0539196,-0.0302411,0.0282143,0.0216906,0.409447,-0.197673,0.0,0.0,1.0
0.059692,-0.0143705,0.0256339,0.0101969,0.457466,-0.175602,0.0,0.0,1.0
0.0608973,-0.0158973,0.0234554,0.0122281,0.431903,-0.154852,0.0,0.0,1.0
0.0632545,-0.020183,0.0229196,0.0161906,0.429272,-0.15014,0.0,0.0,1.0
0.0603214,-0.0308304,0.0260893,0.0240688,0.420656,-0.168479,0.0,0.0,1.0
0.058875,0.000455357,0.0255179,-0.000371875,0.403897,-0.183515,0.0,0.0,1.0
0.0632143,-0.0342054,0.0239107,0.031775,0.370012,-0.203425,0.0,0.0,1.0
0.0593973,-0.0107545,0.0221875,0.00844062,0.411934,-0.175915,0.0,0.0,1.0
0.0574554,-0.00883929,0.0256964,0.00655,0.423169,-0.173238,0.0,0.0,1.0
0.0519375,0.00219643,0.0347321,-0.00149062,0.420959,-0.157556,0.0,0.0,1.0
0.0597455,0.00293304,0.0294911,-0.0022,0.432112,-0.1707,0.0,0.0,1.0
0.0591563,-0.0100848,0.0295625,0.0079875,0.407412,-0.197192,0.0,0.0,1.0
0.0581384,-0.00850446,0.0390804,0.00612812,0.438303,-0.158369,0.0,0.0,1.0
0.0636696,-0.0061875,0.0287857,0.0052625,0.408625,-0.181417,0.0,0.0,1.0
0.0620357,-0.0216696,0.0279821,0.0177906,0.411809,-0.186831,0.0,0.0,1.0
0.065933,-0.0397902,0.0211518,0.0329875,0.433106,-0.169404,0.0,0.0,1.0
0.0630804,-0.000857143,0.0292321,0.00068125,0.439706,-0.188012,0.0,0.0,1.0
0.0596652,-0.0104866,0.0259554,0.008125,0.419587,-0.203975,0.0,0.0,1.0
0.060375,-0.0264911,0.0265893,0.0196906,0.442041,-0.190319,0.0,0.0,1.0
0.064942,-0.00285268,0.0281339,0.00225938,0.444566,-0.177544,0.0,0.0,1.0
0.0625848,-0.00172768,0.0295982,0.0013875,0.422194,-0.181963,0.0,0.0,1.0
0.0593036,0.0420804,0.0334821,-0.0328063,0.414244,-0.194454,0.0,0.0,1.0
0.0564911,-0.0259286,0.0243393,0.0187531,0.425028,-0.191269,0.0,0.0,1.0
0.0627054,-0.0304286,0.0269821,0.0265625,0.391044,-0.214821,0.0,0.0,1.0
0.0664554,-0.0347946,0.0265357,0.0355125,0.354369,-0.213996,0.0,0.0,1.0
0.065692,-0.000522321,0.0275804,0.000425,0.444625,-0.191542,0.0,0.0,1.0
0.0636161,-0.0301339,0.0208571,0.0243125,0.4293,-0.174908,0.0,0.0,1.0
0.0604955,-0.0319152,0.0238661,0.024,0.438031,-0.174771,0.0,0.0,1.0
0.0599464,-0.00966964,0.0224464,0.00733125,0.428863,-0.1852,0.0,0.0,1.0
0.0543214,-0.00254464,0.0240536,0.00169062,0.443141,-0.187552,0.0,0.0,1.0
0.0560491,-0.00429911,0.0222232,0.00301563,0.433247,-0.179748,0.0,0.0,1.0
0.0683839,0.0280982,0.0298571,-0.0240563,0.434831,-0.193929,0.0,0.0,1.0
0.0711161,-0.0282321,0.0203036,0.02795,0.390938,-0.182583,0.0,0.0,1.0
0.071625,-0.0513482,0.0176607,0.0498719,0.401566,-0.17196,0.0,0.0,1.0
0.0756964,-0.0477857,0.01725,0.0517281,0.380766,-0.189344,0.0,0.0,1.0
0.0728304,-0.0404464,0.0196964,0.0379938,0.422156,-0.179438,0.0,0.0,1.0
0.0684643,-0.0233571,0.0281071,0.0203812,0.427063,-0.180708,0.0,0.0,1.0
0.0677946,-0.00305357,0.0256607,0.00255625,0.442706,-0.178846,0.0,0.0,1.0
0.0688929,0.0280446,0.0308393,-0.0240813,0.436275,-0.173058,0.0,0.0,1.0
0.0522723,0.00282589,0.0234018,-0.001825,0.436856,-0.176862,0.0,0.0,1.0
0.0586071,-0.016875,0.0170714,0.0125406,0.430178,-0.189994,0.0,0.0,1.0
0.067808,-0.0258348,0.0214018,0.0252563,0.377456,-0.211637,0.0,0.0,1.0
0.0612857,-0.00294643,0.0195357,0.00223438,0.443184,-0.182623,0.0,0.0,1.0
0.0629866,-0.00679018,0.0187411,0.00530625,0.439856,-0.177862,0.0,0.0,1.0
0.0651429,0.00425893,0.018625,-0.003375,0.44745,-0.171467,0.0,0.0,1.0
0.0604955,-0.0352902,0.0161161,0.0288781,0.402459,-0.17114,0.0,0.0,1.0
0.0618348,-0.0245491,0.0168125,0.0182094,0.453284,-0.169565,0.0,0.0,1.0
0.0647946,0.0121071,0.0230893,-0.00980625,0.434938,-0.179917,0.0,0.0,1.0
0.0643393,-0.0268661,0.0134464,0.0203656,0.462484,-0.165823,0.0,0.0,1.0
0.0654643,-0.0271875,0.018375,0.022075,0.438581,-0.160179,0.0,0.0,1.0
0.0710089,-0.0356786,0.011125,0.03175,0.434569,-0.164296,0.0,0.0,1.0
0.0619821,-0.0197679,0.0146071,0.0167344,0.399078,-0.191719,0.0,0.0,1.0
0.0631071,-0.0214286,0.0119643,0.0171719,0.429316,-0.178835,0.0,0.0,1.0
0.069442,-0.0226205,0.00897321,0.0207844,0.412047,-0.185156,0.0,0.0,1.0
0.0738348,0.0460313,0.0180625,-0.042175,0.438875,-0.163958,0.0,0.0,1.0
0.0698705,0.00172768,0.0110982,-0.00145313,0.449966,-0.166352,0.0,0.0,1.0
0.0728571,-0.00235714,0.0120357,0.00199375,0.469681,-0.151121,0.0,0.0,1.0
0.0747857,-0.0258482,0.00626786,0.0266219,0.395497,-0.192331,0.0,0.0,1.0
0.0780938,-0.041933,0.000883929,0.0394125,0.452487,-0.172533,0.0,0.0,1.0
0.0703661,-0.0331875,0.00442857,0.0312,0.407456,-0.188263,0.0,0.0,1.0
0.0692679,0.0510536,0.0174286,-0.0470656,0.409147,-0.17564,0.0,0.0,1.0
0.0717589,0.0473304,0.01225,-0.0459469,0.402472,-0.170523,0.0,0.0,1.0
0.0722946,0.0582321,0.00908929,-0.0659313,0.347769,-0.205388,0.0,0.0,1.0
0.0743839,0.0495,0.013375,-0.0492469,0.407034,-0.174773,0.0,0.0,1.0
0.076125,-0.0134464,-3.57143e-05,0.0123187,0.452219,-0.161521,0.0,0.0,1.0
0.0679821,0.00610714,0.00296429,-0.00493125,0.459169,-0.181321,0.0,0.0,1.0
0.0705804,-0.00578571,-0.00116071,0.00517813,0.430272,-0.184473,0.0,0.0,1.0
0.0726161,-0.0310982,0.000464286,0.0290531,0.423341,-0.173102,0.0,0.0,1.0
0.0719464,-0.0507321,-0.00510714,0.0488,0.407344,-0.162188,0.0,0.0,1.0
0.0777054,-0.0455893,-0.00533929,0.0487938,0.3954,-0.195892,0.0,0.0,1.0
0.0727768,-0.00227679,-0.00239286,0.00199375,0.452925,-0.182533,0.0,0.0,1.0
0.0649018,-0.0369107,-0.00330357,0.0305,0.427744,-0.204079,0.0,0.0,1.0
0.0762054,-0.0426161,-0.00735714,0.0423594,0.417691,-0.19521,0.0,0.0,1.0
0.0796875,-0.0345536,-0.0108036,0.0391094,0.383359,-0.184656,0.0,0.0,1.0
0.0802768,-0.0355446,-0.00871429,0.039,0.3983,-0.1857,0.0,0.0,1.0
0.0762991,-0.0227009,-0.0113661,0.0212969,0.443128,-0.17896,0.0,0.0,1.0
0.0811339,-0.0326518,-0.0146786,0.0324406,0.444416,-0.168985,0.0,0.0,1.0
0.0782679,-0.0104732,-0.0116964,0.0100531,0.443991,-0.172285,0.0,0.0,1.0
0.0698036,-0.002625,-0.00457143,0.00224688,0.447291,-0.157194,0.0,0.0,1.0
0.0750134,0.0143705,0.0040625,-0.0131437,0.445769,-0.148512,0.0,0.0,1.0
0.0761384,-0.0136741,0.00399107,0.0125625,0.451412,-0.1144,0.0,0.0,1.0
0.0728705,0.0389598,0.0130446,-0.0353125,0.437906,-0.0977292,0.0,0.0,1.0
0.0755893,-0.0181071,0.00364286,0.0168719,0.441878,-0.0813354,0.0,0.0,1.0
0.0665223,0.000683036,0.00590179,-0.000515625,0.464584,-0.0808062,0.0,0.0,1.0
0.0702857,-0.0153482,0.0103036,0.0124594,0.470684,-0.0635813,0.0,0.0,1.0
0.0720268,-0.000428571,0.0135179,0.000328125,0.484903,-0.0571438,0.0,0.0,1.0
0.0747589,-0.0249375,0.00632143,0.0216969,0.467772,-0.0647229,0.0,0.0,1.0
0.0800491,-0.0221652,0.00529464,0.0233531,0.413959,-0.0853896,0.0,0.0,1.0
0.0742232,-0.0163393,0.000839286,0.0146156,0.451641,-0.0810104,0.0,0.0,1.0
0.0807187,-0.0421205,-0.00186607,0.0483125,0.383181,-0.0857458,0.0,0.0,1.0
0.0763929,-0.0470089,-0.00783929,0.0442344,0.442134,-0.0385896,0.0,0.0,1.0
0.0816429,-0.0563571,-0.0154286,0.0598781,0.418322,-0.0672146,0.0,0.0,1.0
0.0831563,-0.0361205,-0.0105804,0.0437969,0.373497,-0.115956,0.0,0.0,1.0
0.0778393,-0.0496875,-0.0139821,0.0498781,0.422134,-0.110423,0.0,0.0,1.0
0.0732589,-0.0541607,-0.0188036,0.0424875,0.508613,-0.0824083,0.0,0.0,1.0
0.0807589,0.0523125,-0.00171429,-0.0474625,0.484544,-0.0944042,0.0,0.0,1.0
0.0794196,-0.0548839,-0.0174643,0.0514219,0.461672,-0.10449,0.0,0.0,1.0
0.0816429,-0.052875,-0.0177143,0.0521875,0.45035,-0.112858,0.0,0.0,1.0
0.077933,-0.0469955,-0.0196696,0.0471906,0.422553,-0.126744,0.0,0.0,1.0
0.0754152,0.00100446,-0.0106696,-0.0008125,0.513188,-0.08875,0.0,0.0,1.0
0.0811875,-0.0401786,-0.0197321,0.0380844,0.466097,-0.106606,0.0,0.0,1.0
0.0799018,-0.0249643,-0.0157321,0.0248937,0.435769,-0.134429,0.0,0.0,1.0
0.0845223,-0.0237723,-0.00374107,0.0277687,0.393819,-0.142546,0.0,0.0,1.0
0.0764464,0.0357054,0.00180357,-0.0391813,0.379438,-0.156417,0.0,0.0,1.0
0.0897857,-0.0471964,0.00207143,0.0526,0.4388,-0.112867,0.0,0.0,1.0
0.0755357,-0.0339911,0.00598214,0.0291344,0.479672,-0.106698,0.0,0.0,1.0
0.0781607,-0.0446518,0.00973214,0.0429406,0.442441,-0.133585,0.0,0.0,1.0
0.0814018,-0.0560357,0.0160179,0.0607781,0.408303,-0.151119,0.0,0.0,1.0
0.0838125,-0.0474911,0.0223571,0.0561437,0.385794,-0.156196,0.0,0.0,1.0
0.0821652,-0.0646205,0.0249375,0.0812656,0.355609,-0.16174,0.0,0.0,1.0
0.0837321,-0.0521518,0.026625,0.0553281,0.429459,-0.117181,0.0,0.0,1.0
0.0896786,0.0658125,0.0402321,-0.0728594,0.441103,-0.122485,0.0,0.0,1.0
0.0762589,-0.0381964,0.0304821,0.0328594,0.482884,-0.11509,0.0,0.0,1.0
0.0784286,-0.0462321,0.0288571,0.0406031,0.486466,-0.0962271,0.0,0.0,1.0
0.0793929,-0.0501696,0.032125,0.0536937,0.403937,-0.13575,0.0,0.0,1.0
0.0819375,0.0501161,0.0484286,-0.0483188,0.462681,-0.110913,0.0,0.0,1.0
0.0855268,0.0492589,0.0499286,-0.0501656,0.457522,-0.10339,0.0,0.0,1.0
0.0852321,0.0412768,0.0492679,-0.0391406,0.489284,-0.103356,0.0,0.0,1.0
0.0867054,-0.0420804,0.0429643,0.0456969,0.434753,-0.140877,0.0,0.0,1.0
0.0862902,0.0584062,0.0491518,-0.0583,0.470606,-0.115196,0.0,0.0,1.0
0.0906563,-0.0408348,0.0465625,0.0491281,0.410159,-0.139106,0.0,0.0,1.0
0.0891562,-0.0396563,0.0418304,0.03835,0.502225,-0.0890667,0.0,0.0,1.0
0.0841071,-0.0156696,0.0391607,0.0138125,0.519494,-0.0922875,0.0,0.0,1.0
0.0902277,-0.0260491,0.0408304,0.0252406,0.507278,-0.113435,0.0,0.0,1.0
0.0916875,-0.0475982,0.0415357,0.0522938,0.454562,-0.122333,0.0,0.0,1.0
0.0949688,-0.0567991,0.0481875,0.0720969,0.407478,-0.140985,0.0,0.0,1.0
0.0916339,-0.0699643,0.0474464,0.0790688,0.441537,-0.101983,0.0,0.0,1.0
0.0889286,-0.0518036,0.0544643,0.0550156,0.455722,-0.122315,0.0,0.0,1.0
0.0762054,-0.0310982,0.0530357,0.024875,0.518794,-0.0929458,0.0,0.0,1.0
0.0827143,-0.0358661,0.057875,0.0316781,0.510053,-0.100827,0.0,0.0,1.0
0.08025,-0.0276429,0.0596786,0.0256188,0.471406,-0.134021,0.0,0.0,1.0
0.0804107,-0.0379554,0.0630179,0.0369969,0.449053,-0.137619,0.0,0.0,1.0
0.0878304,-0.0520179,0.0620893,0.0609187,0.408375,-0.132542,0.0,0.0,1.0
0.0861429,-0.0494464,0.05775,0.0507625,0.456719,-0.104062,0.0,0.0,1.0
0.0848571,0.0391339,0.0761607,-0.0366938,0.492894,-0.0957208,0.0,0.0,1.0
0.0838795,-0.0267991,0.0588839,0.0250625,0.48845,-0.0938417,0.0,0.0,1.0
0.0812813,-0.0431384,0.0698125,0.0385031,0.495797,-0.0814479,0.0,0.0,1.0
0.0870268,-0.0177857,0.079375,0.0172406,0.489122,-0.0847479,0.0,0.0,1.0
0.0869196,0.0537857,0.0825893,-0.0532937,0.47785,-0.0981917,0.0,0.0,1.0
0.091058,0.051308,0.0850625,-0.0536813,0.474037,-0.0919833,0.0,0.0,1.0
0.0871875,-0.0426429,0.077875,0.0409906,0.493853,-0.0973188,0.0,0.0,1.0
0.0937366,-0.0492188,0.0751518,0.054775,0.458419,-0.120529,0.0,0.0,1.0
0.090375,0.0647679,0.08975,-0.0690844,0.461097,-0.0959396,0.0,0.0,1.0
0.0919152,-0.039442,0.0803482,0.0466125,0.423594,-0.135646,0.0,0.0,1.0
0.0871339,-0.0282857,0.0815536,0.0269781,0.497928,-0.113535,0.0,0.0,1.0
0.0882723,-0.0357991,0.0736875,0.03585,0.480262,-0.139425,0.0,0.0,1.0
0.092692,-0.0381562,0.0744554,0.0379875,0.507038,-0.145775,0.0,0.0,1.0
0.0869196,-0.0578304,0.0756786,0.0572437,0.478181,-0.157204,0.0,0.0,1.0
0.0893571,0.0475982,0.0924821,-0.0493156,0.469453,-0.19526,0.0,0.0,1.0
0.0940714,0.0708482,0.0895893,-0.0893375,0.406163,-0.213567,0.0,0.0,1.0
0.077933,-0.00443304,0.0982589,0.0038125,0.493975,-0.186692,0.0,0.0,1.0
0.082058,-0.039308,0.0899196,0.0353688,0.496513,-0.188842,0.0,0.0,1.0
0.0787232,0.0406339,0.100143,-0.0345656,0.503622,-0.203623,0.0,0.0,1.0
0.0831429,-0.0331071,0.0853214,0.0316625,0.473694,-0.239588,0.0,0.0,1.0
0.0867723,0.000790179,0.0971518,-0.00069375,0.534006,-0.192463,0.0,0.0,1.0
0.0862232,-0.0430179,0.0920179,0.0467406,0.432028,-0.227769,0.0,0.0,1.0
0.0872277,-0.0624509,0.0865446,0.0677437,0.437919,-0.207862,0.0,0.0,1.0
0.0832098,-0.0538527,0.0823125,0.0513063,0.475519,-0.191221,0.0,0.0,1.0
0.0852589,0.0433393,0.098625,-0.0403656,0.498472,-0.186148,0.0,0.0,1.0
0.0854464,-0.0643929,0.0851786,0.0656875,0.4559,-0.195308,0.0,0.0,1.0
0.0895313,0.0128438,0.0934554,-0.0117844,0.532703,-0.15651,0.0,0.0,1.0
0.0939241,0.0638973,0.0934732,-0.0806219,0.405328,-0.218469,0.0,0.0,1.0
0.0912589,0.000642857,0.0929821,-0.00056875,0.54295,-0.159925,0.0,0.0,1.0
0.0853929,-0.0421339,0.0877679,0.0366344,0.534428,-0.161202,0.0,0.0,1.0
0.0863571,-0.0456964,0.0891786,0.0425625,0.504506,-0.184962,0.0,0.0,1.0
0.0833304,-0.00701786,0.0934821,0.00575313,0.552947,-0.158881,0.0,0.0,1.0
0.0864375,-0.0252054,0.0941071,0.0231844,0.511759,-0.175548,0.0,0.0,1.0
0.088433,-0.0276295,0.0972589,0.0281156,0.473184,-0.19154,0.0,0.0,1.0
0.0875491,-0.0368973,0.0912946,0.033975,0.518037,-0.150775,0.0,0.0,1.0
0.0838795,0.000897321,0.102366,-0.00074375,0.561225,-0.1699,0.0,0.0,1.0
0.0865045,0.0527009,0.107777,-0.04905,0.506219,-0.182521,0.0,0.0,1.0
0.0765,-0.00254464,0.0987679,0.00187813,0.561484,-0.171156,0.0,0.0,1.0
0.0925179,-0.0460179,0.0904286,0.0424469,0.545953,-0.159844,0.0,0.0,1.0
0.0821652,-0.0376741,0.0985089,0.03225,0.522575,-0.159383,0.0,0.0,1.0
0.0807723,-0.0312455,0.10067,0.0266437,0.515375,-0.165583,0.0,0.0,1.0
0.0778125,0.00934821,0.121464,-0.00714687,0.552478,-0.159319,0.0,0.0,1.0
0.0687054,-0.0015,0.114768,0.001,0.564038,-0.166025,0.0,0.0,1.0
0.0767545,-0.0327188,0.105295,0.0265531,0.515097,-0.18969,0.0,0.0,1.0
0.0812679,-0.028125,0.103786,0.0245188,0.507044,-0.197446,0.0,0.0,1.0
0.0765268,-0.0282321,0.105446,0.0207531,0.566653,-0.144269,0.0,0.0,1.0
0.0741161,-0.0279911,0.106607,0.0203719,0.554334,-0.139306,0.0,0.0,1.0
0.0807857,-0.0200893,0.105321,0.0155656,0.567447,-0.151173,0.0,0.0,1.0
0.0820714,0.0347679,0.110179,-0.0273625,0.567719,-0.155896,0.0,0.0,1.0
0.078375,0.0013125,0.109411,-0.000990625,0.573797,-0.166698,0.0,0.0,1.0
0.0899866,-0.000549107,0.111384,0.00045625,0.573094,-0.151021,0.0,0.0,1.0
0.0828616,-0.0211205,0.102902,0.0172469,0.552597,-0.136565,0.0,0.0,1.0
0.0813884,-0.00743304,0.108652,0.005575,0.589294,-0.131488,0.0,0.0,1.0
0.0781607,-0.0353571,0.107643,0.0266969,0.563359,-0.137115,0.0,0.0,1.0
0.0854063,0.000522321,0.108991,-0.000428125,0.582391,-0.146469,0.0,0.0,1.0
0.08625,-0.0326786,0.104714,0.0264437,0.58025,-0.147292,0.0,0.0,1.0
0.0881518,-0.0505446,0.111143,0.0414969,0.584453,-0.135302,0.0,0.0,1.0
0.0854464,-0.0505982,0.110089,0.041125,0.57245,-0.130383,0.0,0.0,1.0
0.0767009,-0.0283259,0.104777,0.0198719,0.595366,-0.11191,0.0,0.0,1.0
0.0821786,-0.0234375,0.104375,0.0166813,0.628669,-0.106904,0.0,0.0,1.0
0.0805714,-0.0190982,0.104232,0.0141094,0.594066,-0.144294,0.0,0.0,1.0
0.0748125,-0.00147321,0.107393,0.00094375,0.625781,-0.124646,0.0,0.0,1.0
0.0818571,0.000535714,0.110536,-0.000378125,0.634322,-0.108715,0.0,0.0,1.0
0.0808527,-0.00108482,0.107098,0.000821875,0.579772,-0.131306,0.0,0.0,1.0
0.0827143,-0.04575,0.112,0.0358156,0.575197,-0.113173,0.0,0.0,1.0
0.0819241,-0.0545223,0.112598,0.0424219,0.573516,-0.112969,0.0,0.0,1.0
0.0837054,-0.00669643,0.125804,0.0049875,0.612969,-0.120396,0.0,0.0,1.0
0.0804375,-0.0296518,0.113893,0.021925,0.592406,-0.131062,0.0,0.0,1.0
0.0788304,-0.0271875,0.110036,0.0199562,0.584262,-0.142217,0.0,0.0,1.0
0.0859152,-0.0191384,0.113616,0.0140438,0.6384,-0.0800583,0.0,0.0,1.0
0.086558,-0.00512946,0.113366,0.00369687,0.653303,-0.0814938,0.0,0.0,1.0
0.0844554,-0.0304018,0.116071,0.021725,0.643938,-0.082625,0.0,0.0,1.0
0.0843214,-0.00171429,0.112179,0.0013,0.619819,-0.117087,0.0,0.0,1.0
0.0847768,-0.0091875,0.116357,0.00675313,0.627547,-0.107031,0.0,0.0,1.0
0.0737277,0.0183884,0.120223,-0.0124344,0.593959,-0.131431,0.0,0.0,1.0
0.0665625,0.000642857,0.126482,-0.000334375,0.670834,-0.0855146,0.0,0.0,1.0
0.075,-0.000241071,0.118268,0.00016875,0.665131,-0.0722958,0.0,0.0,1.0
0.0781205,0.0102455,0.117973,-0.00656875,0.662506,-0.0800458,0.0,0.0,1.0
0.0823125,2.77556e-17,0.127268,-1.38778e-17,0.700437,-0.0897083,0.0,0.0,1.0
0.0842946,2.77556e-17,0.139982,1.38778e-17,0.700813,-0.0955417,0.0,0.0,1.0
0.08625,1.38778e-17,0.141179,0.0,0.70125,-0.084,0.0,0.0,1.0
0.0882054,2.77556e-17,0.142339,1.38778e-17,0.701625,-0.0725,0.0,0.0,1.0
0.0901607,1.38778e-17,0.139964,0.0,0.702062,-0.076375,0.0,0.0,1.0
0.0921429,1.38778e-17,0.137571,2.77556e-17,0.7025,-0.08025,0.0,0.0,1.0
0.094125,1.38778e-17,0.135179,-1.38778e-17,0.702875,-0.0841667,0.0,0.0,1.0
0.0960804,2.77556e-17,0.137696,-2.77556e-17,0.703313,-0.086375,0.0,0.0,1.0
0.0980357,1.38778e-17,0.140214,1.38778e-17,0.70375,-0.0885833,0.0,0.0,1.0
0.100018,0.0,0.14275,0.0,0.704188,-0.0907917,0.0,0.0,1.0
0.101973,2.77556e-17,0.145268,-1.38778e-17,0.704562,-0.0929583,0.0,0.0,1.0
0.103929,2.77556e-17,0.147786,0.0,0.705,-0.0951667,0.0,0.0,1.0
0.105884,1.38778e-17,0.150304,-1.38778e-17,0.705437,-0.097375,0.0,0.0,1.0
0.107866,2.77556e-17,0.152839,-1.38778e-17,0.705875,-0.0995833,0.0,0.0,1.0
0.109821,2.77556e-17,0.155357,4.16334e-17,0.70625,-0.0541667,0.0,0.0,1.0
0.109821,2.77556e-17,0.155357,4.16334e-17,0.69375,-0.0625,0.0,0.0,1.0
0.109821,2.77556e-17,0.155964,-2.77556e-17,0.697937,-0.0694583,0.0,0.0,1.0
0.109821,2.77556e-17,0.156536,0.0,0.702062,-0.076375,0.0,0.0,1.0
0.109821,0.0,0.157143,-1.38778e-17,0.70625,-0.0708333,0.0,0.0,1.0
0.109821,2.77556e-17,0.15775,-1.38778e-17,0.710437,-0.0652917,0.0,0.0,1.0
0.109821,1.38778e-17,0.158321,0.0,0.714562,-0.0597083,0.0,0.0,1.0
0.109821,1.38778e-17,0.158929,-1.38778e-17,0.71875,-0.0541667,0.0,0.0,1.0
0.110277,2.77556e-17,0.157446,-1.38778e-17,0.690625,-0.0701667,0.0,0.0,1.0
0.110705,0.0,0.155946,0.0,0.6625,-0.0860833,0.0,0.0,1.0
0.111161,1.38778e-17,0.154464,-2.77556e-17,0.634375,-0.102083,0.0,0.0,1.0
0.111616,1.38778e-17,0.152982,-1.38778e-17,0.60625,-0.118083,0.0,0.0,1.0
0.112045,1.38778e-17,0.151482,-1.38778e-17,0.578125,-0.134,0.0,0.0,1.0
0.1125,1.38778e-17,0.15,0.0,0.55,-0.15,0.0,0.0,1.0
0.116973,2.77556e-17,0.149411,1.38778e-17,0.597938,-0.131958,0.0,0.0,1.0
0.12142,1.38778e-17,0.148804,-2.77556e-17,0.645813,-0.113875,0.0,0.0,1.0
0.125893,1.38778e-17,0.148214,-1.38778e-17,0.69375,-0.0958333,0.0,0.0,1.0
0.125705,0.0,0.149411,-1.38778e-17,0.7,-0.0900833,0.0,0.0,1.0
0.125518,1.38778e-17,0.150607,-1.38778e-17,0.70625,-0.0844167,0.0,0.0,1.0
0.12533,1.38778e-17,0.151804,-1.38778e-17,0.7125,-0.0786667,0.0,0.0,1.0
0.125116,1.38778e-17,0.153018,-2.77556e-17,0.71875,-0.073,0.0,0.0,1.0
0.124929,1.38778e-17,0.154214,0.0,0.725,-0.06725,0.0,0.0,1.0
0.124741,2.77556e-17,0.155411,0.0,0.73125,-0.0615833,0.0,0.0,1.0
0.124554,1.38778e-17,0.156607,-2.77556e-17,0.7375,-0.0558333,0.0,0.0,1.0
0.124366,1.38778e-17,0.157804,0.0,0.74375,-0.0500833,0.0,0.0,1.0
0.124179,0.0,0.159,0.0,0.75,-0.0444167,0.0,0.0,1.0
0.123991,2.77556e-17,0.160196,-2.77556e-17,0.75625,-0.0386667,0.0,0.0,1.0
0.123777,1.38778e-17,0.157661,0.0,0.7625,-0.0300833,0.0,0.0,1.0
0.123589,2.77556e-17,0.155107,-1.38778e-17,0.76875,-0.0214167,0.0,0.0,1.0
0.123402,1.38778e-17,0.152554,-1.38778e-17,0.775,-0.0128333,0.0,0.0,1.0
0.123214,1.38778e-17,0.15,-1.38778e-17,0.78125,-0.00416667,0.0,0.0,1.0
0.123214,1.38778e-17,0.153036,0.0,0.783562,-0.0102083,0.0,0.0,1.0
0.123214,1.38778e-17,0.156071,-1.38778e-17,0.785812,-0.0162917,0.0,0.0,1.0
0.123214,4.16334e-17,0.159107,0.0,0.788063,-0.022375,0.0,0.0,1.0
0.123214,4.16334e-17,0.158857,0.0,0.790313,-0.0169583,0.0,0.0,1.0
0.123214,4.16334e-17,0.158607,-2.77556e-17,0.792562,-0.0115417,0.0,0.0,1.0
0.123214,1.38778e-17,0.158357,0.0,0.794875,-0.00616667,0.0,0.0,1.0
0.123214,1.38778e-17,0.158107,4.16334e-17,0.797125,-0.00075,0.0,0.0,1.0
0.123214,1.38778e-17,0.157857,0.0,0.799438,0.004625,0.0,0.0,1.0
0.123214,2.77556e-17,0.157643,2.77556e-17,0.801687,0.0100417,0.0,0.0,1.0
0.123214,0.0,0.157393,-1.38778e-17,0.804,0.0154167,0.0,0.0,1.0
0.123214,0.0,0.157143,-1.38778e-17,0.80625,0.0208333,0.0,0.0,1.0
0.120536,1.38778e-17,0.151786,-1.38778e-17,0.81875,0.0541667,0.0,0.0,1.0
0.121875,1.38778e-17,0.154464,0.0,0.809375,0.0395833,0.0,0.0,1.0
0.123214,0.0,0.157143,4.16334e-17,0.8,0.025,0.0,0.0,1.0
0.124821,2.77556e-17,0.152143,-1.38778e-17,0.805625,0.00208333,0.0,0.0,1.0
0.126429,1.38778e-17,0.154679,4.16334e-17,0.81125,-0.00141667,0.0,0.0,1.0
0.128036,2.77556e-17,0.157214,1.38778e-17,0.816875,-0.00483333,0.0,0.0,1.0
0.129643,2.77556e-17,0.155179,4.16334e-17,0.8225,0.0149167,0.0,0.0,1.0
0.13125,1.38778e-17,0.153107,-1.38778e-17,0.828125,0.0345833,0.0,0.0,1.0
0.132857,1.38778e-17,0.149893,-1.38778e-17,0.83375,0.0313333,0.0,0.0,1.0
0.134464,1.38778e-17,0.146643,4.16334e-17,0.839375,0.028,0.0,0.0,1.0
0.136071,1.38778e-17,0.143393,-1.38778e-17,0.845,0.0246667,0.0,0.0,1.0
0.137652,1.38778e-17,0.143125,2.77556e-17,0.850625,0.03525,0.0,0.0,1.0
0.139286,1.38778e-17,0.142857,-1.38778e-17,0.85625,0.0458333,0.0,0.0,1.0
0.139929,1.38778e-17,0.141071,4.16334e-17,0.854688,0.040625,0.0,0.0,1.0
0.140625,0.0,0.139286,-2.77556e-17,0.853125,0.0354167,0.0,0.0,1.0
0.141321,2.77556e-17,0.1375,0.0,0.851562,0.0302083,0.0,0.0,1.0
0.141964,2.77556e-17,0.135714,-1.38778e-17,0.85,0.025,0.0,0.0,1.0
0.142607,2.77556e-17,0.135714,-1.38778e-17,0.848437,0.0302083,0.0,0.0,1.0
0.143304,2.77556e-17,0.135714,-1.38778e-17,0.846875,0.0354167,0.0,0.0,1.0
0.144,1.38778e-17,0.135714,-1.38778e-17,0.845312,0.040625,0.0,0.0,1.0
0.144643,1.38778e-17,0.135714,-1.38778e-17,0.84375,0.0458333,0.0,0.0,1.0
0.145554,1.38778e-17,0.130357,-1.38778e-17,0.8495,0.04375,0.0,0.0,1.0
0.146411,1.38778e-17,0.125,-1.38778e-17,0.85525,0.0416667,0.0,0.0,1.0
0.147321,2.77556e-17,0.119643,0.0,0.860875,0.0395833,0.0,0.0,1.0
0.148232,1.38778e-17,0.114286,-2.77556e-17,0.866625,0.0375,0.0,0.0,1.0
0.149089,1.38778e-17,0.108929,-1.38778e-17,0.872375,0.0354167,0.0,0.0,1.0
0.15,0.0,0.103571,-6.93889e-18,0.878125,0.0333333,0.0,0.0,1.0
0.150911,0.0,0.0982143,-2.08167e-17,0.883875,0.03125,0.0,0.0,1.0
0.151768,1.38778e-17,0.0928571,0.0,0.889625,0.0291667,0.0,0.0,1.0
0.152679,0.0,0.0848214,0.0,0.895312,0.0427083,0.0,0.0,1.0
0.0989866,-0.0495402,0.0795446,0.0344969,0.774003,0.00033125,0.0,0.0,1.0
0.114335,-0.0670045,0.0772589,0.0648156,0.643634,-0.0546313,0.0,0.0,1.0
0.112473,-0.0481875,0.0607857,0.0369437,0.798656,0.0531875,0.0,0.0,1.0
0.122973,-0.0653036,0.0637321,0.0736938,0.593162,-0.0675667,0.0,0.0,1.0
0.109942,-0.060683,0.0544018,0.0477469,0.760766,0.0336563,0.0,0.0,1.0
0.116558,-0.069442,0.0519018,0.0640531,0.688209,-0.00601458,0.0,0.0,1.0
0.121741,-0.0542946,0.0611071,0.0506313,0.710738,0.0187583,0.0,0.0,1.0
0.111054,0.0169554,0.0659107,-0.0153156,0.669447,-0.0160896,0.0,0.0,1.0
0.129201,-0.0668973,0.0547411,0.0758781,0.620291,-0.00761042,0.0,0.0,1.0
0.124701,-0.0643259,0.0388125,0.0600687,0.726875,0.014625,0.0,0.0,1.0
0.100018,0.0486161,0.0569464,-0.0341406,0.775116,0.0187562,0.0,0.0,1.0
0.112018,0.0381696,0.0544464,-0.036075,0.645375,-0.074125,0.0,0.0,1.0
0.138268,-0.0379018,0.0380179,0.0423781,0.673109,-0.0528229,0.0,0.0,1.0
0.104799,-0.0504509,0.0539196,0.0352344,0.817341,0.0703562,0.0,0.0,1.0
0.103741,-0.0246161,0.0482857,0.0165062,0.842169,0.0763042,0.0,0.0,1.0
0.123924,-0.0773705,0.0351696,0.0770531,0.677609,-0.0432812,0.0,0.0,1.0
0.130473,-0.106714,0.026375,0.0992406,0.763897,0.0213188,0.0,0.0,1.0
0.137223,-0.122009,0.0211786,0.154053,0.591628,-0.0102938,0.0,0.0,1.0
0.136554,-0.115071,0.0178571,0.121784,0.702616,-0.0117854,0.0,0.0,1.0
0.0975536,-0.033375,0.0297143,0.00954375,0.91499,0.0766771,0.0,0.0,1.0
0.0972455,-0.00186161,0.0247411,0.00051875,0.903313,0.0883542,0.0,0.0,1.0
0.137518,0.0599732,0.0474464,-0.0598187,0.750512,0.0375333,0.0,0.0,1.0
0.128518,0.0467411,0.047875,-0.0404406,0.808672,0.0540937,0.0,0.0,1.0
0.126094,0.0500491,0.0419554,-0.0400625,0.8578,0.0635083,0.0,0.0,1.0
0.112152,-0.0260357,0.0265893,0.00850313,0.902466,0.0892005,0.0,0.0,1.0
0.132536,-0.0856339,0.0202321,0.0864938,0.714487,0.0245917,0.0,0.0,1.0
0.128638,-0.057308,0.0078125,0.0218187,0.881661,0.110005,0.0,0.0,1.0
0.125129,-0.058058,0.000455357,0.0471375,0.838981,0.0781792,0.0,0.0,1.0
0.130098,-0.0584732,-0.000535714,0.0484875,0.854231,0.0673458,0.0,0.0,1.0
0.125437,-0.0523393,-0.00269643,0.0414906,0.861609,0.0781771,0.0,0.0,1.0
0.116598,-0.0608839,0.00128571,0.0465656,0.829828,0.0341563,0.0,0.0,1.0
0.131973,-0.0778393,-0.00255357,0.0652375,0.857531,0.0432292,0.0,0.0,1.0
0.0953036,-0.0149464,0.01225,0.0039125,0.924547,0.0671198,0.0,0.0,1.0
0.098692,-0.0558616,0.00509821,0.0154406,0.917023,0.0746432,0.0,0.0,1.0
0.115982,-0.00321429,0.0222143,0.00229062,0.894891,0.0645313,0.0,0.0,1.0
0.113772,0.0428705,0.0192232,-0.03225,0.823325,0.00545,0.0,0.0,1.0
0.109312,-0.0425625,0.0147857,0.0224172,0.919548,0.0546839,0.0,0.0,1.0
0.132201,-0.075442,0.00441964,0.0613823,0.87417,0.0567948,0.0,0.0,1.0
0.14183,-0.0811339,0.00203571,0.0671268,0.850821,0.0797112,0.0,0.0,1.0
0.129442,-0.0756027,-0.00141964,0.0657438,0.810531,0.0733125,0.0,0.0,1.0
0.132589,-0.0847232,0.00505357,0.0847438,0.72185,-0.0259,0.0,0.0,1.0
0.133915,-0.0952634,-0.00800893,0.0736216,0.858878,0.0657893,0.0,0.0,1.0
0.133795,-0.0823393,-0.00816071,0.0474464,0.891215,0.0714964,0.0,0.0,1.0
0.136246,-0.0966295,-0.000669643,0.078082,0.847382,0.0721268,0.0,0.0,1.0
0.155813,0.0534107,0.0379464,-0.0543844,0.833103,0.0613479,0.0,0.0,1.0
0.154848,0.0721339,0.0387857,-0.0724531,0.839284,0.0754354,0.0,0.0,1.0
0.139259,0.0411964,0.0352679,-0.0361625,0.864012,0.03395,0.0,0.0,1.0
0.127045,0.0299464,0.0404464,-0.0107469,0.93794,0.0537266,0.0,0.0,1.0
0.130982,0.028125,0.03925,-0.0141711,0.933627,0.0510284,0.0,0.0,1.0
0.138563,0.0445179,0.0360179,-0.04005,0.838681,0.0330875,0.0,0.0,1.0
0.146987,-0.0766205,0.0223482,0.0588914,0.884966,0.0574612,0.0,0.0,1.0
0.132951,-0.0833438,0.0203839,0.0315438,0.90263,0.0890365,0.0,0.0,1.0
0.118393,-0.0800089,0.0297679,0.0593977,0.861966,0.0707112,0.0,0.0,1.0
0.117549,-0.0324509,0.0217232,0.0105,0.92712,0.0645469,0.0,0.0,1.0
0.126388,-0.0694152,0.0245982,0.0421185,0.903219,0.0565049,0.0,0.0,1.0
0.154259,3.46945e-18,0.0468036,2.08167e-17,0.936245,0.0554219,0.0,0.0,1.0
0.155009,-6.93889e-18,0.050125,0.0,0.936385,0.0552813,0.0,0.0,1.0
0.155705,6.93889e-18,0.0534464,-6.93889e-18,0.936531,0.0551354,0.0,0.0,1.0
0.156455,0.0,0.0567679,3.46945e-17,0.936672,0.0549948,0.0,0.0,1.0
0.157205,0.0,0.0600893,-2.77556e-17,0.936818,0.054849,0.0,0.0,1.0
0.157929,6.93889e-18,0.0634286,0.0,0.936958,0.0547083,0.0,0.0,1.0
0.158679,6.93889e-18,0.06675,-6.93889e-18,0.937104,0.0545625,0.0,0.0,1.0
0.159429,0.0,0.0700714,-1.38778e-17,0.937245,0.0544219,0.0,0.0,1.0
0.160179,6.93889e-18,0.0733929,3.46945e-17,0.937396,0.0542708,0.0,0.0,1.0
0.160902,6.93889e-18,0.0767321,-1.38778e-17,0.937531,0.0541354,0.0,0.0,1.0
0.161652,0.0,0.0800536,-6.93889e-18,0.937682,0.0539844,0.0,0.0,1.0
0.162375,1.38778e-17,0.0833571,-2.77556e-17,0.937818,0.053849,0.0,0.0,1.0
0.163098,6.93889e-18,0.0866964,-1.38778e-17,0.937969,0.0536979,0.0,0.0,1.0
0.163848,6.93889e-18,0.0900179,0.0,0.938104,0.0535625,0.0,0.0,1.0
0.164598,6.93889e-18,0.0933393,-3.46945e-17,0.938255,0.0534115,0.0,0.0,1.0
0.165321,1.38778e-17,0.0966786,0.0,0.938391,0.053276,0.0,0.0,1.0
0.166071,1.38778e-17,0.1,-3.46945e-17,0.938542,0.053125,0.0,0.0,1.0
0.164196,1.38778e-17,0.103393,2.08167e-17,0.940417,0.05125,0.0,0.0,1.0
0.162321,0.0,0.106786,-1.38778e-17,0.942292,0.049375,0.0,0.0,1.0
0.160446,1.38778e-17,0.110179,2.77556e-17,0.944167,0.0475,0.0,0.0,1.0
0.158571,1.38778e-17,0.113571,-2.77556e-17,0.946042,0.045625,0.0,0.0,1.0
0.156696,0.0,0.116964,2.77556e-17,0.947917,0.04375,0.0,0.0,1.0
0.154821,1.38778e-17,0.120357,-2.77556e-17,0.949792,0.041875,0.0,0.0,1.0
0.152946,1.38778e-17,0.12375,4.16334e-17,0.951667,0.04,0.0,0.0,1.0
0.151071,1.38778e-17,0.127143,-2.77556e-17,0.953542,0.038125,0.0,0.0,1.0
0.149196,2.77556e-17,0.130536,4.16334e-17,0.955417,0.03625,0.0,0.0,1.0
0.147321,1.38778e-17,0.133929,-1.38778e-17,0.957292,0.034375,0.0,0.0,1.0
0.148259,1.38778e-17,0.135411,-1.38778e-17,0.960656,0.0310104,0.0,0.0,1.0
0.149223,2.77556e-17,0.136875,4.16334e-17,0.964031,0.0276354,0.0,0.0,1.0
0.150134,1.38778e-17,0.138339,-1.38778e-17,0.967401,0.0242656,0.0,0.0,1.0
0.151098,2.77556e-17,0.139804,-1.38778e-17,0.970776,0.0208906,0.0,0.0,1.0
0.152036,2.77556e-17,0.141286,-1.38778e-17,0.974141,0.017526,0.0,0.0,1.0
0.153,1.38778e-17,0.14275,-1.38778e-17,0.977505,0.0141615,0.0,0.0,1.0
0.153938,2.77556e-17,0.144232,4.16334e-17,0.980885,0.0107812,0.0,0.0,1.0
0.154902,1.38778e-17,0.145696,2.77556e-17,0.98425,0.00741667,0.0,0.0,1.0
0.155813,1.38778e-17,0.147161,-1.38778e-17,0.987625,0.00404167,0.0,0.0,1.0
0.156777,1.38778e-17,0.148625,-1.38778e-17,0.99099,0.000677083,0.0,0.0,1.0
0.157714,1.38778e-17,0.150107,-1.38778e-17,0.99437,-0.00270312,0.0,0.0,1.0
0.158679,2.77556e-17,0.151571,0.0,0.995833,-0.00416667,0.0,0.0,1.0
0.159616,1.38778e-17,0.153054,-1.38778e-17,0.995833,-0.00416667,0.0,0.0,1.0
0.16058,2.77556e-17,0.154518,-1.38778e-17,0.995833,-0.00416667,0.0,0.0,1.0
0.161491,2.77556e-17,0.155982,-1.38778e-17,0.995833,-0.00416667,0.0,0.0,1.0
0.162455,1.38778e-17,0.157446,-1.38778e-17,0.995833,-0.00416667,0.0,0.0,1.0
0.163393,2.77556e-17,0.158929,-1.38778e-17,0.995833,-0.00416667,0.0,0.0,1.0
0.163554,1.38778e-17,0.158643,0.0,0.995833,-0.00416667,0.0,0.0,1.0
0.163661,1.38778e-17,0.158357,0.0,0.995833,-0.00416667,0.0,0.0,1.0
0.163821,0.0,0.158071,-1.38778e-17,0.995833,-0.00416667,0.0,0.0,1.0
0.163955,1.38778e-17,0.157804,-1.38778e-17,0.995833,-0.00416667,0.0,0.0,1.0
0.164116,2.77556e-17,0.157518,1.38778e-17,0.995833,-0.00416667,0.0,0.0,1.0
0.164223,1.38778e-17,0.157232,0.0,0.995833,-0.00416667,0.0,0.0,1.0
0.164384,4.16334e-17,0.156946,0.0,0.995833,-0.00416667,0.0,0.0,1.0
0.164518,1.38778e-17,0.156679,0.0,0.995833,-0.00416667,0.0,0.0,1.0
0.164679,0.0,0.156393,-1.38778e-17,0.995833,-0.00416667,0.0,0.0,1.0
0.164786,0.0,0.156107,-1.38778e-17,0.995833,-0.00416667,0.0,0.0,1.0
0.164946,1.38778e-17,0.155821,-1.38778e-17,0.995833,-0.00416667,0.0,0.0,1.0
0.16508,2.77556e-17,0.155554,-1.38778e-17,0.995833,-0.00416667,0.0,0.0,1.0
0.165241,1.38778e-17,0.155268,-1.38778e-17,0.995833,-0.00416667,0.0,0.0,1.0
0.165348,2.77556e-17,0.154982,0.0,0.995833,-0.00416667,0.0,0.0,1.0
0.171362,0.0317812,0.161045,0.0,0.995833,-0.00416667,0.0,0.0,1.0
0.170411,0.0314196,0.163268,-0.00225182,0.993582,-0.00191484,0.0,0.0,1.0
0.146598,-0.0335089,0.1475,-1.38778e-17,0.995833,-0.00416667,0.0,0.0,1.0
0.131759,-0.0281786,0.145161,1.38778e-17,0.995833,-0.00416667,0.0,0.0,1.0
0.133112,0.0231027,0.146884,-1.38778e-17,0.995833,-0.00416667,0.0,0.0,1.0
0.149585,-0.0110223,0.148687,-1.38778e-17,0.995833,-0.00416667,0.0,0.0,1.0
0.174241,-0.000455357,0.155321,2.77556e-17,0.995833,-0.00416667,0.0,0.0,1.0
0.17333,0.00642857,0.151839,-1.38778e-17,0.995833,-0.00416667,0.0,0.0,1.0
0.168603,0.0438884,0.155348,1.38778e-17,0.995833,-0.00416667,0.0,0.0,1.0
0.167196,0.00401786,0.153429,-1.38778e-17,0.995833,-0.00416667,0.0,0.0,1.0
0.177348,0.00230357,0.153482,1.38778e-17,0.995833,-0.00416667,0.0,0.0,1.0
0.159402,0.0138482,0.163286,0.0,0.995833,-0.00416667,0.0,0.0,1.0
0.175286,-0.00166071,0.169571,2.77556e-17,0.995833,-0.00416667,0.0,0.0,1.0
0.181152,-0.0369643,0.158732,0.0,0.995833,-0.00416667,0.0,0.0,1.0
0.182786,-0.0125893,0.159429,-1.38778e-17,0.995833,-0.00416667,0.0,0.0,1.0
0.186362,-0.0162455,0.163563,0.0,0.995833,-0.00416667,0.0,0.0,1.0
0.182049,-0.0127098,0.161241,0.0,0.995833,-0.00416667,0.0,0.0,1.0
0.18521,-0.0394955,0.16333,0.0,0.995833,-0.00416667,0.0,0.0,1.0
0.187701,-0.0509062,0.167634,1.38778e-17,0.995833,-0.00416667,0.0,0.0,1.0
0.220446,-0.14625,0.168857,0.0311477,0.964686,0.026981,0.0,0.0,1.0
0.24142,0.149464,0.188946,-0.0480427,0.947791,0.043876,0.0,0.0,1.0
0.244795,0.143973,0.195071,-0.0546208,0.941212,0.0504542,0.0,0.0,1.0
0.240295,-0.181446,0.182375,0.0669755,0.928858,0.0628089,0.0,0.0,1.0
0.209772,0.0605491,0.22492,0.0,0.995833,-0.00416667,0.0,0.0,1.0
0.20842,0.0602946,0.220607,0.0,0.995833,-0.00416667,0.0,0.0,1.0
0.216455,0.0778125,0.213607,0.0,0.995833,-0.00416667,0.0,0.0,1.0
0.227732,0.0660268,0.219446,0.0,0.995833,-0.00416667,0.0,0.0,1.0
0.232821,-0.135188,0.206911,0.0465081,0.949325,0.0423414,0.0,0.0,1.0
0.228576,-0.129737,0.195187,0.0291034,0.96673,0.0249367,0.0,0.0,1.0
0.222134,-0.13058,0.198679,0.0279122,0.967921,0.0237456,0.0,0.0,1.0
0.217232,-0.113786,0.198286,0.00167474,0.994159,-0.00249193,0.0,0.0,1.0
0.215196,-0.135536,0.208857,0.0094026,0.986431,0.00523594,0.0,0.0,1.0
0.212397,-0.0882991,0.214188,2.77556e-17,0.995833,-0.00416667,0.0,0.0,1.0
0.233304,-0.0706607,0.237643,0.00372292,0.99211,-0.00044375,0.0,0.0,1.0
0.219522,-0.065183,0.236259,0.0044776,0.991356,0.000310937,0.0,0.0,1.0
0.219777,-0.0992679,0.242554,0.0116609,0.984172,0.00749427,0.0,0.0,1.0
0.211888,0.0371384,0.273134,0.0,0.995833,-0.00416667,0.0,0.0,1.0
0.210027,0.00640179,0.276321,0.0,0.995833,-0.00416667,0.0,0.0,1.0
0.21825,-0.0031875,0.263089,0.0,0.995833,-0.00416667,0.0,0.0,1.0
0.218732,0.00980357,0.263964,0.0,0.995833,-0.00416667,0.0,0.0,1.0
0.210013,0.0917009,0.262812,-0.0193789,0.976454,0.0152122,0.0,0.0,1.0
0.192027,0.0590357,0.277089,0.0,0.995833,-0.00416667,0.0,0.0,1.0
0.223286,-0.0807857,0.229536,0.00169036,0.994143,-0.0024763,0.0,0.0,1.0
0.219603,-0.0761652,0.229062,0.0,0.995833,-0.00416667,0.0,0.0,1.0
0.225201,-0.0748795,0.223384,0.0,0.995833,-0.00416667,0.0,0.0,1.0
0.237321,-0.0555,0.219643,0.0,0.995833,-0.00416667,0.0,0.0,1.0
0.248424,-0.0221384,0.222402,0.0,0.995833,-0.00416667,0.0,0.0,1.0
0.26692,-0.0667768,0.231071,0.0116323,0.984201,0.00746563,0.0,0.0,1.0
0.265621,-0.161719,0.232277,0.0593932,0.93644,0.0552266,0.0,0.0,1.0
0.264429,-0.178687,0.217946,0.0696057,0.926228,0.0654391,0.0,0.0,1.0
0.257652,-0.165027,0.210679,0.0415336,0.9543,0.0373669,0.0,0.0,1.0
0.252536,0.0570268,0.202982,0.0,0.995833,-0.00416667,0.0,0.0,1.0
0.288335,-0.105629,0.205009,0.0163414,0.979492,0.0121747,0.0,0.0,1.0
0.280942,-0.176692,0.197634,0.0993219,0.896511,0.0951552,0.0,0.0,1.0
0.281598,-0.0970446,0.176929,0.0267302,0.969103,0.0225635,0.0,0.0,1.0
0.27158,-0.161116,0.180143,0.0512687,0.944565,0.0471021,0.0,0.0,1.0
0.258991,-0.181179,0.185804,0.0585016,0.937332,0.0543349,0.0,0.0,1.0
0.255429,-0.15975,0.18725,0.044618,0.951215,0.0404513,0.0,0.0,1.0
0.266679,-0.162696,0.190893,0.0519401,0.943893,0.0477734,0.0,0.0,1.0
0.314491,-0.00294643,0.188482,-2.77556e-17,0.995833,-0.00416667,0.0,0.0,1.0
0.288442,0.241326,0.17358,-0.192423,0.80341,0.114087,0.0,0.0,1.0
0.304058,0.19121,0.204384,-0.0784917,0.917342,0.074325,0.0,0.0,1.0
0.225696,0.29183,0.207232,-0.858848,0.136985,0.0732146,0.0,0.0,1.0
0.242049,0.299612,0.215366,-0.83547,0.160364,0.0701724,0.0,0.0,1.0
0.311893,0.195509,0.202875,-0.0575766,0.938257,0.0534099,0.0,0.0,1.0
0.312375,0.0303214,0.211071,0.0,0.995833,-0.00416667,0.0,0.0,1.0
0.257853,-0.00478125,0.228259,0.0,0.995833,-0.00416667,0.0,0.0,1.0
0.254196,0.0660536,0.222143,0.0,0.995833,-0.00416667,0.0,0.0,1.0
0.274741,0.189214,0.217661,-0.0470073,0.948826,0.0428406,0.0,0.0,1.0
0.259125,-0.0243214,0.217,0.0,0.995833,-0.00416667,0.0,0.0,1.0
0.237563,0.0653571,0.229375,2.77556e-17,0.995833,-0.00416667,0.0,0.0,1.0
0.255201,0.00234375,0.227062,0.0,0.995833,-0.00416667,0.0,0.0,1.0
0.298393,0.00342857,0.228857,0.0,0.995833,-0.00416667,0.0,0.0,1.0
0.305839,-0.0987054,0.227054,0.026757,0.969076,0.0225904,0.0,0.0,1.0
0.316138,-0.126549,0.211187,0.0522891,0.943544,0.0481224,0.0,0.0,1.0
0.316152,-0.138268,0.210268,0.0556935,0.94014,0.0515268,0.0,0.0,1.0
0.329973,-0.182866,0.216214,0.0702953,0.925538,0.0661286,0.0,0.0,1.0
0.340259,-0.182357,0.217839,0.0529307,0.942903,0.0487641,0.0,0.0,1.0
0.37342,-0.159,0.235732,0.0599573,0.935876,0.0557906,0.0,0.0,1.0
0.373286,-0.152705,0.235804,0.0598469,0.935986,0.0556802,0.0,0.0,1.0
0.348,-0.146759,0.215625,0.067312,0.928521,0.0631453,0.0,0.0,1.0
0.35179,-0.139647,0.202134,0.0512833,0.94455,0.0471167,0.0,0.0,1.0
0.339134,-0.110946,0.182518,0.017725,0.978108,0.0135583,0.0,0.0,1.0
0.3285,-0.0732321,0.174964,0.0,0.995833,-0.00416667,0.0,0.0,1.0
0.320893,-0.00519643,0.1595,0.0,0.995833,-0.00416667,0.0,0.0,1.0
0.314076,-0.00245089,0.169348,-1.38778e-17,0.995833,-0.00416667,0.0,0.0,1.0
0.344665,-0.000174107,0.188545,1.38778e-17,0.995833,-0.00416667,0.0,0.0,1.0
0.31192,0.00259821,0.171536,1.38778e-17,0.995833,-0.00416667,0.0,0.0,1.0
0.352594,-0.0777187,0.178223,0.00389896,0.991934,-0.000267708,0.0,0.0,1.0
0.335116,-0.00701786,0.155018,1.38778e-17,0.995833,-0.00416667,0.0,0.0,1.0
0.346071,-0.0579911,0.144982,-1.38778e-17,0.995833,-0.00416667,0.0,0.0,1.0
0.33454,-0.0176384,0.131134,-1.38778e-17,0.995833,-0.00416667,0.0,0.0,1.0
0.342161,-0.0054375,0.114768,0.0,0.995833,-0.00416667,0.0,0.0,1.0
0.365839,-0.180509,0.127339,0.113168,0.882665,0.109001,0.0,0.0,1.0
0.342321,-0.320866,0.051875,0.614573,0.38126,0.202355,0.0,0.0,1.0
0.379661,-0.0728036,0.0666786,0.0360396,0.959794,0.0318729,0.0,0.0,1.0
0.304942,-0.00807589,-0.00113393,0.00561875,0.987365,0.00430208,0.0,0.0,1.0
0.276455,0.0508661,-0.0384286,-3.46945e-18,0.995833,-0.00416667,0.0,0.0,1.0
0.280473,0.0867054,-0.0522857,-0.0400047,0.955829,0.035838,0.0,0.0,1.0
0.301152,0.04575,-0.0470536,-0.0330125,0.925667,0.066,0.0,0.0,1.0
0.323063,0.108161,-0.0363036,-0.0718331,0.924,0.0676664,0.0,0.0,1.0
0.328795,0.000669643,-0.00696429,-0.00055,0.91001,0.0816562,0.0,0.0,1.0
0.362772,-0.042067,0.0266875,0.0288781,0.953201,0.0384661,0.0,0.0,1.0
0.333268,-0.219134,0.00958929,0.413238,0.562051,0.163671,0.0,0.0,1.0
0.326464,-0.114884,0.0887679,0.105422,0.807148,0.184518,0.0,0.0,1.0
0.330402,-0.0874554,0.15,0.0706187,0.834844,0.156823,0.0,0.0,1.0
0.297723,-0.0476786,0.171018,0.0287844,0.866773,0.124893,0.0,0.0,1.0
0.194438,0.110143,0.180161,-0.0439375,0.882979,0.108687,0.0,0.0,1.0
0.167652,0.187071,0.163946,-0.0678875,0.858792,0.132875,0.0,0.0,1.0
0.168054,0.181045,0.143161,-0.0719063,0.848453,0.143214,0.0,0.0,1.0
0.167638,0.193915,0.13792,-0.0691312,0.868443,0.123224,0.0,0.0,1.0
0.148701,0.165281,0.101866,-0.0665,0.808953,0.182714,0.0,0.0,1.0
0.180281,0.102897,0.0821696,-0.0520594,0.786523,0.205143,0.0,0.0,1.0
0.282482,-0.00511607,0.0928036,0.0044875,0.725469,0.266198,0.0,0.0,1.0
0.298045,-0.143196,0.058375,0.258972,0.507597,0.339633,0.0,0.0,1.0
0.281384,-0.133339,0.0594464,0.208017,0.553454,0.333329,0.0,0.0,1.0
0.276295,-0.141214,0.0627321,0.222942,0.556504,0.312629,0.0,0.0,1.0
0.266223,-0.154125,0.079625,0.359606,0.420543,0.295074,0.0,0.0,1.0
0.230304,-0.0506786,0.102286,0.0451875,0.602375,0.389292,0.0,0.0,1.0
0.139862,0.077317,0.137277,-0.0329438,0.738667,0.253,0.0,0.0,1.0
0.154098,0.119089,0.139375,-0.0557,0.717505,0.274161,0.0,0.0,1.0
0.180857,0.140036,0.171464,-0.0570969,0.754159,0.237508,0.0,0.0,1.0
0.20467,0.0676607,0.178339,-0.0376094,0.752378,0.239289,0.0,0.0,1.0
0.209304,0.0546161,0.203768,-0.027825,0.760036,0.23163,0.0,0.0,1.0
0.172085,0.0375134,0.218045,-0.0197844,0.723971,0.267695,0.0,0.0,1.0
0.142527,0.0511071,0.215875,-0.0229688,0.70524,0.286427,0.0,0.0,1.0
0.113518,0.0856071,0.228821,-0.0314687,0.682844,0.308823,0.0,0.0,1.0
0.138616,0.0585,0.238125,-0.0210625,0.717531,0.274135,0.0,0.0,1.0
0.16504,0.0214687,0.242473,-0.0115312,0.67751,0.314156,0.0,0.0,1.0
0.184446,0.0553393,0.243179,-0.0275625,0.71776,0.273906,0.0,0.0,1.0
0.150455,0.0139286,0.246339,-0.00684375,0.700198,0.291469,0.0,0.0,1.0
0.150937,0.0694821,0.236554,-0.0349375,0.672167,0.3195,0.0,0.0,1.0
0.10733,0.03675,0.245982,-0.0129375,0.665516,0.326151,0.0,0.0,1.0
0.139982,0.0938839,0.230554,-0.0478438,0.62112,0.370547,0.0,0.0,1.0
0.170357,0.0574554,0.225411,-0.0340625,0.627583,0.364083,0.0,0.0,1.0
0.173558,0.0759777,0.23108,-0.0440938,0.635714,0.355953,0.0,0.0,1.0
0.170344,0.0889152,0.229312,-0.0495,0.621917,0.36975,0.0,0.0,1.0
0.15529,0.0398973,0.200705,-0.0238125,0.618266,0.373401,0.0,0.0,1.0
0.123576,0.0270937,0.188098,-0.01325,0.58076,0.410906,0.0,0.0,1.0
0.0871205,0.0346205,0.171562,-0.0122188,0.562703,0.428964,0.0,0.0,1.0
0.133768,-0.00645536,0.155589,0.00353125,0.556901,0.434766,0.0,0.0,1.0
0.125491,0.0875893,0.125554,-0.040125,0.597438,0.394229,0.0,0.0,1.0
0.133607,0.0647679,0.109107,-0.0358125,0.591812,0.399854,0.0,0.0,1.0
0.113438,-0.020625,0.102661,0.00784375,0.603875,0.387792,0.0,0.0,1.0
0.0951295,0.00946875,0.0962946,-0.00570573,0.567893,0.420924,0.0,0.0,1.0
0.0909911,0.0117054,0.09325,-0.00415625,0.579969,0.411698,0.0,0.0,1.0
0.0821384,0.0372187,0.103813,-0.0124687,0.562854,0.428813,0.0,0.0,1.0
0.112152,0.00741964,0.0974286,-0.00328125,0.576599,0.415068,0.0,0.0,1.0
0.126134,0.0800893,0.101482,-0.0416875,0.542135,0.449531,0.0,0.0,1.0
0.132911,0.0639911,0.0940536,-0.0347187,0.537661,0.454005,0.0,0.0,1.0
0.10425,0.00825,0.0816786,-0.00375,0.527104,0.464563,0.0,0.0,1.0
0.097125,0.0138482,0.074375,-0.0060625,0.521042,0.470625,0.0,0.0,1.0
0.0696161,0.0270268,0.0812143,-0.00834375,0.514698,0.476969,0.0,0.0,1.0
0.0612321,0.0256071,0.0834286,-0.00728125,0.488703,0.502964,0.0,0.0,1.0
0.0760714,0.0250446,0.082625,-0.00853125,0.50212,0.489547,0.0,0.0,1.0
0.0836786,0.029625,0.0755357,-0.01275,0.480094,0.511573,0.0,0.0,1.0
0.0771696,-0.00350893,0.0818571,0.00128125,0.489703,0.501964,0.0,0.0,1.0
0.0785759,0.030683,0.0792054,-0.0263125,0.448063,0.520104,0.0,0.0,1.0
0.0660536,-0.00471429,0.0993929,0.0015625,0.464698,0.526969,0.0,0.0,1.0
0.0579509,0.015067,0.10808,-0.00446875,0.455708,0.535958,0.0,0.0,1.0
0.0609777,0.0514687,0.121188,-0.01825,0.418073,0.573594,0.0,0.0,1.0
0.0717857,0.00345536,0.124232,-0.00134375,0.426786,0.56488,0.0,0.0,1.0
0.100982,-0.0201696,0.127411,0.0211198,0.391182,0.58612,0.0,0.0,1.0
0.0843884,0.000602679,0.147027,-0.00028125,0.411078,0.580589,0.0,0.0,1.0
0.0827143,0.0167411,0.143518,-0.00988021,0.400943,0.589401,0.0,0.0,1.0
0.0765402,0.0332545,0.143152,-0.0202734,0.386211,0.599534,0.0,0.0,1.0
0.072442,0.012442,0.146241,-0.00565625,0.383354,0.608312,0.0,0.0,1.0
0.0584732,-0.000401786,0.139714,0.00015625,0.392182,0.599484,0.0,0.0,1.0
0.0557946,0.0197411,0.146786,-0.00671875,0.380026,0.611641,0.0,0.0,1.0
0.0575357,0.000241071,0.143768,-9.375e-05,0.375115,0.616552,0.0,0.0,1.0
0.0535179,-0.0162321,0.136821,0.00553125,0.374229,0.617437,0.0,0.0,1.0
0.0522054,-0.0100982,0.135679,0.00325,0.371245,0.620422,0.0,0.0,1.0
0.0481339,-0.00910714,0.130482,0.0026875,0.368823,0.622844,0.0,0.0,1.0
0.0500625,0.0316339,0.1245,-0.0101562,0.356052,0.635615,0.0,0.0,1.0
0.0664018,-0.0418929,0.121732,0.047974,0.299786,0.646057,0.0,0.0,1.0
0.0506384,0.00906696,0.117241,-0.003125,0.351042,0.640625,0.0,0.0,1.0
0.0585804,0.000964286,0.111196,-0.000375,0.360292,0.631375,0.0,0.0,1.0
0.0485491,0.00148661,0.107402,-0.00053125,0.347979,0.643687,0.0,0.0,1.0
0.053933,-0.0280313,0.0945268,0.0110312,0.342479,0.649188,0.0,0.0,1.0
0.0498482,-0.02175,0.0908036,0.00809375,0.339865,0.651802,0.0,0.0,1.0
0.0387054,0.00474107,0.0925,-0.0013125,0.350047,0.64162,0.0,0.0,1.0
0.0563571,-0.0237054,0.100304,0.0100938,0.336151,0.655516,0.0,0.0,1.0
0.0484152,0.00119196,0.0923304,-0.0004375,0.343781,0.647885,0.0,0.0,1.0
0.0369107,0.0122679,0.0889286,-0.00365625,0.33275,0.658917,0.0,0.0,1.0
0.0429643,-0.00345536,0.085625,0.0011875,0.337953,0.653714,0.0,0.0,1.0
0.0396563,0.00105804,0.0979554,-0.0006875,0.3315,0.644625,0.0,0.0,1.0
0.0493661,0.0355982,0.103036,-0.0318125,0.300813,0.631167,0.0,0.0,1.0
0.0445179,-0.00650893,0.102446,0.0049375,0.31825,0.622625,0.0,0.0,1.0
0.0476518,-0.000508929,0.0967857,0.0004375,0.31825,0.632375,0.0,0.0,1.0
0.049942,-0.000897321,0.102455,0.000875,0.280125,0.62475,0.0,0.0,1.0
0.0385848,-0.015683,0.0996161,0.0116875,0.281437,0.627833,0.0,0.0,1.0
0.0452946,-0.00857143,0.0991607,0.0075625,0.279813,0.635583,0.0,0.0,1.0
0.0457902,-0.00815625,0.0957946,0.007875,0.259438,0.622792,0.0,0.0,1.0
0.043433,0.00845089,0.0910625,-0.00725,0.276313,0.619458,0.0,0.0,1.0
0.0453214,0.0164464,0.0918214,-0.0144375,0.281437,0.605833,0.0,0.0,1.0
0.050317,0.0312991,0.0938661,-0.034875,0.245875,0.594,0.0,0.0,1.0
0.0474241,0.0434598,0.102009,-0.0460313,0.243844,0.582729,0.0,0.0,1.0
0.0452009,0.0414509,0.0984196,-0.064,0.159375,0.530417,0.0,0.0,1.0
0.0474107,0.0455625,0.113196,-0.0505625,0.232625,0.573458,0.0,0.0,1.0
0.056317,0.053692,0.10242,-0.0844688,0.194906,0.561562,0.0,0.0,1.0
0.0437009,0.0100848,0.0954911,-0.0122813,0.195844,0.541646,0.0,0.0,1.0
0.0411429,0.0344196,0.0984464,-0.044625,0.172875,0.532167,0.0,0.0,1.0
0.0469821,0.0468214,0.0913214,-0.0705,0.169938,0.543958,0.0,0.0,1.0
0.0449063,0.0462455,0.0924018,-0.0785938,0.143844,0.539396,0.0,0.0,1.0
0.0453348,0.0206652,0.0729911,-0.026125,0.19525,0.541833,0.0,0.0,1.0
0.0404196,0.031125,0.0799464,-0.0343125,0.19975,0.535958,0.0,0.0,1.0
0.0339107,0.027,0.0786071,-0.027875,0.1785,0.53625,0.0,0.0,1.0
0.037875,0.0061875,0.0683036,-0.0063125,0.202063,0.527,0.0,0.0,1.0
0.0378214,0.0196875,0.0637679,-0.0220625,0.183812,0.545083,0.0,0.0,1.0
0.0402857,0.0367768,0.0585179,-0.0387187,0.208406,0.544021,0.0,0.0,1.0
0.037875,0.0349018,0.0515179,-0.0355625,0.202438,0.52775,0.0,0.0,1.0
0.0359196,0.0442768,0.0400714,-0.0422187,0.205281,0.527812,0.0,0.0,1.0
0.0305357,0.0340179,0.0380357,-0.02375,0.238125,0.532917,0.0,0.0,1.0
0.0339241,0.0289687,0.0361875,-0.02375,0.225375,0.517583,0.0,0.0,1.0
0.0358393,0.0345,0.0329286,-0.0290625,0.2315,0.516208,0.0,0.0,1.0
0.0356786,0.0459375,0.0240893,-0.0450937,0.197906,0.510813,0.0,0.0,1.0
0.0364018,0.028875,0.0143393,-0.025,0.229062,0.526208,0.0,0.0,1.0
0.0339107,0.0415179,0.00325,-0.0422187,0.181656,0.513188,0.0,0.0,1.0
0.0354107,0.0039375,0.00144643,-0.0031875,0.237062,0.520333,0.0,0.0,1.0
0.0274554,0.0237857,-0.00833929,-0.0164062,0.216781,0.528271,0.0,0.0,1.0
0.0285134,0.0125223,-0.0121518,-0.0086875,0.223937,0.53125,0.0,0.0,1.0
0.0300536,0.0208929,-0.0194286,-0.014625,0.234125,0.531667,0.0,0.0,1.0
0.0432857,0.00372321,-0.0162679,-0.00375,0.234187,0.529042,0.0,0.0,1.0
0.0340446,0.0122411,-0.0322857,-0.0095625,0.236937,0.5315,0.0,0.0,1.0
0.045375,0.0339375,-0.0459821,-0.0385,0.217812,0.535208,0.0,0.0,1.0
0.0294375,0.010125,-0.0471964,-0.00703125,0.230844,0.528104,0.0,0.0,1.0
0.0379018,0.0492054,-0.0490714,-0.0512188,0.198344,0.542813,0.0,0.0,1.0
0.0391741,0.0513884,-0.0550625,-0.0581875,0.188438,0.538583,0.0,0.0,1.0
0.0347946,0.0534375,-0.0589286,-0.0507188,0.199719,0.537979,0.0,0.0,1.0
0.0389063,0.0404866,-0.0709375,-0.037125,0.230937,0.525458,0.0,0.0,1.0
0.0351964,0.0425893,-0.0752143,-0.0379688,0.214906,0.530187,0.0,0.0,1.0
0.0358661,0.0448929,-0.0850893,-0.0532813,0.164594,0.510063,0.0,0.0,1.0
0.0395893,0.0228482,-0.0974107,-0.0271875,0.181375,0.508042,0.0,0.0,1.0
0.0375,-1.38778e-17,-0.103571,-6.93889e-18,0.175,0.508333,0.0,0.0,1.0
0.0336964,-0.00407143,-0.107607,0.004125,0.181313,0.513208,0.0,0.0,1.0
0.0305357,0.00508929,-0.117929,-0.0041875,0.2015,0.520375,0.0,0.0,1.0
0.0250714,0.00500893,-0.129482,-0.0036875,0.184687,0.513917,0.0,0.0,1.0
0.0438348,0.0178795,-0.126652,-0.0185938,0.229344,0.532896,0.0,0.0,1.0
0.0459643,-0.00184821,-0.129232,0.0021875,0.2115,0.532708,0.0,0.0,1.0
0.0351696,0.00125893,-0.148643,-0.00115625,0.203781,0.534646,0.0,0.0,1.0
0.0374063,0.00890625,-0.149366,-0.00871875,0.207906,0.535688,0.0,0.0,1.0
0.0400982,-0.0001875,-0.165607,0.0001875,0.213437,0.544083,0.0,0.0,1.0
0.0406875,0.0524732,-0.173893,-0.0854375,0.136063,0.530167,0.0,0.0,1.0
0.0401652,-0.000816964,-0.179759,0.0008125,0.216375,0.523875,0.0,0.0,1.0
0.0455223,0.00304018,-0.187527,-0.00340625,0.220906,0.526271,0.0,0.0,1.0
0.0406205,0.00440625,-0.193348,-0.00471875,0.205406,0.527354,0.0,0.0,1.0
0.0353705,0.0127098,-0.20242,-0.0111875,0.219063,0.529833,0.0,0.0,1.0
0.0325446,0.0235982,-0.213786,-0.0196875,0.212375,0.515292,0.0,0.0,1.0
0.0301205,-0.00325446,-0.22617,0.00275,0.193562,0.526625,0.0,0.0,1.0
0.0321429,-2.77556e-17,-0.228571,0.0,0.175,0.516667,0.0,0.0,1.0
0.0332143,0.01425,-0.237857,-0.012375,0.207937,0.533292,0.0,0.0,1.0
0.0400045,0.00563839,-0.240884,-0.006,0.203812,0.519458,0.0,0.0,1.0
0.0510134,0.00304018,-0.249884,-0.00425,0.198812,0.523792,0.0,0.0,1.0
0.0267589,-0.00886607,-0.260929,0.0073125,0.177188,0.519833,0.0,0.0,1.0
0.026625,-0.00602679,-0.268018,0.00459375,0.190969,0.532604,0.0,0.0,1.0
0.0316071,-0.00324107,-0.272518,0.0031875,0.175625,0.523958,0.0,0.0,1.0
0.0307232,0.0111429,-0.278946,-0.009625,0.193312,0.519542,0.0,0.0,1.0
0.0327589,-0.00233036,-0.286536,0.0019375,0.214437,0.529583,0.0,0.0,1.0
0.0346607,0.00476786,-0.294143,-0.00475,0.190187,0.518125,0.0,0.0,1.0
0.0336964,-0.00267857,-0.297679,0.0025,0.194125,0.516917,0.0,0.0,1.0
0.0346875,-0.00613393,-0.30475,0.0059375,0.195937,0.540417,0.0,0.0,1.0
0.0271473,-0.00531696,-0.312348,0.00425,0.18475,0.53825,0.0,0.0,1.0
0.0336563,-0.0207723,-0.32083,0.018125,0.21,0.535583,0.0,0.0,1.0
0.0253393,-0.00476786,-0.325214,0.0038125,0.172,0.531625,0.0,0.0,1.0
0.0321429,0.0,-0.335714,0.0,0.1875,0.533333,0.0,0.0,1.0
0.0348214,-2.77556e-17,-0.3375,0.0,0.2,0.525,0.0,0.0,1.0
0.0349687,-0.00258482,-0.34283,0.002625,0.187,0.527167,0.0,0.0,1.0
0.0311652,-0.000683036,-0.34533,0.0005625,0.200937,0.502667,0.0,0.0,1.0
0.0430179,0.004875,-0.341964,-0.005,0.227563,0.517375,0.0,0.0,1.0
0.0389196,0.00763393,-0.354393,-0.00775,0.208687,0.519708,0.0,0.0,1.0
0.0400982,0.0289018,-0.356893,-0.035625,0.177,0.538083,0.0,0.0,1.0
0.0416116,0.0266652,-0.359848,-0.0320312,0.188656,0.535271,0.0,0.0,1.0
0.02925,0.0147857,-0.362643,-0.0120937,0.194781,0.535229,0.0,0.0,1.0
0.0348214,0.0275089,-0.367304,-0.0305312,0.171031,0.518938,0.0,0.0,1.0
0.0263973,-0.00413839,-0.37233,0.00309375,0.192656,0.501979,0.0,0.0,1.0
0.0317946,-0.00683036,-0.373607,0.00578125,0.204219,0.525437,0.0,0.0,1.0
0.026317,-0.000924107,-0.371098,0.000625,0.216125,0.52325,0.0,0.0,1.0
0.0371518,8.03571e-05,-0.378143,-6.25e-05,0.20625,0.529208,0.0,0.0,1.0
0.0267857,-5.55112e-17,-0.382143,0.0,0.20625,0.529167,0.0,0.0,1.0
0.0294643,0.0,-0.380357,0.0,0.1875,0.525,0.0,0.0,1.0
0.0350223,-0.00759375,-0.383527,0.0074375,0.195,0.539875,0.0,0.0,1.0
0.027,-0.0189643,-0.389679,0.0143125,0.194937,0.542833,0.0,0.0,1.0
0.0355179,-0.0158304,-0.391161,0.0168125,0.182063,0.553083,0.0,0.0,1.0
0.0328393,-0.0162054,-0.390232,0.0149375,0.193312,0.552333,0.0,0.0,1.0
0.0298661,-0.0106607,-0.391768,0.0090625,0.191313,0.534583,0.0,0.0,1.0
0.0282054,-0.0106875,-0.395786,0.00878125,0.186906,0.529479,0.0,0.0,1.0
0.0304821,-0.0149196,-0.395161,0.013375,0.184813,0.534125,0.0,0.0,1.0
0.0337098,-0.0114241,-0.394509,0.0107187,0.195531,0.539437,0.0,0.0,1.0
0.0320491,-0.0232902,-0.392437,0.022125,0.183437,0.542542,0.0,0.0,1.0
0.0388393,-0.0275625,-0.392018,0.0285938,0.203719,0.547312,0.0,0.0,1.0
0.0372589,-0.0180804,-0.390464,0.0189063,0.194094,0.536729,0.0,0.0,1.0
0.0286071,-0.01725,-0.392679,0.0158125,0.169813,0.539417,0.0,0.0,1.0
0.0220446,-0.00278571,-0.390482,0.001625,0.20525,0.530917,0.0,0.0,1.0
0.0237589,-0.00396429,-0.391875,0.0028125,0.181812,0.53725,0.0,0.0,1.0
0.0362143,-0.000107143,-0.382607,6.25e-05,0.192937,0.5325,0.0,0.0,1.0
0.0296652,-0.00748661,-0.386777,0.00571875,0.211344,0.544688,0.0,0.0,1.0
0.0383571,-0.0115982,-0.384089,0.0122188,0.198594,0.534604,0.0,0.0,1.0
0.0277232,-0.00340179,-0.383464,0.0023125,0.21875,0.530292,0.0,0.0,1.0
0.0326116,0.00145982,-0.381705,-0.00128125,0.205469,0.550188,0.0,0.0,1.0
0.027442,-0.00207589,-0.385455,0.0014375,0.216562,0.540583,0.0,0.0,1.0
0.0329196,-0.0161518,-0.385179,0.0150625,0.191687,0.528833,0.0,0.0,1.0
0.0295446,-0.00586607,-0.385393,0.004625,0.203438,0.530458,0.0,0.0,1.0
0.0252589,-0.00586607,-0.385821,0.0035625,0.228563,0.527917,0.0,0.0,1.0
0.0264643,0.000401786,-0.385589,-0.00025,0.2185,0.53725,0.0,0.0,1.0
0.0226205,-0.00175446,-0.386027,0.00103125,0.211344,0.531729,0.0,0.0,1.0
0.0353973,-0.00360268,-0.377813,0.003125,0.22375,0.546083,0.0,0.0,1.0
0.0358795,-0.0196473,-0.384884,0.02075,0.184687,0.530708,0.0,0.0,1.0
0.0262232,-0.0091875,-0.387143,0.0061875,0.212375,0.539375,0.0,0.0,1.0
0.0361607,-0.0238393,-0.385179,0.023625,0.198687,0.543208,0.0,0.0,1.0
0.0265446,-0.00583929,-0.387161,0.0039375,0.213,0.550375,0.0,0.0,1.0
0.031192,-0.0122009,-0.387366,0.0101875,0.203812,0.5455,0.0,0.0,1.0
0.0284196,-0.00991071,-0.386804,0.00734375,0.209156,0.545771,0.0,0.0,1.0
0.0268929,-0.00814286,-0.385393,0.0063125,0.18875,0.536958,0.0,0.0,1.0
0.0357857,-0.000214286,-0.37925,0.00021875,0.183594,0.532354,0.0,0.0,1.0
0.0273482,-0.00964286,-0.387875,0.008125,0.17775,0.529417,0.0,0.0,1.0
0.0340848,-0.00764732,-0.382098,0.00740625,0.192031,0.526187,0.0,0.0,1.0
0.03225,-0.0157768,-0.385482,0.0135312,0.204594,0.548604,0.0,0.0,1.0
0.0349955,-0.0141295,-0.379652,0.0130937,0.205969,0.541771,0.0,0.0,1.0
0.0338036,-0.0179732,-0.380768,0.017125,0.192813,0.543625,0.0,0.0,1.0
0.0420268,-0.0328661,-0.380357,0.0391875,0.191813,0.558333,0.0,0.0,1.0
0.0365223,-0.0279777,-0.381063,0.0365,0.152375,0.551083,0.0,0.0,1.0
0.0334286,-0.0277232,-0.381839,0.02775,0.1815,0.553583,0.0,0.0,1.0
0.0356518,-0.0242946,-0.381071,0.0230938,0.204031,0.556021,0.0,0.0,1.0
0.0323839,-0.0388929,-0.376732,0.034625,0.198,0.56375,0.0,0.0,1.0
0.0252054,-0.0376339,-0.374357,0.0301875,0.170937,0.558583,0.0,0.0,1.0
0.0252857,-0.0357054,-0.374875,0.029625,0.165813,0.559625,0.0,0.0,1.0
0.0250179,-0.0159375,-0.368232,0.0125,0.173875,0.55525,0.0,0.0,1.0
0.0252054,-0.0392143,-0.359768,0.0353125,0.152562,0.554667,0.0,0.0,1.0
0.0288482,-0.0137946,-0.356821,0.013375,0.16175,0.55475,0.0,0.0,1.0
0.0293571,-0.0309375,-0.351446,0.0274375,0.180063,0.564,0.0,0.0,1.0
0.0276161,-0.00926786,-0.342482,0.00925,0.150063,0.545792,0.0,0.0,1.0
0.0300268,-0.0116786,-0.342054,0.0107187,0.178406,0.540646,0.0,0.0,1.0
0.0306161,-0.0392679,-0.333411,0.0429063,0.152594,0.544229,0.0,0.0,1.0
0.028125,-0.0522321,-0.328571,0.065625,0.121875,0.545833,0.0,0.0,1.0
0.0286205,-0.050933,-0.327348,0.06125,0.129625,0.5325,0.0,0.0,1.0
0.0326518,-0.0510536,-0.320804,0.0653125,0.139,0.535792,0.0,0.0,1.0
0.0383036,-0.0301875,-0.313268,0.0325,0.193687,0.537208,0.0,0.0,1.0
0.0352768,-0.00669643,-0.310446,0.0069375,0.184375,0.539708,0.0,0.0,1.0
0.0355982,-0.025875,-0.302768,0.0293125,0.171,0.539125,0.0,0.0,1.0
0.0334018,-0.0306161,-0.29575,0.0320937,0.173531,0.543771,0.0,0.0,1.0
0.0288884,-0.00979018,-0.28883,0.00775,0.198125,0.5405,0.0,0.0,1.0
0.0319286,-0.0159643,-0.280429,0.014875,0.186312,0.554958,0.0,0.0,1.0
0.0313393,-0.0273214,-0.271607,0.024375,0.19125,0.547083,0.0,0.0,1.0
0.0289821,-0.00814286,-0.263357,0.007875,0.163375,0.521917,0.0,0.0,1.0
0.0322232,-0.0117857,-0.253768,0.0126563,0.163531,0.537687,0.0,0.0,1.0
0.03225,-0.0219643,-0.246679,0.0255625,0.151,0.524125,0.0,0.0,1.0
0.0274821,-0.0167679,-0.240857,0.013375,0.187562,0.537292,0.0,0.0,1.0
0.0305893,-0.0207589,-0.239232,0.0188437,0.183531,0.520854,0.0,0.0,1.0
0.0299063,-0.00716518,-0.231598,0.0063125,0.184938,0.517333,0.0,0.0,1.0
0.03075,-0.0069375,-0.225482,0.00625,0.186,0.518917,0.0,0.0,1.0
0.0357054,-0.0166607,-0.217089,0.018625,0.173812,0.531792,0.0,0.0,1.0
0.0387857,-0.0135536,-0.206286,0.0142812,0.200281,0.517854,0.0,0.0,1.0
0.0400045,-0.0192723,-0.193866,0.0222188,0.188906,0.517646,0.0,0.0,1.0
0.0325045,0.000334821,-0.185937,-0.0003125,0.207188,0.529333,0.0,0.0,1.0
0.0290759,-9.375e-05,-0.180098,6.25e-05,0.218812,0.529167,0.0,0.0,1.0
0.0317277,-0.0255938,-0.168955,0.0201875,0.218938,0.537167,0.0,0.0,1.0
0.0385982,-0.00658929,-0.161911,0.00609375,0.226594,0.539604,0.0,0.0,1.0
0.0439687,-0.000575893,-0.15983,0.00065625,0.217406,0.531896,0.0,0.0,1.0
0.0379821,-0.0220714,-0.138607,0.0224687,0.203094,0.535271,0.0,0.0,1.0
0.0302679,-0.0279107,-0.135857,0.0229688,0.200156,0.539771,0.0,0.0,1.0
0.0291161,-0.0259821,-0.127946,0.0189375,0.21725,0.545792,0.0,0.0,1.0
0.0259955,-0.0239062,-0.119973,0.016,0.2115,0.537333,0.0,0.0,1.0
0.0282054,-0.0186696,-0.108071,0.0138125,0.207312,0.53725,0.0,0.0,1.0
0.0349286,-0.0310446,-0.101232,0.0305625,0.193125,0.539542,0.0,0.0,1.0
0.0273348,0.00735268,-0.0885804,-0.0055,0.199188,0.546125,0.0,0.0,1.0
0.0255134,-0.00845089,-0.0729196,0.0061875,0.189688,0.53975,0.0,0.0,1.0
0.0368304,-0.0255536,-0.063625,0.02525,0.202688,0.544792,0.0,0.0,1.0
0.0352366,-0.0257812,-0.0500089,0.0256875,0.1925,0.532542,0.0,0.0,1.0
0.0360402,-0.00448661,-0.0557411,0.0045625,0.193062,0.5085,0.0,0.0,1.0
0.0350625,-0.00808929,-0.0360893,0.00809375,0.190656,0.515229,0.0,0.0,1.0
0.0295714,-0.00415179,-0.0249821,0.00325,0.205437,0.512792,0.0,0.0,1.0
0.0369375,-0.0240268,-0.0107857,0.023875,0.202438,0.524208,0.0,0.0,1.0
0.0309911,-0.0119196,-0.0100357,0.0090625,0.222312,0.528833,0.0,0.0,1.0
0.0292902,-0.0171295,-0.000205357,0.0118125,0.2315,0.533042,0.0,0.0,1.0
0.0448393,-0.00294643,0.009,0.003125,0.232875,0.534,0.0,0.0,1.0
0.041183,-0.0212277,0.0269196,0.0200312,0.237844,0.532687,0.0,0.0,1.0
0.0492857,0.00774107,0.031375,-0.010125,0.205125,0.527167,0.0,0.0,1.0
0.0394821,-0.0350089,0.0529821,0.0440938,0.170594,0.532687,0.0,0.0,1.0
0.0349554,-0.0302946,0.0668929,0.029125,0.198,0.531333,0.0,0.0,1.0
0.0284866,-0.0296384,0.0723839,0.0214375,0.214375,0.544792,0.0,0.0,1.0
0.03375,-0.0105268,0.084875,0.00828125,0.233281,0.531146,0.0,0.0,1.0
0.0281384,-0.0217098,0.0937232,0.0164375,0.202812,0.531667,0.0,0.0,1.0
0.034433,-0.00630804,0.10542,0.00590625,0.200406,0.522271,0.0,0.0,1.0
0.0353036,-0.0153482,0.122411,0.0145625,0.202875,0.530042,0.0,0.0,1.0
0.0351027,-6.69643e-05,0.126955,9.375e-05,0.183844,0.519729,0.0,0.0,1.0
0.0328125,-0.00755357,0.145875,0.006375,0.211562,0.540542,0.0,0.0,1.0
0.0348616,-0.00539732,0.154205,0.0048125,0.214312,0.549833,0.0,0.0,1.0
0.0271875,-0.0122946,0.17025,0.00846875,0.215344,0.551854,0.0,0.0,1.0
0.0337232,-0.0251786,0.184375,0.0211875,0.218063,0.555083,0.0,0.0,1.0
0.0437411,0.000455357,0.188464,-0.00065625,0.166219,0.510896,0.0,0.0,1.0
0.0400714,-0.00669643,0.205607,0.0085,0.171875,0.52275,0.0,0.0,1.0
0.0323705,0.0303616,0.223205,-0.0266875,0.20075,0.548542,0.0,0.0,1.0
0.033375,0.0135536,0.224286,-0.011125,0.221375,0.550833,0.0,0.0,1.0
0.0341116,0.0100045,0.229438,-0.00884375,0.209906,0.534979,0.0,0.0,1.0
0.037192,-0.000816964,0.243045,0.00075,0.216875,0.534417,0.0,0.0,1.0
0.0286205,-0.000147321,0.253152,9.375e-05,0.219281,0.529604,0.0,0.0,1.0
0.0373125,0.00383036,0.261643,-0.0038125,0.206125,0.545208,0.0,0.0,1.0
0.0425893,-0.00699107,0.271875,0.0095,0.170875,0.538417,0.0,0.0,1.0
0.0451205,-0.00802232,0.27992,0.0128438,0.153594,0.545187,0.0,0.0,1.0
0.0457634,-0.0237455,0.290652,0.033375,0.17725,0.54475,0.0,0.0,1.0
0.043192,-0.00231696,0.30117,0.003125,0.17525,0.515917,0.0,0.0,1.0
0.0388527,0.0186563,0.311455,-0.0201562,0.195906,0.534813,0.0,0.0,1.0
0.0354241,0.0132455,0.30892,-0.01275,0.201,0.543583,0.0,0.0,1.0
0.025058,0.00065625,0.32017,-0.00046875,0.197906,0.535438,0.0,0.0,1.0
0.0379554,0.004875,0.329446,-0.00575,0.175812,0.530875,0.0,0.0,1.0
0.0409821,-0.00310714,0.336821,0.00425,0.163875,0.534333,0.0,0.0,1.0
0.0553929,-0.0370714,0.347929,0.116875,0.0956875,0.559208,0.0,0.0,1.0
0.0219911,-0.0297589,0.349321,0.176656,0.0201562,0.555438,0.0,0.0,1.0
0.0169286,-0.0225,0.347393,0.189156,0.0109688,0.547437,0.0,0.0,1.0
0.0152812,-0.0264777,0.347509,0.192125,0.0115,0.54375,0.0,0.0,1.0
0.031808,-0.0307366,0.351187,0.180719,0.0294688,0.540104,0.0,0.0,1.0
0.034125,-0.0314732,0.355732,0.175187,0.033375,0.539375,0.0,0.0,1.0
0.0359196,-0.0317143,0.352089,0.1675,0.037,0.5375,0.0,0.0,1.0
0.0338839,-0.034875,0.358411,0.175656,0.0365938,0.540354,0.0,0.0,1.0
0.00170089,-0.0312723,0.353527,0.202656,0.00140625,0.546313,0.0,0.0,1.0
0.0222188,-0.0386652,0.358366,0.1945,0.0240625,0.533708,0.0,0.0,1.0
0.00302679,-0.0297589,0.352571,0.199594,0.00246875,0.539604,0.0,0.0,1.0
-0.00143304,-0.0279509,0.353866,0.198531,-0.00109375,0.540563,0.0,0.0,1.0
0.00433929,-0.0268929,0.348143,0.227156,0.00278125,0.528021,0.0,0.0,1.0
