0.0245313,0.006125,-0.634375,-0.00360417,0.0741667,-0.605146,0.0,0.0,1.0
0.0227344,0.00754688,-0.607453,-0.00431771,0.0706823,-0.590568,0.0,0.0,1.0
0.0208789,0.00571484,-0.60716,-0.00286458,0.0740104,-0.589292,0.0,0.0,1.0
0.0217383,0.00433984,-0.615152,-0.00231771,0.0723281,-0.585818,0.0,0.0,1.0
0.0224727,0.00703516,-0.612543,-0.00377083,0.0744583,-0.576542,0.0,0.0,1.0
0.0207734,0.00429688,-0.610914,-0.00222396,0.0712656,-0.565089,0.0,0.0,1.0
0.021293,0.00400391,-0.614621,-0.00213542,0.071125,-0.54599,0.0,0.0,1.0
0.0231797,0.00208594,-0.633875,-0.00113542,0.0755,-0.537719,0.0,0.0,1.0
0.0229062,-0.00291406,-0.61782,0.00191667,0.0619896,-0.516115,0.0,0.0,1.0
0.0210625,-0.00514062,-0.593422,0.0031875,0.0604479,-0.462677,0.0,0.0,1.0
0.0213203,0.00204687,-0.56232,-0.00140625,0.05525,-0.387031,0.0,0.0,1.0
0.0239141,-0.00261719,-0.571938,0.00190625,0.0583333,-0.349615,0.0,0.0,1.0
0.0210938,-5.55112e-17,-0.596094,0.0,0.053125,-0.346875,0.0,0.0,1.0
0.0204883,-0.00401172,-0.610941,0.00233333,0.0625104,-0.329156,0.0,0.0,1.0
0.0327109,0.00438281,-0.646172,-0.00389062,0.0655573,-0.299464,0.0,0.0,1.0
0.0175703,0.0412969,-0.701648,-0.025526,0.050526,-0.300026,0.0,0.0,1.0
0.01625,0.046625,-0.737734,-0.0291615,0.0461927,-0.311172,0.0,0.0,1.0
0.0173984,0.044625,-0.765617,-0.0292865,0.0471406,-0.332307,0.0,0.0,1.0
0.0441094,-0.0189609,-0.799383,0.0515729,0.0288333,-0.342906,0.0,0.0,1.0
0.0200461,0.043507,-0.816445,-0.0291979,0.0531042,-0.343177,0.0,0.0,1.0
0.0151457,0.0487238,-0.846607,-0.0276094,0.0475156,-0.358109,0.0,0.0,1.0
0.0225035,0.0375902,-0.861955,-0.0287604,0.0522917,-0.367615,0.0,0.0,1.0
0.04095,-0.0192695,-0.869469,0.0488854,0.0286979,-0.374396,0.0,0.0,1.0
0.0222,0.0386898,-0.895782,-0.0291719,0.0523385,-0.388161,0.0,0.0,1.0
0.0437891,-0.0131727,-0.881539,0.0313281,0.0327344,-0.415578,0.0,0.0,1.0
0.0149895,0.0303543,-0.884515,-0.0218958,0.0369375,-0.440792,0.0,0.0,1.0
0.0125625,0.0299531,-0.776844,-0.0224531,0.0297865,-0.440766,0.0,0.0,1.0
0.019168,0.0401523,-0.682238,-0.029,0.0471771,-0.418427,0.0,0.0,1.0
0.0458359,-0.0151094,-0.635742,0.0405781,0.030349,-0.405432,0.0,0.0,1.0
0.0472344,-0.0100781,-0.606562,0.0320729,0.0263854,-0.396521,0.0,0.0,1.0
0.0463398,-0.0108477,-0.595566,0.0346198,0.0258177,-0.400151,0.0,0.0,1.0
0.0468203,-0.01325,-0.585711,0.0357448,0.0308594,-0.399672,0.0,0.0,1.0
0.0501875,-0.0125391,-0.575492,0.0332083,0.0336875,-0.392687,0.0,0.0,1.0
0.0488516,-0.0129375,-0.564758,0.0348698,0.032224,-0.379099,0.0,0.0,1.0
0.0506953,-0.0116484,-0.556594,0.0324688,0.0323437,-0.373937,0.0,0.0,1.0
0.0125703,0.0518125,-0.536773,-0.0329062,0.0351667,-0.36451,0.0,0.0,1.0
0.0515078,-0.0116328,-0.523766,0.0318333,0.0334687,-0.36074,0.0,0.0,1.0
0.0503711,-0.0122305,-0.499684,0.033974,0.0322344,-0.352339,0.0,0.0,1.0
0.0116367,0.0521992,-0.467152,-0.0338542,0.0318958,-0.338396,0.0,0.0,1.0
0.0537148,-0.0109883,-0.437207,0.0321302,0.032651,-0.331245,0.0,0.0,1.0
0.053582,-0.0115039,-0.420777,0.0303438,0.0361042,-0.31624,0.0,0.0,1.0
0.0533984,-0.012625,-0.421133,0.0359792,0.0333229,-0.306719,0.0,0.0,1.0
0.0539453,-0.0115234,-0.426594,0.0304792,0.0362813,-0.300135,0.0,0.0,1.0
0.0540547,-0.0124375,-0.399555,0.0328646,0.0363646,-0.285792,0.0,0.0,1.0
0.0135078,0.0563594,-0.359992,-0.035224,0.0384219,-0.249109,0.0,0.0,1.0
0.013707,0.056043,-0.370785,-0.034474,0.0396094,-0.252568,0.0,0.0,1.0
0.0549141,-0.0140781,-0.374461,0.0359063,0.0382604,-0.274104,0.0,0.0,1.0
0.0575625,-0.0134453,-0.356086,0.0364271,0.0377708,-0.260198,0.0,0.0,1.0
0.0574766,-0.0144844,-0.324805,0.039099,0.037849,-0.24412,0.0,0.0,1.0
0.0594414,-0.0169883,-0.298668,0.0475938,0.0377188,-0.235146,0.0,0.0,1.0
0.0600508,-0.017668,-0.277215,0.0489948,0.0385052,-0.232578,0.0,0.0,1.0
0.061125,-0.0173594,-0.259047,0.0468385,0.040276,-0.197224,0.0,0.0,1.0
0.0184609,0.0647031,-0.248883,-0.039724,0.0534531,-0.190547,0.0,0.0,1.0
0.020418,0.0599727,-0.293707,-0.0373958,0.0582083,-0.211688,0.0,0.0,1.0
0.0565391,-0.020875,-0.32857,0.0548229,0.0382708,-0.251656,0.0,0.0,1.0
0.0201719,0.0540547,-0.346602,-0.0347396,0.0558125,-0.29976,0.0,0.0,1.0
0.0528555,-0.0186211,-0.366754,0.0513333,0.0340833,-0.326229,0.0,0.0,1.0
0.0174531,0.0535391,-0.38032,-0.0344948,0.0481615,-0.350661,0.0,0.0,1.0
0.0151484,0.0547188,-0.41057,-0.034776,0.0423698,-0.362589,0.0,0.0,1.0
0.055875,-0.0138437,-0.437031,0.0374635,0.0366927,-0.378807,0.0,0.0,1.0
0.0564961,-0.0142227,-0.464965,0.0376927,0.0378906,-0.387474,0.0,0.0,1.0
0.056125,-0.0139687,-0.493937,0.0382344,0.0364427,-0.396307,0.0,0.0,1.0
0.0578555,-0.0126523,-0.504223,0.037401,0.0348073,-0.414057,0.0,0.0,1.0
0.0572031,-0.0134922,-0.52893,0.0386094,0.0355365,-0.435307,0.0,0.0,1.0
0.0559766,-0.0144219,-0.562742,0.0402396,0.0356667,-0.46474,0.0,0.0,1.0
0.0608281,-0.0138984,-0.584398,0.0404687,0.0371563,-0.492208,0.0,0.0,1.0
0.0583008,-0.0138867,-0.604582,0.0384687,0.0374167,-0.51074,0.0,0.0,1.0
0.0578828,-0.0150703,-0.632875,0.0410156,0.0378177,-0.524578,0.0,0.0,1.0
0.0572305,-0.0156211,-0.677535,0.040125,0.0396042,-0.555667,0.0,0.0,1.0
0.0176328,0.0549609,-0.706844,-0.0367917,0.0468229,-0.581177,0.0,0.0,1.0
0.0181641,0.0547891,-0.737781,-0.0361406,0.0489531,-0.595359,0.0,0.0,1.0
0.0203398,0.0527852,-0.747449,-0.0355417,0.0536979,-0.606302,0.0,0.0,1.0
0.0217813,0.04975,-0.764906,-0.0369531,0.0521406,-0.641266,0.0,0.0,1.0
0.0225406,0.0522516,-0.778025,-0.0381406,0.054901,-0.649786,0.0,0.0,1.0
0.0244,0.0535016,-0.792806,-0.0400885,0.057901,-0.633766,0.0,0.0,1.0
0.0269676,0.0501004,-0.777475,-0.0408542,0.0587917,-0.597438,0.0,0.0,1.0
0.0474648,0.0135273,-0.753457,-0.0149896,0.0761354,-0.531771,0.0,0.0,1.0
0.0286289,0.0451602,-0.748098,-0.0364062,0.0631354,-0.538167,0.0,0.0,1.0
0.0279727,0.0486367,-0.751879,-0.03975,0.0608542,-0.574687,0.0,0.0,1.0
0.0247031,0.0540781,-0.756547,-0.0412135,0.0576302,-0.571911,0.0,0.0,1.0
0.0248359,0.0523906,-0.752055,-0.0405625,0.0570313,-0.540323,0.0,0.0,1.0
0.0213828,0.0565469,-0.748805,-0.0434115,0.0495156,-0.497807,0.0,0.0,1.0
0.0289453,0.043625,-0.719508,-0.0358229,0.0626667,-0.460635,0.0,0.0,1.0
0.0434141,0.018625,-0.676914,-0.0217917,0.0659688,-0.42974,0.0,0.0,1.0
0.0211016,0.0251406,-0.669555,-0.0182344,0.0517344,-0.501901,0.0,0.0,1.0
0.0201016,0.0302891,-0.641234,-0.0176354,0.0613646,-0.570229,0.0,0.0,1.0
0.0223203,0.0297656,-0.630508,-0.0149896,0.0787917,-0.682677,0.0,0.0,1.0
0.0333945,-0.00244141,-0.668652,0.00192604,0.0752469,-0.795924,0.0,0.0,1.0
0.0317148,-0.0147305,-0.701605,0.0145146,0.057226,-0.84972,0.0,0.0,1.0
0.0346094,-0.006625,-0.706156,0.00516406,0.0789297,-0.78843,0.0,0.0,1.0
0.0304414,-0.00383984,-0.720215,0.00286719,0.0724297,-0.788586,0.0,0.0,1.0
0.0306602,-0.00917578,-0.738582,0.00637448,0.0784693,-0.776448,0.0,0.0,1.0
0.0389141,-0.0193594,-0.736023,0.0195224,0.0685891,-0.78511,0.0,0.0,1.0
0.0394688,-0.0167813,-0.719922,0.01715,0.0686281,-0.772045,0.0,0.0,1.0
0.0365664,-0.0177148,-0.711574,0.0171047,0.0673109,-0.765832,0.0,0.0,1.0
0.035668,-0.0142852,-0.71098,0.0130818,0.0692578,-0.765695,0.0,0.0,1.0
0.0368828,-0.0154688,-0.707805,0.0150177,0.0675646,-0.763835,0.0,0.0,1.0
0.0379453,-0.0101484,-0.691875,0.0101521,0.0674479,-0.761667,0.0,0.0,1.0
0.0348516,-0.00959375,-0.668461,0.00889635,0.0667943,-0.757732,0.0,0.0,1.0
0.0346875,0.00328906,-0.658742,-0.00312292,0.0649958,-0.767579,0.0,0.0,1.0
0.0322734,-0.00667969,-0.667234,0.00621042,0.0616719,-0.779589,0.0,0.0,1.0
0.0320156,-0.00770313,-0.672703,0.00736354,0.0595188,-0.781092,0.0,0.0,1.0
0.0319531,-0.00453125,-0.686719,0.00418906,0.0614443,-0.782319,0.0,0.0,1.0
0.0305234,-0.00128125,-0.690914,0.00107656,0.0641453,-0.785364,0.0,0.0,1.0
0.0310352,-0.00366016,-0.718988,0.00342396,0.059026,-0.776974,0.0,0.0,1.0
0.0342813,-0.00969531,-0.748398,0.0102516,0.0576182,-0.768139,0.0,0.0,1.0
0.0331484,-0.00901563,-0.765023,0.00886667,0.0599052,-0.751728,0.0,0.0,1.0
0.0341289,-0.0102695,-0.770918,0.0103229,0.0603437,-0.737375,0.0,0.0,1.0
0.0352734,-0.0111562,-0.783273,0.0110104,0.0635625,-0.709698,0.0,0.0,1.0
0.0376133,-0.00878516,-0.796238,0.00877083,0.0669687,-0.689052,0.0,0.0,1.0
0.0405242,-0.0113211,-0.801985,0.0122813,0.0664271,-0.687542,0.0,0.0,1.0
0.0396285,-0.0121285,-0.806675,0.0122708,0.0696042,-0.690833,0.0,0.0,1.0
0.0415852,-0.0163039,-0.804062,0.0179792,0.0670625,-0.657771,0.0,0.0,1.0
0.0419238,-0.00785352,-0.802244,0.00809896,0.072276,-0.644984,0.0,0.0,1.0
0.0403516,-0.00910156,-0.801031,0.00920833,0.0709063,-0.63801,0.0,0.0,1.0
0.0403906,-0.00925781,-0.786758,0.00922396,0.0720573,-0.641859,0.0,0.0,1.0
0.0399531,-0.00769531,-0.776336,0.00757813,0.0721406,-0.66163,0.0,0.0,1.0
0.0420742,-0.00941797,-0.780379,0.00996875,0.0706458,-0.67451,0.0,0.0,1.0
0.0385,-0.00810156,-0.793883,0.00804167,0.0688958,-0.686146,0.0,0.0,1.0
0.037125,-0.00353906,-0.79993,0.003375,0.0691875,-0.7105,0.0,0.0,1.0
