318.42625,95.2425,474.68125,185.8725,411.98125,293.9475,255.74125,203.3175
290.8875,75.89,435.6375,189.77,362.4225,282.83,217.6725,168.95
294.4725,67.5975,425.3775,204.6075,347.0775,279.4125,216.1725,142.4025
322.82,51.80975,429.215,207.09275,344.48,265.15775,238.085,109.87775
365.8275,29.5545,413.0775,214.6635,315.8025,239.4885,268.5525,54.3855
375.615,24.639,402.465,213.6915,310.485,226.7565,283.635,37.701
371.3275,30.33475,389.9125,222.79675,301.6225,231.31675,283.0375,38.85775
374.77625,33.123125,377.31125,223.611125,293.01125,224.736125,290.49125,34.240625
383.43875,40.866875,370.20875,230.438375,290.75375,224.903375,303.96875,35.324375
394.7025,52.00975,376.0725,238.82275,300.4875,231.27775,319.1175,44.46775
408.35625,57.485625,380.14125,237.943125,306.98625,226.498125,335.18625,46.048125
415.10875,67.613125,374.48875,246.347125,302.44375,229.982125,343.04875,51.240625
410.55375,90.057625,356.19375,261.102625,285.30375,238.572625,339.67875,67.526125
401.085,109.6375,336.645,281.5375,265.275,254.7925,329.715,82.8925
405.815,114.55,338.075,283.63,267.845,255.49,335.585,86.41
405.18,113.89125,342.12,282.94125,269.64,255.91125,332.7,86.84625
404.0925,111.62375,332.2275,278.27375,263.4975,248.64875,335.3625,81.98375
398.13625,121.3,310.56625,278.905,242.99125,241.36,330.57625,83.755
392.94,126.74875,295.14,279.73375,230.04,238.10875,327.84,85.13875
387.0875,131.54375,273.6425,267.65375,209.8025,214.43375,323.2475,78.33875
376.6625,124.5625,261.8525,257.7925,198.8675,203.5075,313.6775,70.2775
372.75125,126.79875,249.39125,247.27875,189.49625,185.97375,312.87125,65.47875
367.9575,130.302375,244.1625,246.357375,185.8725,184.167375,309.6675,68.113875
355.17,147.46875,227.34,251.02875,174.03,185.22375,301.86,81.64875
345.585,158.65,216.54,254.905,164.835,185.59,293.88,89.335
343.76375,163.17,214.50875,253.74,165.59375,183.93,294.86375,93.36
344.535,168.51625,218.07,258.80125,170.385,191.99125,296.85,101.72125
339.93,183.13,218.805,268.51,170.25,199.63,291.375,114.25
336.65125,195.575,218.16625,275.915,171.77125,207.485,290.24125,127.145
326.4125,210.915,214.8125,288.255,168.3575,221.205,279.9575,143.865
317.395,220.03,210.58,294.325,163.705,226.93,270.52,152.635
323.5075,222.75125,221.3125,300.49625,171.4225,234.91625,273.6175,157.18625
330.0,229.1525,228.99,304.1375,177.24,234.4175,278.25,159.4325
324.49625,230.46125,231.81125,312.69125,171.40625,244.62125,264.07625,162.37625
324.195,240.525,226.32,317.82,170.085,246.615,267.96,169.32
331.69625,222.92125,249.15125,320.48125,174.03125,256.94125,256.59125,159.36625
332.88,207.70625,256.65,305.97125,179.04,245.77625,255.27,147.49625
330.6,202.55875,249.585,290.08375,180.3,225.97375,261.315,138.43375
333.725,204.75125,248.615,284.28125,185.075,216.25625,270.185,136.74125
334.11,189.9475,258.15,279.3775,190.95,222.3025,266.91,132.8725
331.49625,182.81875,261.07125,270.17875,194.47125,216.47875,264.91125,129.13375
332.1025,168.3775,265.8925,261.0775,198.1075,212.6725,264.3175,119.9725
338.7375,168.085,273.7875,256.45,207.9525,208.075,272.9025,119.71
342.15625,166.3675,280.43125,259.8925,213.30625,215.5825,275.01625,122.0575
324.945,145.91,317.7,249.29,232.095,243.29,239.34,139.91
329.76125,138.91375,321.85625,242.87875,240.58625,236.69875,248.50625,132.71875
334.48,131.0725,324.085,240.2275,247.0,232.8775,257.395,123.7225
329.2675,125.29375,322.4275,233.15875,249.4225,228.52375,256.2625,120.67375
315.8875,124.135,314.8675,230.17,240.5425,229.465,241.5625,123.43
312.9025,98.91,321.2275,202.425,247.5475,208.35,239.2225,104.835
307.86,87.90375,310.65,188.61375,234.6,190.72875,231.81,90.00375
296.6775,81.6825,308.1825,180.5625,234.5325,189.1275,223.0275,90.2475
296.6175,78.625875,301.6575,174.522375,228.5925,178.362375,223.5525,82.470375
303.4575,58.988625,306.0375,154.748625,232.6725,156.743625,230.0925,60.970125
310.37625,53.621,310.82625,145.0625,238.45125,145.4075,238.01625,53.969
306.225,60.58575,305.7,153.32325,233.955,152.91825,234.48,60.18675
299.16,60.72475,301.695,151.94575,228.72,153.97075,226.185,62.75275
307.0,59.75,307.0,151.25,235.0,151.25,235.0,59.75
309.335,69.359875,308.42,160.736875,237.185,160.031875,238.1,68.656375
303.135,90.0925,303.48,177.3925,232.965,177.6775,232.62,90.3775
301.985,101.72625,300.995,191.59125,228.695,190.79625,229.685,100.91625
296.065,108.5075,300.925,198.5675,230.875,202.3625,226.015,112.3025
294.17,119.94125,301.07,207.33125,230.81,212.88125,223.91,125.47625
295.95,119.81125,295.95,205.23625,224.31,205.23625,224.31,119.82625
284.895,123.67,278.25,210.04,203.805,204.31,210.45,117.94
283.4825,148.8825,238.9925,212.8275,171.5675,165.9075,216.0575,101.9625
261.9275,87.43875,262.9625,172.81875,188.8025,173.73375,187.7675,88.33875
253.9375,76.524125,256.4875,159.664625,178.1125,162.079625,175.5625,78.934625
247.8425,86.498,241.4975,172.0895,160.2275,166.0595,166.5725,80.477
237.25,103.49125,221.26,187.98625,137.11,172.07125,153.1,87.56125
227.2625,96.802125,205.8125,187.987125,121.1675,168.067125,142.6175,76.886625
229.9225,86.23575,204.2275,181.99575,118.4275,158.98575,144.1225,63.21675
233.33625,81.187375,207.26625,177.157375,121.09125,153.742375,147.17625,57.773875
234.48375,79.65975,204.10875,176.51025,118.59375,149.70525,148.98375,52.84275
236.30375,87.842875,196.89875,180.539875,117.71375,146.879875,157.13375,54.178375
237.515,106.385125,186.545,193.280125,111.485,149.255125,162.455,62.358625
242.96,113.307125,186.095,195.897125,112.52,145.242125,169.385,62.656625
251.5875,111.57475,197.1675,198.03475,122.3025,150.90475,176.7225,64.44775
254.1375,111.5155,203.3775,199.3705,127.6725,155.6455,178.4325,67.7845
252.6875,100.555125,205.8125,190.780125,128.3825,150.565125,175.2575,60.338625
256.1325,132.962375,185.0775,203.822375,117.5175,136.067375,188.5725,65.208875
249.9825,147.52625,182.7075,216.12125,113.8275,148.57625,181.1025,79.96625
246.1075,153.957125,171.8275,212.142125,109.4425,132.492125,183.7225,74.311625
239.26375,166.0105,160.46875,194.5705,124.27375,94.7305,203.08375,66.1645
246.3375,158.667875,172.7625,193.452875,126.6525,95.922875,200.2275,61.133375
247.9925,159.904875,181.8425,196.954875,129.0575,102.694875,195.2075,65.646375
253.38,156.152,192.735,197.237,129.78,104.297,190.425,63.218
259.72875,155.157875,201.78375,200.217875,131.50875,109.872875,189.46875,64.808375
268.42,155.96225,213.805,203.19725,137.08,114.48725,191.695,67.25525
277.3675,153.60875,226.6525,206.13875,141.1225,123.54875,191.8375,71.03375
281.5875,159.17,231.1875,213.05,143.8425,131.33,194.2425,77.45
288.5525,161.36375,241.4825,219.30875,152.0975,146.70875,199.1675,88.74875
293.0475,158.28625,250.6725,222.35125,155.4825,159.39625,197.8575,95.31625
303.595,158.3175,262.795,226.9275,162.265,167.1525,203.065,98.5425
311.13,156.31,272.49,228.835,172.29,175.45,210.93,102.925
305.37625,164.9375,268.79125,240.7325,166.73125,191.4725,203.33125,115.6775
296.8825,158.3,276.4975,244.625,166.7875,218.72,187.1725,132.395
298.45,152.6575,278.08,238.6825,171.01,213.3325,191.38,127.3075
303.63375,145.27875,277.39875,230.08875,174.85875,198.37875,201.07875,113.58375
298.1725,147.2175,263.1925,231.0375,167.4775,191.0925,202.4575,107.2725
292.36,149.41875,245.02,235.48875,156.4,186.75375,203.74,100.66875
289.7925,145.165,241.9725,232.03,154.8975,184.075,202.7175,97.21
290.86875,148.2775,234.70875,234.0475,154.68375,181.6525,210.82875,95.8825
288.55375,148.67375,237.20875,236.22875,154.18375,187.52375,205.54375,99.98375
271.2525,120.1075,265.9425,214.7575,160.8975,208.8625,166.2075,114.2125
284.81,162.275,222.185,247.445,143.93,189.905,206.555,104.735
262.95875,127.865,262.59875,225.68,152.33375,225.275,152.67875,127.46
283.965,171.6225,216.72,257.5275,138.135,196.0275,205.38,110.1225
275.25,112.75,275.25,216.25,159.75,216.25,159.75,112.75
311.24,152.52125,242.615,240.99125,160.94,177.66125,229.565,89.17625
282.5,97.0,282.5,205.0,165.5,205.0,165.5,97.0
295.395,135.2975,226.605,234.1775,137.865,172.4525,206.655,73.5725
291.3625,114.25975,230.4175,215.29975,138.1075,159.61975,199.0525,58.58275
286.335,99.412,222.915,199.792,130.125,141.157,193.545,40.783
268.3275,88.988875,203.5875,192.146875,109.1025,132.836875,173.8425,29.692375
250.38,82.76025,186.165,187.80075,88.38,128.01075,152.595,22.98225
247.5,72.432625,183.96,179.024125,83.82,119.324125,147.36,12.746125
257.405,65.251125,194.195,174.170625,92.495,115.145625,155.705,6.227625
262.66625,76.029625,196.83125,186.060625,94.21625,124.665625,160.03625,14.639125
230.055,41.132625,228.66,163.160625,91.245,161.585625,92.64,39.556125
213.967,43.393625,217.987,168.309125,79.942,172.749125,75.928,47.835125
244.57275,97.540625,183.50775,216.700625,66.29475,156.640625,127.36275,37.473125
259.1825,108.437375,196.0175,230.462375,78.2075,169.472375,141.3725,47.448875
266.125,110.28325,204.73,235.21825,83.155,175.48825,144.55,50.54425
271.25,115.08825,207.35,243.15825,83.21,181.22325,147.11,53.14425
270.8475,109.36975,208.9575,239.61475,81.5625,179.08975,143.4525,48.84775
277.215,108.37625,211.5,240.60125,81.525,176.02625,147.24,43.78625
292.195,107.17525,223.99,241.02025,92.185,173.86525,160.39,40.01725
304.105,98.98425,236.365,236.17425,99.055,168.37425,166.795,31.19325
301.2175,88.619625,245.5975,229.604625,101.0125,172.559625,156.6325,31.579125
304.0625,100.54725,234.1775,239.88225,93.1475,169.14225,163.0325,29.81025
303.8525,99.5625,234.9425,238.9425,93.1775,168.8475,162.0875,29.4675
308.12875,94.71025,241.75375,235.68025,96.40375,167.25025,162.76375,26.27725
309.81625,92.9155,241.17625,235.7155,93.95125,164.9455,162.60625,22.1395
301.23625,79.953625,247.59625,228.695125,89.76625,171.785125,143.39125,23.045125
285.55,55.5245,262.54,209.738,90.97,184.148,113.98,29.9255
298.0925,66.065875,258.4025,220.786375,90.2375,177.646375,129.9275,22.930375
304.87875,72.217875,258.58875,229.768875,89.49375,180.088875,135.76875,22.533375
305.58,77.223,257.97,235.356,86.16,183.636,133.77,25.497
304.7325,78.106125,264.8775,239.975625,86.7975,196.130625,126.6525,34.262625
301.7575,68.0085,286.0825,232.3725,101.1325,214.7475,116.8075,50.3715
314.9775,73.4905,285.3225,241.8385,100.6725,209.3185,130.3275,40.9645
308.8025,56.223,290.9225,226.44,98.9075,206.28,116.7875,36.057
309.48875,46.6155,300.77375,217.1385,109.80875,207.3735,118.53875,36.8445
330.19,38.619625,317.47,212.715625,123.01,198.495625,135.73,24.404125
335.255,36.286875,322.52,211.864875,123.065,197.389875,135.8,21.819375
316.49875,32.43,314.96875,208.359,114.85375,206.634,116.36875,30.705
313.92,39.756375,302.91,217.987875,102.6,205.612875,113.61,27.379875
318.65875,32.46175,318.04375,213.62725,113.77375,212.95225,114.37375,31.78075
327.9525,38.31075,326.0325,220.74225,122.7375,218.59725,124.6575,36.17175
324.72,45.580875,326.91,228.498375,118.14,231.003375,115.95,48.090375
321.1725,55.131875,320.4375,240.275375,112.8975,239.450375,113.6325,54.299375
317.7075,55.211,322.7925,244.5335,112.2825,250.1735,107.1975,60.854
329.2775,62.588375,328.3625,253.439375,114.0725,252.419375,114.9875,61.557875
339.695,67.32325,337.85,261.69325,123.905,259.66825,125.75,65.28925
350.0,69.5,350.0,264.5,128.0,264.5,128.0,69.5
340.9,70.4225,339.775,266.6075,118.48,265.3475,119.605,69.1625
326.0475,77.34875,326.2725,276.24875,103.3425,276.48875,103.1175,77.60375
332.54375,76.8125,337.32875,275.6675,116.15375,280.9775,111.38375,82.1225
347.8875,66.65625,352.6275,268.73625,128.7825,273.98625,124.0425,71.89125
351.3825,54.50625,360.5625,255.63675,133.8075,265.98675,124.6275,64.85625
337.3775,43.522625,351.5675,244.081625,126.4325,260.011625,112.2425,59.451125
329.09125,46.677,338.79625,249.5745,111.39625,260.4495,101.70625,57.543
336.74,54.3705,341.54,258.039,113.3,263.409,108.5,59.7495
346.42125,51.940875,355.51125,257.305875,127.90125,267.400875,118.79625,62.025375
352.0175,47.528625,363.2225,252.673125,136.2125,265.078125,125.0075,59.935125
351.695,43.686125,368.18,249.406625,139.085,267.766625,122.6,62.047625
349.64375,41.461375,367.58375,249.167875,137.82875,269.027875,119.87375,61.319875
345.4825,42.28275,368.0725,250.57425,137.2675,275.59425,114.6775,67.31475
334.35875,41.274,360.77375,250.086,130.49375,279.216,104.06375,70.416
327.645,48.2205,354.24,257.1045,122.595,286.6245,96.0,77.7345
323.855,47.243125,354.08,257.400625,122.765,290.670625,92.54,80.520625
315.3325,44.126875,351.1075,254.644375,119.4775,294.019375,83.7025,83.494375
316.61,51.657,346.865,262.773,114.35,296.088,84.095,84.978
314.76875,53.749875,350.42375,264.081375,119.24375,303.291375,83.57375,92.946375
314.26,51.700875,351.7,262.620375,120.04,303.735375,82.6,92.820375
308.89375,49.695375,347.02375,259.885875,115.24375,301.915875,77.12875,91.735875
307.535,49.100875,345.425,259.045375,112.145,301.135375,74.255,91.195375
314.095,46.7,352.825,255.935,121.105,298.82,82.375,89.585
319.0625,40.39875,361.6475,250.89375,130.9475,297.55875,88.3625,87.07875
323.86625,44.850625,361.27625,254.393125,130.98125,295.493125,93.58625,85.958125
318.555,42.856625,360.99,251.907125,128.505,299.097125,86.07,90.042125
320.46,40.968125,359.835,251.320625,128.16,294.685625,88.785,84.340625
322.67375,38.627,361.73375,248.768,130.17875,291.818,91.10375,81.683
317.4225,36.958875,360.7575,247.932375,129.1875,295.512375,85.8525,84.537375
313.505,37.27975,356.075,248.09275,125.135,294.72775,82.565,83.91775
310.5225,33.073875,355.6575,243.732375,126.0675,292.917375,80.9325,82.257375
311.135,31.508625,358.19,241.615125,127.685,293.230125,80.63,83.125125
310.2725,33.0355,358.6925,242.8195,129.2975,295.7695,80.8775,85.9795
306.425,33.91475,358.295,244.75775,130.955,300.69275,79.085,89.85275
309.46375,40.154125,355.33375,251.694625,123.07375,302.049625,77.21875,90.504625
307.4975,44.7065,354.7475,255.9935,122.6525,307.8935,75.4025,96.6185
310.47125,46.4955,355.27625,258.4095,123.21125,307.4895,78.39125,95.5695
311.6975,46.401375,356.3675,259.624875,124.3325,308.239875,79.6625,95.014875
310.5125,49.125,354.5825,259.71,124.9775,307.755,80.9075,97.17
310.4225,46.37025,357.1925,257.86725,126.5075,308.88225,79.7375,97.38225
