0.0992852,0.0801602,-0.519191,-0.0889896,0.15901,0.637615,0.0,0.0,1.0
0.109952,0.0650617,-0.51464,-0.0663646,0.191594,0.595302,0.0,0.0,1.0
0.102219,-0.00328125,-0.480219,0.00264583,0.224896,0.589583,0.0,0.0,1.0
0.115562,-0.000515625,-0.483328,0.000479167,0.214604,0.618042,0.0,0.0,1.0
0.137375,-0.0253125,-0.494344,0.0373854,0.165302,0.611177,0.0,0.0,1.0
0.126086,-0.0212734,-0.511289,0.0391667,0.121708,0.618833,0.0,0.0,1.0
0.143172,0.0155,-0.466578,-0.047,0.0839792,0.585563,0.0,0.0,1.0
0.152437,0.0170625,-0.44925,-0.0470937,0.0982396,0.547823,0.0,0.0,1.0
0.144133,-0.00575781,-0.489867,0.0107917,0.136792,0.463125,0.0,0.0,1.0
0.113703,0.0173906,-0.508281,-0.0147292,0.2385,0.337521,0.0,0.0,1.0
0.0922344,-0.00535937,-0.489969,0.00346875,0.253115,0.294552,0.0,0.0,1.0
0.0905,-0.0290156,-0.470828,0.0181354,0.257594,0.258615,0.0,0.0,1.0
0.0846328,-0.0235078,-0.468117,0.0140521,0.251635,0.240906,0.0,0.0,1.0
0.0921719,-0.00909375,-0.457422,0.00527083,0.282104,0.186792,0.0,0.0,1.0
0.117594,-0.0355,-0.452688,0.0329375,0.22525,0.168604,0.0,0.0,1.0
0.153742,-0.0361641,-0.424742,0.0563542,0.175375,0.185813,0.0,0.0,1.0
0.170937,-0.00935937,-0.410797,0.0339167,0.083875,0.226917,0.0,0.0,1.0
0.153891,0.00242188,-0.390312,-0.00777083,0.0851667,0.238771,0.0,0.0,1.0
0.158125,-0.0245625,-0.360125,0.0527917,0.130792,0.22725,0.0,0.0,1.0
0.132844,-0.0173594,-0.368391,0.0256146,0.160031,0.16249,0.0,0.0,1.0
0.0708203,0.10557,-0.335539,-0.0968125,0.137271,0.149958,0.0,0.0,1.0
0.181391,-0.00953125,-0.372578,0.0295208,0.104083,-0.00939583,0.0,0.0,1.0
0.190148,-0.0241953,-0.388664,0.0674896,0.121198,-0.0941563,0.0,0.0,1.0
0.127547,-0.0654688,-0.446453,0.110125,0.134813,-0.181313,0.0,0.0,1.0
0.106906,-0.00884375,-0.385094,0.00658333,0.255937,-0.224979,0.0,0.0,1.0
0.088,-0.0250937,-0.373281,0.0146771,0.267344,-0.229927,0.0,0.0,1.0
0.0868594,-0.0320469,-0.357531,0.0183646,0.269531,-0.24751,0.0,0.0,1.0
0.103164,0.0118984,-0.368633,-0.0083125,0.262521,-0.243,0.0,0.0,1.0
0.100828,0.00204687,-0.353875,-0.00141667,0.258917,-0.242583,0.0,0.0,1.0
0.0883672,-0.0451016,-0.337117,0.0267083,0.265354,-0.235729,0.0,0.0,1.0
0.0957969,-0.0393594,-0.326187,0.0253437,0.26449,-0.238844,0.0,0.0,1.0
0.0922891,-0.0423359,-0.315336,0.0284375,0.24425,-0.229771,0.0,0.0,1.0
0.102922,-0.0284375,-0.305266,0.0210521,0.247073,-0.234948,0.0,0.0,1.0
0.121813,-0.0220938,-0.296813,0.02075,0.230396,-0.219563,0.0,0.0,1.0
0.129531,-0.0296563,-0.300187,0.0337396,0.202406,-0.18974,0.0,0.0,1.0
0.137938,-0.0510625,-0.31825,0.0724583,0.172813,-0.184604,0.0,0.0,1.0
0.134797,-0.0597812,-0.327141,0.0943333,0.151854,-0.170229,0.0,0.0,1.0
0.113969,-0.0685313,-0.362687,0.139573,0.0994896,-0.174781,0.0,0.0,1.0
0.117555,-0.0541484,-0.34432,0.113542,0.0996458,-0.143146,0.0,0.0,1.0
0.151672,-0.0281094,-0.289688,0.0768229,0.0986979,-0.0955312,0.0,0.0,1.0
0.181125,0.00239062,-0.232828,-0.00692708,0.110969,-0.0807187,0.0,0.0,1.0
0.163961,0.00302344,-0.224367,-0.00579167,0.152437,-0.0764792,0.0,0.0,1.0
0.14357,-0.0571641,-0.174336,0.0989375,0.147458,-0.0824375,0.0,0.0,1.0
0.112656,0.0732187,-0.193594,-0.0771042,0.190229,-0.0933333,0.0,0.0,1.0
0.193383,-0.0330234,-0.177305,0.0702708,0.161521,-0.218625,0.0,0.0,1.0
0.214836,-0.0415078,-0.182508,0.105417,0.150396,-0.302521,0.0,0.0,1.0
0.0761641,0.189398,-0.218898,-0.131183,0.195496,-0.411058,0.0,0.0,1.0
0.107523,0.127586,-0.23807,-0.155319,0.157027,-0.550215,0.0,0.0,1.0
0.0702187,-0.0231562,-0.154594,0.0101844,0.283847,-0.553493,0.0,0.0,1.0
0.0589687,-0.030625,-0.130219,0.0111094,0.288989,-0.563009,0.0,0.0,1.0
0.0902344,0.0168594,-0.113125,-0.0106531,0.25357,-0.570841,0.0,0.0,1.0
0.121383,0.0282422,-0.102602,-0.0435427,0.139968,-0.517218,0.0,0.0,1.0
0.0361094,-0.1685,-0.0244531,0.0603042,0.179408,-0.564013,0.0,0.0,1.0
0.0304297,-0.20843,-0.0413828,0.0559938,0.201365,-0.494031,0.0,0.0,1.0
0.106625,0.0783437,-0.0879375,-0.152546,0.0973375,-0.431129,0.0,0.0,1.0
0.0882031,0.0659219,-0.0469688,-0.0506906,0.203936,-0.498374,0.0,0.0,1.0
0.113156,0.0125625,-0.0184375,-0.0119208,0.211971,-0.576388,0.0,0.0,1.0
0.208516,-4.6875e-05,-0.0414375,0.000119792,0.147618,-0.680368,0.0,0.0,1.0
0.244008,0.0130078,-0.0548047,-0.0330961,0.170498,-0.852218,0.0,0.0,1.0
0.136141,0.0826719,-0.0583437,-0.138316,0.144653,-0.977019,0.0,0.0,1.0
0.0746953,-0.000742187,-0.0779453,0.000708031,0.140207,-0.86117,0.0,0.0,1.0
0.0610078,0.000414062,-0.0670234,-0.000329167,0.136094,-0.870706,0.0,0.0,1.0
0.0734375,-1.38778e-17,-0.0734375,6.93889e-18,0.129167,-0.8625,0.0,0.0,1.0
0.0677031,0.0108906,-0.0726563,-0.00998344,0.131211,-0.870232,0.0,0.0,1.0
0.071625,0.00276563,-0.0771719,-0.00264599,0.132765,-0.862127,0.0,0.0,1.0
0.0732031,-0.001125,-0.0887656,0.00111458,0.130732,-0.863984,0.0,0.0,1.0
0.0598906,0.0422656,-0.0861562,-0.0340238,0.13224,-0.871475,0.0,0.0,1.0
0.0591094,0.0511562,-0.0907031,-0.0402414,0.133569,-0.872057,0.0,0.0,1.0
0.0554922,0.0474453,-0.0928047,-0.031176,0.150147,-0.863576,0.0,0.0,1.0
0.0567109,0.0491797,-0.0951953,-0.0320981,0.154464,-0.858354,0.0,0.0,1.0
0.0595625,0.0515156,-0.0956406,-0.0350393,0.155675,-0.856182,0.0,0.0,1.0
0.0736484,0.0459609,-0.0980547,-0.0342485,0.175695,-0.854339,0.0,0.0,1.0
0.0837656,0.0237031,-0.11125,-0.0190637,0.185153,-0.834992,0.0,0.0,1.0
0.0870937,0.015875,-0.107469,-0.013141,0.187085,-0.823431,0.0,0.0,1.0
0.0926094,0.0212812,-0.0995156,-0.0186476,0.187934,-0.81889,0.0,0.0,1.0
0.102359,-0.000796875,-0.108813,0.000739479,0.198029,-0.80789,0.0,0.0,1.0
0.109953,0.00114062,-0.108031,-0.00119964,0.185316,-0.80987,0.0,0.0,1.0
0.122406,-0.00123438,-0.103703,0.00143777,0.185755,-0.818388,0.0,0.0,1.0
0.135063,-0.00170312,-0.0830156,0.00224132,0.181451,-0.815722,0.0,0.0,1.0
0.148,-0.00185938,-0.0768281,0.00246698,0.197862,-0.80945,0.0,0.0,1.0
0.160453,-0.0112656,-0.0720625,0.0172585,0.186267,-0.78925,0.0,0.0,1.0
0.157937,-0.029375,-0.0869687,0.0491677,0.167757,-0.773341,0.0,0.0,1.0
0.178477,-0.0190234,-0.0640078,0.039451,0.153003,-0.765201,0.0,0.0,1.0
0.178438,-0.0271094,-0.0750469,0.0600892,0.143145,-0.756987,0.0,0.0,1.0
0.14775,-0.0531562,-0.135344,0.127612,0.109416,-0.771491,0.0,0.0,1.0
0.119961,-0.0502578,-0.165773,0.143403,0.0747444,-0.77698,0.0,0.0,1.0
0.121844,-0.0377656,-0.158453,0.107913,0.0758,-0.746217,0.0,0.0,1.0
0.0243281,0.16175,-0.121922,-0.0776458,0.0900833,-0.715769,0.0,0.0,1.0
0.167648,-0.0166328,-0.0996016,0.0682073,0.0726677,-0.703664,0.0,0.0,1.0
0.203906,-0.0107344,-0.0858906,0.0605802,0.0642615,-0.701593,0.0,0.0,1.0
0.180547,-0.00442187,-0.0785938,0.0169146,0.0838583,-0.69344,0.0,0.0,1.0
0.167016,-0.0200469,-0.0825625,0.070625,0.0842792,-0.704742,0.0,0.0,1.0
0.188695,-0.0174766,-0.0629609,0.062651,0.093574,-0.691807,0.0,0.0,1.0
0.173242,-0.0215859,-0.0536016,0.0583031,0.114034,-0.701841,0.0,0.0,1.0
0.164594,-0.0407344,-0.00154687,0.126944,0.0938979,-0.679254,0.0,0.0,1.0
0.161727,-0.0408359,0.00146094,0.133612,0.0878813,-0.686158,0.0,0.0,1.0
0.149453,-0.0398906,0.00725,0.138822,0.0763406,-0.706036,0.0,0.0,1.0
0.174633,-0.0292891,-0.0124922,0.116258,0.0782104,-0.746973,0.0,0.0,1.0
0.0243203,0.201773,-0.0191953,-0.0760385,0.114745,-0.765826,0.0,0.0,1.0
0.0180937,0.224141,-0.0412656,-0.0664246,0.108545,-0.795425,0.0,0.0,1.0
0.224187,-0.0145313,-0.0338125,0.095904,0.0603915,-0.820808,0.0,0.0,1.0
0.215336,-0.0140547,-0.0319609,0.100229,0.0536955,-0.841466,0.0,0.0,1.0
0.0176484,0.195461,-0.00964844,-0.0699255,0.087713,-0.848501,0.0,0.0,1.0
0.121664,-0.0188828,-0.0442891,0.0420912,0.0969995,-0.860654,0.0,0.0,1.0
0.123555,-0.0160078,-0.0343516,0.031504,0.11161,-0.859319,0.0,0.0,1.0
0.128523,0.000820312,-0.0145391,-0.00149958,0.126021,-0.867925,0.0,0.0,1.0
0.10725,0.0124063,-0.0105625,-0.0175584,0.134786,-0.874907,0.0,0.0,1.0
0.0937812,-0.000109375,-0.0212344,0.00014,0.141941,-0.862673,0.0,0.0,1.0
0.0848437,-0.001,-0.0317812,0.00107008,0.141417,-0.853717,0.0,0.0,1.0
0.0834297,0.00282031,-0.0356484,-0.00278466,0.150144,-0.846159,0.0,0.0,1.0
0.0810156,-0.00309375,-0.0423281,0.00275466,0.1617,-0.843662,0.0,0.0,1.0
0.082875,-0.00221875,-0.0411875,0.00197302,0.165981,-0.827208,0.0,0.0,1.0
0.0791719,-0.00173438,-0.0442187,0.0013896,0.175451,-0.827779,0.0,0.0,1.0
0.0759375,-0.0069375,-0.0499375,0.00514206,0.182109,-0.813746,0.0,0.0,1.0
0.0722109,-0.0174453,-0.0522734,0.0117731,0.190204,-0.814602,0.0,0.0,1.0
0.0740781,-0.0147656,-0.0512813,0.00990823,0.196131,-0.805072,0.0,0.0,1.0
0.080125,-0.0116875,-0.0489063,0.00813448,0.204674,-0.794936,0.0,0.0,1.0
0.0845703,-0.00402344,-0.0526016,0.00283798,0.213089,-0.791214,0.0,0.0,1.0
0.0932969,-0.0044375,-0.0501094,0.00335823,0.219094,-0.775907,0.0,0.0,1.0
0.0914766,-0.00216406,-0.0478828,0.00152465,0.229547,-0.766026,0.0,0.0,1.0
0.0861406,-0.0260313,-0.0397969,0.0175493,0.227012,-0.73747,0.0,0.0,1.0
0.0948281,-0.045625,-0.0385781,0.033355,0.23059,-0.735611,0.0,0.0,1.0
0.104195,-0.0460703,-0.0368359,0.0383277,0.222667,-0.710459,0.0,0.0,1.0
0.11432,-0.0537734,-0.0331172,0.0493103,0.221619,-0.700014,0.0,0.0,1.0
0.114414,-0.0692578,-0.0365859,0.0703771,0.200175,-0.673633,0.0,0.0,1.0
0.123531,-0.0662813,-0.0337187,0.0813135,0.179005,-0.664901,0.0,0.0,1.0
0.122328,-0.0919375,-0.0407344,0.117385,0.170356,-0.638285,0.0,0.0,1.0
-0.0948438,-0.118359,-0.0440469,0.14388,-0.138684,-0.610355,0.0,0.0,1.0
0.120477,-0.0822734,-0.0617891,0.154926,0.113745,-0.579176,0.0,0.0,1.0
0.0970781,-0.083875,-0.0809844,0.180049,0.0803948,-0.576653,0.0,0.0,1.0
0.0922187,-0.0825313,-0.0835625,0.191247,0.070749,-0.560705,0.0,0.0,1.0
0.0760234,0.0973516,-0.0936797,-0.0629531,0.208999,-0.554291,0.0,0.0,1.0
0.0574063,0.0866563,-0.0890312,-0.0484375,0.182569,-0.499923,0.0,0.0,1.0
0.0404375,0.139437,-0.0611563,-0.059399,0.168732,-0.438753,0.0,0.0,1.0
0.0297813,0.189531,-0.018625,-0.0602531,0.166482,-0.394607,0.0,0.0,1.0
0.0426172,0.175273,0.0261953,-0.0646375,0.20545,-0.350221,0.0,0.0,1.0
0.0573906,0.159984,0.0225,-0.0693344,0.235418,-0.410793,0.0,0.0,1.0
0.0811328,0.0188047,0.0315391,-0.0105844,0.256189,-0.516064,0.0,0.0,1.0
0.0797188,-0.00659375,0.0614375,0.00337396,0.277247,-0.487122,0.0,0.0,1.0
0.0677656,-0.0201562,0.0762969,0.00892187,0.27203,-0.436655,0.0,0.0,1.0
0.0690313,-0.00121875,0.0788438,0.000541667,0.275965,-0.445131,0.0,0.0,1.0
0.0667187,0.00639063,0.0965469,-0.00270937,0.279495,-0.381036,0.0,0.0,1.0
0.0780781,0.011125,0.0986719,-0.00547813,0.282005,-0.346068,0.0,0.0,1.0
0.101016,-0.00071875,0.105141,0.000520833,0.251771,-0.296042,0.0,0.0,1.0
0.117617,-0.00185156,0.119086,0.00175,0.221667,-0.24275,0.0,0.0,1.0
0.128727,-0.0177422,0.114727,0.0181875,0.223229,-0.221208,0.0,0.0,1.0
0.128312,-0.00304687,0.126109,0.00314583,0.221042,-0.203229,0.0,0.0,1.0
0.123078,-0.0162187,0.118453,0.0154896,0.229198,-0.193677,0.0,0.0,1.0
0.120359,-0.00642188,0.126781,0.00538542,0.255365,-0.187448,0.0,0.0,1.0
0.110031,-0.00135937,0.126953,0.00109375,0.243448,-0.183219,0.0,0.0,1.0
0.103109,0.00479688,0.131969,-0.00363542,0.241781,-0.176698,0.0,0.0,1.0
