0.0175417,-0.000208333,0.386542,4.6875e-05,0.0419062,0.361703,0.0,0.0,1.0
0.0204792,-0.000270833,0.387792,6.25e-05,0.0485,0.36375,0.0,0.0,1.0
0.0195937,-0.00690625,0.387552,0.00157031,0.0484141,0.363602,0.0,0.0,1.0
0.0246458,-0.0166667,0.388479,0.00464844,0.0497734,0.36168,0.0,0.0,1.0
0.0191146,-0.00823958,0.383844,0.00175,0.0503437,0.360063,0.0,0.0,1.0
0.018875,0.000458333,0.381375,-9.375e-05,0.0471406,0.362953,0.0,0.0,1.0
0.0205937,-0.00698958,0.37649,0.00152344,0.0533516,0.37082,0.0,0.0,1.0
0.0222083,-0.0015,0.369208,0.000375,0.0497187,0.375031,0.0,0.0,1.0
0.0234375,-0.0176458,0.360333,0.004875,0.047625,0.375844,0.0,0.0,1.0
0.0199063,-0.00028125,0.355115,6.25e-05,0.053125,0.378344,0.0,0.0,1.0
0.0210312,-0.00426042,0.35651,0.000859375,0.0580937,0.380766,0.0,0.0,1.0
0.0183021,-0.00967708,0.346698,0.00197656,0.0503984,0.37268,0.0,0.0,1.0
0.0188958,-0.00133333,0.343396,0.000273438,0.0518672,0.373164,0.0,0.0,1.0
0.0177396,-0.00265625,0.341073,0.000515625,0.0507344,0.375031,0.0,0.0,1.0
0.0208646,-0.00457292,0.342635,0.00117188,0.0460781,0.370031,0.0,0.0,1.0
0.0204687,0.00594792,0.34524,-0.00139844,0.0490234,0.374758,0.0,0.0,1.0
0.0208333,0.00639583,0.348812,-0.0015625,0.0479687,0.376969,0.0,0.0,1.0
0.018,0.000520833,0.344813,-0.000109375,0.0491875,0.377953,0.0,0.0,1.0
0.0204896,-0.000260417,0.346906,6.25e-05,0.04875,0.3805,0.0,0.0,1.0
0.0218958,-0.0016875,0.353458,0.000453125,0.0464219,0.376,0.0,0.0,1.0
0.0203542,-0.01,0.348104,0.00246875,0.0464063,0.383594,0.0,0.0,1.0
0.0219062,-0.0148021,0.34201,0.00405469,0.0449141,0.382508,0.0,0.0,1.0
0.0208333,2.77556e-17,0.35,0.0,0.04375,0.38125,0.0,0.0,1.0
0.0232083,-0.0204792,0.353188,0.00482812,0.0552813,0.382609,0.0,0.0,1.0
0.0210208,-0.0103542,0.353542,0.00260937,0.0467656,0.386875,0.0,0.0,1.0
0.0257708,-0.0200833,0.355521,0.00595313,0.0489688,0.387328,0.0,0.0,1.0
0.0242708,-0.0202292,0.3585,0.00546094,0.0506016,0.391758,0.0,0.0,1.0
0.0195833,-0.00647917,0.371146,0.00128906,0.0552734,0.401633,0.0,0.0,1.0
0.0191667,-0.001625,0.377,0.000304688,0.0571953,0.411508,0.0,0.0,1.0
0.0223125,-0.0119375,0.368583,0.00278906,0.0537109,0.419508,0.0,0.0,1.0
0.0193542,-0.003125,0.368354,0.000554688,0.0612109,0.41307,0.0,0.0,1.0
0.0180208,-0.000625,0.361229,0.000109375,0.0557344,0.416031,0.0,0.0,1.0
0.0223854,0.000135417,0.36474,-3.125e-05,0.0563594,0.412609,0.0,0.0,1.0
0.0215833,-0.0115,0.361667,0.0023125,0.0605938,0.405937,0.0,0.0,1.0
0.021375,-0.011375,0.358167,0.00239062,0.0573594,0.403656,0.0,0.0,1.0
0.0208958,-0.00197917,0.353667,0.0004375,0.0533125,0.401781,0.0,0.0,1.0
0.0224583,0.0005625,0.344563,-0.000125,0.0581406,0.405516,0.0,0.0,1.0
0.0231042,-0.00691667,0.340354,0.00170312,0.0529062,0.410422,0.0,0.0,1.0
0.0266042,0.00841667,0.339687,-0.00225781,0.0558984,0.419727,0.0,0.0,1.0
0.023125,-0.000708333,0.33225,0.00015625,0.06025,0.431031,0.0,0.0,1.0
0.0237708,-0.00208333,0.329854,0.000453125,0.0607813,0.439297,0.0,0.0,1.0
0.0212292,-0.00197917,0.328,0.000429687,0.0551328,0.450195,0.0,0.0,1.0
0.0191042,-0.0051875,0.317125,0.001,0.0559063,0.437875,0.0,0.0,1.0
0.0176875,-0.00225,0.312646,0.000390625,0.0586406,0.426719,0.0,0.0,1.0
0.0168437,-0.00184375,0.320156,0.000296875,0.059125,0.415609,0.0,0.0,1.0
0.022375,-0.0020625,0.310979,0.000476563,0.0546016,0.401758,0.0,0.0,1.0
0.0242708,-0.018875,0.295438,0.00546094,0.0471641,0.39007,0.0,0.0,1.0
0.0192604,-0.0180729,0.28349,0.004125,0.0474688,0.383969,0.0,0.0,1.0
0.0194896,-0.00588542,0.282469,0.00121875,0.0530156,0.387453,0.0,0.0,1.0
0.0206354,0.00667708,0.27999,-0.00148437,0.0521406,0.386438,0.0,0.0,1.0
0.0193542,-0.00314583,0.272042,0.000617188,0.0556953,0.389773,0.0,0.0,1.0
0.0196458,-0.0058125,0.2835,0.00114062,0.05625,0.401609,0.0,0.0,1.0
0.02275,-0.011125,0.280958,0.0024375,0.0584062,0.403094,0.0,0.0,1.0
0.0191458,-0.00372917,0.279542,0.000679687,0.0595078,0.399836,0.0,0.0,1.0
0.0257812,-0.0197813,0.272594,0.00520313,0.0550781,0.397531,0.0,0.0,1.0
0.0214583,-0.00141667,0.273958,0.000289063,0.0599297,0.389461,0.0,0.0,1.0
0.0242292,-0.0159583,0.264521,0.004125,0.0526719,0.394234,0.0,0.0,1.0
0.0191458,-0.0018125,0.255917,0.000328125,0.0581875,0.389422,0.0,0.0,1.0
0.0208958,-0.00779167,0.246812,0.00160156,0.0572891,0.390805,0.0,0.0,1.0
0.0214375,-0.0114167,0.242604,0.00234375,0.0587969,0.392109,0.0,0.0,1.0
0.0216667,-0.00075,0.240625,0.00015625,0.0580781,0.386578,0.0,0.0,1.0
0.0219375,8.33333e-05,0.226146,-1.5625e-05,0.0606562,0.379641,0.0,0.0,1.0
0.0215625,-0.016,0.221646,0.00309375,0.0626875,0.377344,0.0,0.0,1.0
0.0201146,-0.0108646,0.219802,0.00216406,0.0568203,0.378805,0.0,0.0,1.0
0.0200833,-0.0128333,0.220708,0.00265625,0.0545469,0.378109,0.0,0.0,1.0
0.0183229,-0.00259375,0.216677,0.000445313,0.0606328,0.376039,0.0,0.0,1.0
0.0203125,-0.00958333,0.217896,0.00190625,0.0575,0.379813,0.0,0.0,1.0
0.0185833,-0.00922917,0.228062,0.00159375,0.0602656,0.386578,0.0,0.0,1.0
0.0225417,-0.0143542,0.225479,0.00332812,0.0547969,0.385781,0.0,0.0,1.0
0.0222188,-0.0121979,0.23124,0.00275,0.0555156,0.383953,0.0,0.0,1.0
0.0179167,-0.000208333,0.232083,3.125e-05,0.0613906,0.383297,0.0,0.0,1.0
0.0222188,-0.00926042,0.230573,0.00210938,0.054875,0.381109,0.0,0.0,1.0
0.0251979,-0.00384375,0.228073,0.000992188,0.0547578,0.380523,0.0,0.0,1.0
0.0230625,-0.00935417,0.221542,0.00232031,0.0523203,0.37982,0.0,0.0,1.0
0.0204375,-0.0003125,0.221167,6.25e-05,0.05825,0.369563,0.0,0.0,1.0
0.0170417,2.77556e-17,0.220625,0.0,0.0591563,0.365844,0.0,0.0,1.0
0.0202917,-0.007375,0.21725,0.00138281,0.0608672,0.360836,0.0,0.0,1.0
0.0228958,0.0026875,0.2205,-0.000546875,0.0622344,0.359281,0.0,0.0,1.0
0.0217292,-0.00377083,0.214458,0.00071875,0.0633125,0.350656,0.0,0.0,1.0
0.0205104,-0.00734375,0.210656,0.00132813,0.0639063,0.341484,0.0,0.0,1.0
0.0211146,-0.00711458,0.20449,0.00148437,0.0569844,0.327969,0.0,0.0,1.0
0.0222708,-0.0004375,0.202583,8.59375e-05,0.0628984,0.317695,0.0,0.0,1.0
0.02025,-0.00777083,0.201354,0.00153125,0.058,0.298937,0.0,0.0,1.0
0.0195521,-0.00871875,0.19901,0.00165625,0.0578281,0.291859,0.0,0.0,1.0
0.0212083,-0.0123333,0.191625,0.0025,0.0586875,0.283375,0.0,0.0,1.0
0.02275,-0.0122917,0.188792,0.0024375,0.0645313,0.277594,0.0,0.0,1.0
0.0197083,-0.000979167,0.188229,0.000164062,0.0654453,0.271867,0.0,0.0,1.0
0.0173229,0.000135417,0.186969,-2.34375e-05,0.0609453,0.267039,0.0,0.0,1.0
0.0190208,-0.00647917,0.181083,0.001125,0.0615625,0.260563,0.0,0.0,1.0
0.0220833,-0.0065625,0.182146,0.00128125,0.0638281,0.254328,0.0,0.0,1.0
0.0204687,-9.375e-05,0.183698,1.5625e-05,0.0587031,0.250125,0.0,0.0,1.0
0.0197708,-0.000708333,0.188187,0.000132813,0.0602109,0.25043,0.0,0.0,1.0
0.0213542,-0.004125,0.187229,0.00084375,0.0591719,0.248797,0.0,0.0,1.0
0.0199271,-0.00280208,0.192615,0.000523438,0.0605078,0.248945,0.0,0.0,1.0
0.0191458,-0.0061875,0.190583,0.00110156,0.0603984,0.253398,0.0,0.0,1.0
0.0220417,-0.0153125,0.190563,0.00294531,0.0644297,0.256758,0.0,0.0,1.0
0.0215625,0.00110417,0.196,-0.00021875,0.0591563,0.260062,0.0,0.0,1.0
0.0223021,-0.00084375,0.193844,0.000171875,0.060875,0.272266,0.0,0.0,1.0
0.0205729,-0.00503125,0.191802,0.00110156,0.0527422,0.273695,0.0,0.0,1.0
0.0205521,-0.00253125,0.19274,0.000609375,0.0489219,0.273156,0.0,0.0,1.0
0.0215,-0.00379167,0.189,0.000929688,0.0492578,0.269398,0.0,0.0,1.0
0.0222812,-0.0151979,0.188802,0.00371094,0.0512891,0.268273,0.0,0.0,1.0
0.0192708,-0.0079375,0.1875,0.00165625,0.0521406,0.263984,0.0,0.0,1.0
0.0229167,2.77556e-17,0.185417,0.0,0.05,0.265625,0.0,0.0,1.0
0.0219583,-0.000354167,0.177937,8.59375e-05,0.0504922,0.267992,0.0,0.0,1.0
0.0229167,2.77556e-17,0.172917,0.0,0.0484375,0.267188,0.0,0.0,1.0
0.0229167,1.38778e-17,0.16875,0.0,0.05,0.26875,0.0,0.0,1.0
0.0228125,-0.009,0.148563,0.00214062,0.0540469,0.269594,0.0,0.0,1.0
0.0248229,0.00655208,0.145802,-0.00154687,0.0589687,0.274734,0.0,0.0,1.0
0.0229167,2.77556e-17,0.135417,0.0,0.0609375,0.273438,0.0,0.0,1.0
0.0218958,-0.0011875,0.12325,0.000234375,0.0623125,0.272891,0.0,0.0,1.0
0.0199583,-0.00235417,0.122188,0.00046875,0.0569687,0.279281,0.0,0.0,1.0
0.0198646,-0.00148958,0.11901,0.0003125,0.0526094,0.272453,0.0,0.0,1.0
0.0223125,0.001625,0.126396,-0.000382812,0.0525234,0.277789,0.0,0.0,1.0
0.0260625,0.00647917,0.12425,-0.00175781,0.0540547,0.276242,0.0,0.0,1.0
0.0222917,-0.00320833,0.119792,0.000765625,0.0523594,0.273625,0.0,0.0,1.0
0.0223958,-0.00025,0.119187,6.25e-05,0.0547031,0.276203,0.0,0.0,1.0
0.0230417,-0.0020625,0.117854,0.000484375,0.0552656,0.282187,0.0,0.0,1.0
0.0219167,-0.000645833,0.115354,0.000148437,0.0514922,0.278836,0.0,0.0,1.0
0.0236667,-0.00272917,0.112229,0.00065625,0.0550469,0.277422,0.0,0.0,1.0
0.021,-0.001,0.112083,0.000210938,0.0547734,0.271258,0.0,0.0,1.0
0.0228542,0.000270833,0.112833,-6.25e-05,0.0496719,0.269891,0.0,0.0,1.0
0.0199896,-0.00169792,0.108885,0.0004375,0.0440469,0.266484,0.0,0.0,1.0
0.0217292,-0.00308333,0.110937,0.00078125,0.0482187,0.27025,0.0,0.0,1.0
0.0214063,-0.00703125,0.108802,0.00158594,0.0533047,0.278383,0.0,0.0,1.0
0.01875,1.38778e-17,0.114583,0.0,0.04375,0.290625,0.0,0.0,1.0
0.0246979,0.00463542,0.124573,-0.00142187,0.0451719,0.30675,0.0,0.0,1.0
0.0217708,-0.000583333,0.123854,0.000132813,0.0526172,0.304727,0.0,0.0,1.0
0.0194896,-0.00157292,0.121635,0.000328125,0.0517656,0.305219,0.0,0.0,1.0
0.0198646,-0.00861458,0.121573,0.00199219,0.0483516,0.30093,0.0,0.0,1.0
0.0236667,-0.000916667,0.124417,0.000257812,0.0463672,0.300648,0.0,0.0,1.0
0.022625,-0.002125,0.126458,0.000515625,0.0518906,0.307187,0.0,0.0,1.0
0.0219896,-0.000197917,0.12376,4.6875e-05,0.0549687,0.307922,0.0,0.0,1.0
0.0229167,1.38778e-17,0.127083,0.0,0.0515625,0.298438,0.0,0.0,1.0
0.0234167,-0.00547917,0.129313,0.00134375,0.0534062,0.297,0.0,0.0,1.0
0.0238333,-0.005375,0.129,0.00128125,0.0565156,0.300109,0.0,0.0,1.0
0.0245625,-0.000645833,0.125208,0.00015625,0.0579375,0.300625,0.0,0.0,1.0
0.0239792,-0.0135625,0.123708,0.00299219,0.0610703,0.304258,0.0,0.0,1.0
0.0235417,-0.00570833,0.123958,0.00125781,0.0598516,0.30318,0.0,0.0,1.0
0.0212083,-0.0011875,0.120646,0.000234375,0.0626563,0.302609,0.0,0.0,1.0
0.0250208,-0.000145833,0.11725,3.125e-05,0.05975,0.309031,0.0,0.0,1.0
0.0229167,1.38778e-17,0.114583,0.0,0.05625,0.30625,0.0,0.0,1.0
0.0229167,1.38778e-17,0.114583,0.0,0.059375,0.303125,0.0,0.0,1.0
0.0256146,-0.00473958,0.111719,0.00107812,0.0639531,0.313594,0.0,0.0,1.0
0.0246458,-0.010125,0.108396,0.00221875,0.0633437,0.313125,0.0,0.0,1.0
0.0224792,-0.00760417,0.108042,0.00155469,0.0619609,0.302914,0.0,0.0,1.0
0.0224063,-0.00911458,0.107135,0.001875,0.0615625,0.301812,0.0,0.0,1.0
0.0222708,-0.0081875,0.102667,0.00167188,0.0614063,0.298797,0.0,0.0,1.0
0.0217917,-0.00775,0.0945833,0.00148437,0.0639687,0.301047,0.0,0.0,1.0
0.02225,-0.00677083,0.0906458,0.00139063,0.0609063,0.291984,0.0,0.0,1.0
0.0206875,-0.0108958,0.0820833,0.0023125,0.0548594,0.282516,0.0,0.0,1.0
0.0213542,-0.0115,0.0729375,0.00239062,0.0579063,0.282641,0.0,0.0,1.0
0.0226979,-0.0149271,0.0670938,0.00344531,0.0552266,0.278773,0.0,0.0,1.0
0.0210312,-0.00840625,0.0635312,0.00196875,0.050375,0.265719,0.0,0.0,1.0
0.0212083,-0.00577083,0.0427292,0.00132813,0.0519844,0.257625,0.0,0.0,1.0
0.0180417,-0.0155417,0.0343333,0.003,0.0524844,0.249891,0.0,0.0,1.0
0.0208021,-0.0143229,0.0221354,0.00320312,0.0524688,0.242828,0.0,0.0,1.0
0.0189792,-0.0141875,0.0178333,0.00286719,0.0528203,0.252414,0.0,0.0,1.0
0.0219896,-0.00515625,0.0169896,0.00126563,0.0501875,0.262516,0.0,0.0,1.0
0.0238229,-0.0140729,0.00921875,0.00396875,0.0474844,0.273578,0.0,0.0,1.0
0.0229792,-0.0109167,0.00697917,0.00286719,0.0491484,0.281086,0.0,0.0,1.0
0.0198021,-0.0123646,0.0198646,0.00269531,0.0510078,0.297742,0.0,0.0,1.0
0.0199479,-0.00130208,0.0446354,0.000289063,0.0507578,0.305461,0.0,0.0,1.0
0.025375,-0.0113333,0.0725417,0.00271875,0.0595,0.314469,0.0,0.0,1.0
0.0229167,1.38778e-17,0.102083,6.93889e-18,0.0453125,0.317187,0.0,0.0,1.0
0.0275625,0.0109583,0.139479,-0.00317187,0.0534219,0.314312,0.0,0.0,1.0
0.0261042,0.00635417,0.174458,-0.00178125,0.0524063,0.322188,0.0,0.0,1.0
0.0225313,0.00196875,0.191406,-0.00046875,0.0528594,0.321703,0.0,0.0,1.0
0.0230417,-0.00160417,0.187104,0.000390625,0.0527344,0.315031,0.0,0.0,1.0
0.0264375,-0.0138542,0.178125,0.00395312,0.0519844,0.297656,0.0,0.0,1.0
0.0278229,-0.0111771,0.18424,0.00328906,0.0531172,0.27593,0.0,0.0,1.0
0.0287188,-0.0117188,0.182094,0.00359375,0.0527031,0.269641,0.0,0.0,1.0
0.0284583,-0.0141042,0.160021,0.00426563,0.0528906,0.28275,0.0,0.0,1.0
0.0252708,-0.00708333,0.125188,0.00178125,0.0561719,0.299578,0.0,0.0,1.0
0.0300417,-0.00641667,0.0818333,0.00204687,0.0529688,0.318641,0.0,0.0,1.0
0.0289063,-0.0106771,0.0388229,0.00299219,0.0580547,0.31468,0.0,0.0,1.0
0.0297083,-0.00779167,0.0275417,0.0023125,0.0564531,0.298203,0.0,0.0,1.0
0.0242292,-0.0117083,0.00477083,0.00296094,0.0539141,0.284539,0.0,0.0,1.0
0.0253542,-0.0117083,-0.0156042,0.00295312,0.0564844,0.26875,0.0,0.0,1.0
0.0273021,-0.0132813,-0.0407812,0.00378906,0.0538203,0.268289,0.0,0.0,1.0
0.0240417,-0.00933333,-0.063,0.00257813,0.0488594,0.276906,0.0,0.0,1.0
0.0251146,-0.0193854,-0.0799271,0.00527344,0.0519297,0.286211,0.0,0.0,1.0
0.0220833,-0.004,-0.0935417,0.00090625,0.0551094,0.290078,0.0,0.0,1.0
0.0253021,-0.00134375,-0.109469,0.000359375,0.0540781,0.296062,0.0,0.0,1.0
0.0224375,-0.0141875,-0.131167,0.00335938,0.0531875,0.304391,0.0,0.0,1.0
0.0233542,-0.0189792,-0.148583,0.00453906,0.0549297,0.313523,0.0,0.0,1.0
0.0223542,-0.0157708,-0.165917,0.0038125,0.0521406,0.313328,0.0,0.0,1.0
0.0214687,-0.00751042,-0.17524,0.00166406,0.0544766,0.307945,0.0,0.0,1.0
0.0204792,-0.000125,-0.178813,3.125e-05,0.0562656,0.318422,0.0,0.0,1.0
0.0173333,-0.00552083,-0.189437,0.000984375,0.0549375,0.324203,0.0,0.0,1.0
0.0145521,-0.00396875,-0.193385,0.0005625,0.0585938,0.333406,0.0,0.0,1.0
0.0157708,-0.00954167,-0.194979,0.001375,0.0614375,0.333281,0.0,0.0,1.0
0.0224271,-0.0149062,-0.200323,0.003375,0.0558906,0.332453,0.0,0.0,1.0
0.0244167,-0.00429167,-0.197,0.00111719,0.0531484,0.33007,0.0,0.0,1.0
0.0205937,0.000114583,-0.191281,-2.34375e-05,0.0558516,0.330773,0.0,0.0,1.0
0.0200417,-0.00120833,-0.180625,0.00025,0.0558125,0.331781,0.0,0.0,1.0
0.0229167,-2.77556e-17,-0.164583,0.0,0.0546875,0.335938,0.0,0.0,1.0
0.0208333,-2.77556e-17,-0.15,0.0,0.05625,0.328125,0.0,0.0,1.0
0.0237604,0.00355208,-0.133948,-0.000851562,0.0560547,0.315273,0.0,0.0,1.0
0.0248542,-0.00541667,-0.126312,0.0014375,0.0529375,0.306531,0.0,0.0,1.0
0.0261458,-0.00977083,-0.115292,0.00245313,0.0586562,0.294859,0.0,0.0,1.0
0.0275208,-0.0128542,-0.104667,0.00359375,0.0554531,0.289266,0.0,0.0,1.0
0.0297917,-0.00295833,-0.0942917,0.000835938,0.0597266,0.303414,0.0,0.0,1.0
0.0270833,-2.08167e-17,-0.09375,0.0,0.05625,0.309375,0.0,0.0,1.0
0.0229167,-2.08167e-17,-0.0770833,0.0,0.0578125,0.320312,0.0,0.0,1.0
0.0270833,-6.93889e-18,-0.0645833,6.93889e-18,0.05625,0.328125,0.0,0.0,1.0
0.0270833,-0.00075,-0.05975,0.000195313,0.0585078,0.318102,0.0,0.0,1.0
0.0296458,-0.00420833,-0.0510625,0.00123438,0.0567656,0.319063,0.0,0.0,1.0
0.0236458,-0.00814583,-0.0540833,0.00196094,0.0551172,0.318273,0.0,0.0,1.0
0.0234687,-0.00015625,-0.0733021,3.90625e-05,0.0556641,0.316242,0.0,0.0,1.0
0.0209271,-0.00182292,-0.0912604,0.00040625,0.0528594,0.319422,0.0,0.0,1.0
0.0201875,-0.00564583,-0.101333,0.00125,0.05125,0.336313,0.0,0.0,1.0
0.0189896,-0.00728125,-0.102885,0.00129687,0.0601875,0.331109,0.0,0.0,1.0
0.0213542,-0.0060625,-0.108375,0.00139063,0.0523594,0.339938,0.0,0.0,1.0
0.0239688,-0.00680208,-0.112802,0.0015,0.0611563,0.348031,0.0,0.0,1.0
0.0232396,-0.00123958,-0.111448,0.000265625,0.0619688,0.348078,0.0,0.0,1.0
0.0239688,-0.00732292,-0.112281,0.0015,0.0658125,0.3465,0.0,0.0,1.0
0.0246146,-0.0105104,-0.108198,0.0023125,0.0630781,0.349234,0.0,0.0,1.0
0.0245833,-0.00610417,-0.114937,0.00127344,0.0663359,0.351539,0.0,0.0,1.0
0.0223125,-0.00633333,-0.104813,0.00128906,0.0617734,0.353211,0.0,0.0,1.0
0.0223542,-0.000770833,-0.0935417,0.00015625,0.0631406,0.352859,0.0,0.0,1.0
0.0202292,0.000125,-0.0909792,-1.5625e-05,0.06175,0.346891,0.0,0.0,1.0
0.0250312,0.00505208,-0.0838854,-0.00121094,0.0587266,0.33732,0.0,0.0,1.0
0.0240104,0.00357292,-0.0828438,-0.000828125,0.0575,0.336734,0.0,0.0,1.0
0.0215625,-0.0093125,-0.0773333,0.0019375,0.058125,0.350812,0.0,0.0,1.0
0.021125,-8.33333e-05,-0.06975,1.5625e-05,0.0666406,0.339656,0.0,0.0,1.0
0.0217708,0.00395833,-0.0664792,-0.000710937,0.0684453,0.34193,0.0,0.0,1.0
0.0202708,0.003,-0.0592292,-0.000546875,0.0627187,0.345266,0.0,0.0,1.0
0.0285417,0.00395833,-0.0585,-0.000976562,0.0654922,0.35043,0.0,0.0,1.0
0.0301042,0.00416667,-0.0567708,-0.000976562,0.0717422,0.362852,0.0,0.0,1.0
0.0291667,0.0,-0.0583333,0.0,0.065625,0.36875,0.0,0.0,1.0
0.031125,0.000583333,-0.0442917,-0.00015625,0.0627031,0.379016,0.0,0.0,1.0
0.033625,0.00416667,-0.05275,-0.00104688,0.0750625,0.403672,0.0,0.0,1.0
0.0305625,0.00427083,-0.0629167,-0.00103125,0.0711875,0.406531,0.0,0.0,1.0
0.0372604,-0.00336458,-0.0657187,0.000921875,0.0770469,0.416156,0.0,0.0,1.0
0.0347083,-0.00216667,-0.0814167,0.000515625,0.0824375,0.427266,0.0,0.0,1.0
0.0357917,-0.007625,-0.084125,0.0021875,0.0703906,0.443891,0.0,0.0,1.0
0.0349687,-0.0252396,-0.0817604,0.00738281,0.0672734,0.445086,0.0,0.0,1.0
0.0364688,-0.0135938,-0.100906,0.00402344,0.0693203,0.439008,0.0,0.0,1.0
0.030375,-0.00729167,-0.0905833,0.00195312,0.0637344,0.438469,0.0,0.0,1.0
0.032625,-0.0154583,-0.0894583,0.00359375,0.0789063,0.415594,0.0,0.0,1.0
0.0286875,-0.0238542,-0.0871667,0.0050625,0.0760313,0.413375,0.0,0.0,1.0
0.0305104,-0.0120521,-0.0910313,0.00260937,0.079125,0.411141,0.0,0.0,1.0
0.0308646,-0.0199271,-0.0969063,0.00383594,0.0900547,0.408711,0.0,0.0,1.0
0.0335,-0.0269167,-0.0922083,0.00575,0.0881719,0.408328,0.0,0.0,1.0
0.0279583,-0.00677083,-0.0844375,0.00127344,0.0840547,0.404445,0.0,0.0,1.0
0.0259687,-0.0191979,-0.0851562,0.0030625,0.0914062,0.400031,0.0,0.0,1.0
0.0266875,-0.0174375,-0.08575,0.00279688,0.0933906,0.405437,0.0,0.0,1.0
0.0269375,-0.0151667,-0.0748542,0.002625,0.0874844,0.420391,0.0,0.0,1.0
0.0307708,-0.00872917,-0.0722083,0.00165625,0.0909844,0.426984,0.0,0.0,1.0
0.0287292,-0.0135833,-0.0599375,0.00226562,0.0968281,0.424688,0.0,0.0,1.0
0.0256875,-0.0158542,-0.0549167,0.00232031,0.0988828,0.435508,0.0,0.0,1.0
0.0324167,-0.014375,-0.0432917,0.002625,0.0999687,0.433469,0.0,0.0,1.0
0.0299375,-0.0211875,-0.03325,0.00332812,0.107406,0.437516,0.0,0.0,1.0
0.0371875,-0.0275625,-0.04,0.00607812,0.0948594,0.448469,0.0,0.0,1.0
0.0348438,-0.0113854,-0.0206563,0.00228125,0.0980625,0.453156,0.0,0.0,1.0
0.0371563,-0.0109063,-0.0189687,0.00223438,0.101906,0.470078,0.0,0.0,1.0
0.0414688,-0.00761458,-0.0238021,0.00166406,0.10693,0.47457,0.0,0.0,1.0
0.0401458,-0.00429167,-0.0248125,0.000921875,0.104687,0.475109,0.0,0.0,1.0
0.0403333,-0.01075,-0.0285833,0.00215625,0.113063,0.487031,0.0,0.0,1.0
0.0420208,-0.011375,-0.0371458,0.00232031,0.115977,0.498023,0.0,0.0,1.0
0.0462083,-0.00302083,-0.0559375,0.00065625,0.119375,0.501562,0.0,0.0,1.0
0.0523333,-0.000520833,-0.0708125,0.000132813,0.118977,0.514352,0.0,0.0,1.0
0.0569687,-0.00201042,-0.0673646,0.00053125,0.120922,0.504828,0.0,0.0,1.0
0.0578958,-0.004375,-0.0597708,0.00115625,0.123625,0.508594,0.0,0.0,1.0
0.0631042,-0.00291667,-0.0725208,0.000859375,0.120016,0.509125,0.0,0.0,1.0
0.0590313,-0.0119896,-0.0750938,0.00309375,0.129187,0.515188,0.0,0.0,1.0
0.0597292,0.00139583,-0.09825,-0.00034375,0.136297,0.531516,0.0,0.0,1.0
0.0591875,-0.0035,-0.0963125,0.000929688,0.126523,0.529023,0.0,0.0,1.0
0.0518229,-0.00205208,-0.0942396,0.000445313,0.133648,0.52857,0.0,0.0,1.0
0.0493958,-0.0137083,-0.0960625,0.00277344,0.137477,0.506805,0.0,0.0,1.0
0.0460729,-0.00723958,-0.10049,0.00134375,0.139422,0.499609,0.0,0.0,1.0
0.0430312,-0.0114479,-0.109052,0.00208594,0.133055,0.484367,0.0,0.0,1.0
0.0430104,-0.0129062,-0.121281,0.00235937,0.13275,0.477484,0.0,0.0,1.0
0.0427708,-0.015875,-0.124979,0.00278906,0.137086,0.461477,0.0,0.0,1.0
0.04325,-0.00825,-0.135042,0.00142969,0.140805,0.447648,0.0,0.0,1.0
0.0415729,-0.0125729,-0.132969,0.00210156,0.139789,0.440773,0.0,0.0,1.0
0.04175,-0.0122708,-0.128604,0.00211719,0.135758,0.43307,0.0,0.0,1.0
0.0426458,-0.0115625,-0.118292,0.00207813,0.133125,0.431141,0.0,0.0,1.0
0.0451042,-0.0121458,-0.112042,0.0024375,0.126766,0.434609,0.0,0.0,1.0
0.0458542,-0.0102083,-0.101271,0.00203125,0.1295,0.438563,0.0,0.0,1.0
0.0470625,-0.0120833,-0.0970208,0.00249219,0.128148,0.435977,0.0,0.0,1.0
0.0455208,-0.0129167,-0.0963958,0.00259375,0.127719,0.44225,0.0,0.0,1.0
0.0446042,-0.0207083,-0.103646,0.004125,0.125859,0.434016,0.0,0.0,1.0
0.0474479,-0.0204271,-0.102698,0.00465625,0.117203,0.430641,0.0,0.0,1.0
0.0497917,-0.0182083,-0.103958,0.003875,0.131563,0.430406,0.0,0.0,1.0
0.04825,-0.0137292,-0.112812,0.0026875,0.138953,0.432109,0.0,0.0,1.0
0.0493958,0.000520833,-0.142167,-0.000117187,0.129945,0.436039,0.0,0.0,1.0
0.0486146,0.00107292,-0.19299,-0.00021875,0.136422,0.445922,0.0,0.0,1.0
0.0534687,-0.00888542,-0.204615,0.00197656,0.135289,0.460055,0.0,0.0,1.0
0.052625,-0.0103542,-0.233479,0.00229687,0.133516,0.457844,0.0,0.0,1.0
0.050875,-0.00316667,-0.23975,0.000648437,0.139258,0.467398,0.0,0.0,1.0
0.0502708,-0.00235417,-0.259833,0.000492188,0.137305,0.474727,0.0,0.0,1.0
0.0540104,-0.00155208,-0.300594,0.00034375,0.138313,0.473125,0.0,0.0,1.0
0.0548542,-0.013125,-0.307521,0.00282031,0.14357,0.483586,0.0,0.0,1.0
0.0543021,-0.0212812,-0.308615,0.00479688,0.1355,0.493172,0.0,0.0,1.0
0.0578646,-0.0212396,-0.303302,0.005125,0.134875,0.50575,0.0,0.0,1.0
0.0585417,-0.0189583,-0.295125,0.00517188,0.120844,0.503391,0.0,0.0,1.0
0.0572187,-0.0111354,-0.304302,0.0025625,0.139047,0.518234,0.0,0.0,1.0
0.0546042,-0.018,-0.284813,0.00396094,0.139492,0.526117,0.0,0.0,1.0
0.0505,-0.01225,-0.266667,0.00245313,0.142094,0.526828,0.0,0.0,1.0
0.0476667,-0.00822917,-0.239229,0.00157813,0.139062,0.528453,0.0,0.0,1.0
0.0461667,-0.00208333,-0.2305,0.000390625,0.138109,0.525844,0.0,0.0,1.0
0.0499792,-0.0150208,-0.22175,0.0030625,0.137891,0.525891,0.0,0.0,1.0
0.0448021,-0.0186771,-0.202573,0.00339062,0.138891,0.5455,0.0,0.0,1.0
0.0420833,-0.0225833,-0.204417,0.00370313,0.144203,0.548813,0.0,0.0,1.0
0.0427292,-0.0264792,-0.201333,0.00432813,0.146984,0.560469,0.0,0.0,1.0
0.0527083,-0.0221458,-0.204396,0.00471094,0.139227,0.556055,0.0,0.0,1.0
0.0485417,-0.0276458,-0.209729,0.00575,0.131187,0.551562,0.0,0.0,1.0
0.0495104,-0.0242813,-0.194052,0.00460937,0.147047,0.56275,0.0,0.0,1.0
0.0475833,-0.020125,-0.195375,0.0035625,0.150781,0.558,0.0,0.0,1.0
0.0470625,-0.0236875,-0.206167,0.00423437,0.148219,0.543328,0.0,0.0,1.0
0.0455,-0.0195417,-0.217208,0.00329687,0.151078,0.525406,0.0,0.0,1.0
0.0463542,-0.0176875,-0.248417,0.00302344,0.152367,0.49293,0.0,0.0,1.0
0.0520833,-0.0294375,-0.261396,0.00578906,0.148961,0.474102,0.0,0.0,1.0
0.0502292,-0.0209792,-0.25525,0.00410938,0.144516,0.4695,0.0,0.0,1.0
0.0530938,-0.0201771,-0.254552,0.00415625,0.144969,0.453781,0.0,0.0,1.0
0.0532187,-0.0195312,-0.219031,0.00403125,0.145297,0.457547,0.0,0.0,1.0
0.0548125,-0.000854167,-0.180167,0.0001875,0.142234,0.475703,0.0,0.0,1.0
0.0533021,-0.0108646,-0.138115,0.00225,0.144125,0.484812,0.0,0.0,1.0
0.0469896,-0.00534375,-0.107573,0.000953125,0.148406,0.482266,0.0,0.0,1.0
0.0518021,-0.00884375,-0.0659271,0.00170312,0.151313,0.494453,0.0,0.0,1.0
0.0515833,-0.000645833,-0.0310208,0.000125,0.149562,0.514406,0.0,0.0,1.0
0.0568125,-0.0035625,-0.0125,0.000820312,0.139023,0.522961,0.0,0.0,1.0
0.0579375,-0.00604167,0.0149792,0.00154687,0.127562,0.515891,0.0,0.0,1.0
0.056875,-0.00897917,0.0414792,0.00211719,0.135445,0.528492,0.0,0.0,1.0
0.059875,-0.006,0.0628333,0.00140625,0.143891,0.531297,0.0,0.0,1.0
0.0577396,-0.00942708,0.0888646,0.00210156,0.14543,0.522711,0.0,0.0,1.0
0.0537917,-0.00947917,0.0988542,0.00210156,0.136383,0.506367,0.0,0.0,1.0
0.0543125,-0.00925,0.107354,0.001875,0.150328,0.499016,0.0,0.0,1.0
0.0552917,-0.0192708,0.115938,0.0044375,0.135188,0.477844,0.0,0.0,1.0
0.0535208,-0.0196458,0.133542,0.00445312,0.132875,0.467391,0.0,0.0,1.0
0.053625,-0.0189583,0.138667,0.00427344,0.133945,0.463914,0.0,0.0,1.0
0.0492396,-0.0249896,0.138719,0.00467187,0.148047,0.466719,0.0,0.0,1.0
0.0510833,-0.02475,0.1385,0.00497656,0.142742,0.46368,0.0,0.0,1.0
0.0558333,-0.0194792,0.135229,0.00458594,0.133367,0.456711,0.0,0.0,1.0
0.0479479,-0.0170104,0.149302,0.00316406,0.144898,0.479414,0.0,0.0,1.0
0.0456146,-0.0319896,0.14451,0.00570313,0.144109,0.479469,0.0,0.0,1.0
0.0444271,-0.0334896,0.13274,0.00573438,0.146016,0.479438,0.0,0.0,1.0
0.0450937,-0.0407604,0.12974,0.00696875,0.148312,0.476344,0.0,0.0,1.0
0.0465417,-0.0024375,0.123479,0.0004375,0.145781,0.462344,0.0,0.0,1.0
0.0459792,-0.037375,0.106812,0.00635938,0.151891,0.469594,0.0,0.0,1.0
0.0484375,-0.0359583,0.110104,0.00645312,0.151688,0.466828,0.0,0.0,1.0
0.0470833,-0.0377083,0.123375,0.0064375,0.155141,0.451516,0.0,0.0,1.0
0.0460313,-0.00573958,0.149302,0.00105469,0.141555,0.432992,0.0,0.0,1.0
0.04725,-0.01425,0.134458,0.00271875,0.139703,0.435859,0.0,0.0,1.0
0.0462604,-0.0112813,0.126885,0.00210156,0.139727,0.435852,0.0,0.0,1.0
0.0449792,-0.01625,0.127521,0.00289063,0.142141,0.443812,0.0,0.0,1.0
0.0480312,-0.0232187,0.116719,0.00442187,0.141984,0.4365,0.0,0.0,1.0
0.0540625,-0.017625,0.121437,0.00414062,0.1295,0.416078,0.0,0.0,1.0
0.0502917,-0.0192917,0.119667,0.00371875,0.146969,0.410844,0.0,0.0,1.0
0.0506042,-0.0200417,0.115062,0.0039375,0.144641,0.398141,0.0,0.0,1.0
0.0536458,-0.0137292,0.11125,0.0029375,0.140859,0.404516,0.0,0.0,1.0
0.0538542,-0.0150208,0.111708,0.00324219,0.140461,0.391727,0.0,0.0,1.0
0.0566458,-0.0163542,0.117958,0.00379688,0.137313,0.369953,0.0,0.0,1.0
0.0514792,-0.0181667,0.131187,0.00371094,0.141711,0.348805,0.0,0.0,1.0
0.0604583,-0.0157083,0.139375,0.00422656,0.126523,0.327648,0.0,0.0,1.0
0.0600521,-0.0191562,0.151052,0.00478906,0.135023,0.337055,0.0,0.0,1.0
0.0603646,-0.0179271,0.151823,0.00470312,0.129375,0.317422,0.0,0.0,1.0
0.0568229,-0.0234896,0.146948,0.00482812,0.155516,0.338,0.0,0.0,1.0
0.055875,-0.0149167,0.15275,0.00359375,0.130609,0.308203,0.0,0.0,1.0
0.0544375,-0.0176458,0.166042,0.00360938,0.149641,0.326813,0.0,0.0,1.0
0.0485833,-0.016875,0.170833,0.00301563,0.152844,0.341797,0.0,0.0,1.0
0.0522708,-0.0185,0.174104,0.00364062,0.149562,0.346609,0.0,0.0,1.0
0.0506146,-0.0273646,0.169656,0.005,0.155797,0.354547,0.0,0.0,1.0
0.05025,-0.032,0.167208,0.00576562,0.156828,0.365594,0.0,0.0,1.0
0.0498125,-0.0284167,0.158896,0.0050625,0.157172,0.387047,0.0,0.0,1.0
0.0525104,-0.0333854,0.158802,0.00696875,0.141391,0.393047,0.0,0.0,1.0
0.0536042,-0.0339375,0.143417,0.00689063,0.148531,0.414797,0.0,0.0,1.0
0.0478333,-0.0301458,0.141604,0.00495313,0.163625,0.435172,0.0,0.0,1.0
0.0496354,-0.0313854,0.132135,0.00514062,0.170312,0.449484,0.0,0.0,1.0
0.0537604,-0.0334479,0.12476,0.00590625,0.171312,0.448969,0.0,0.0,1.0
0.0511146,-0.0226979,0.131552,0.00373437,0.175094,0.454984,0.0,0.0,1.0
0.0577708,-0.0267083,0.150521,0.00495313,0.175109,0.456313,0.0,0.0,1.0
0.0536458,-0.0319375,0.151417,0.00541406,0.17807,0.459414,0.0,0.0,1.0
0.0558229,-0.0339063,0.150323,0.00617188,0.172719,0.447328,0.0,0.0,1.0
0.0602708,-0.0242292,0.157292,0.00474219,0.173195,0.444914,0.0,0.0,1.0
0.0603854,-0.0218021,0.163531,0.00414062,0.179094,0.445141,0.0,0.0,1.0
0.0585625,-0.0218542,0.174167,0.00396875,0.181703,0.432984,0.0,0.0,1.0
0.062875,-0.0279583,0.190458,0.0054375,0.181797,0.428016,0.0,0.0,1.0
0.0636875,-0.0277083,0.186396,0.00542188,0.183406,0.445703,0.0,0.0,1.0
0.0643333,-0.0233125,0.184104,0.00441406,0.19093,0.457992,0.0,0.0,1.0
0.0656771,-0.0125937,0.18374,0.00240625,0.193578,0.458078,0.0,0.0,1.0
0.0651458,-0.0176458,0.181958,0.0034375,0.187781,0.444625,0.0,0.0,1.0
0.0663854,-0.0179271,0.162469,0.00357031,0.187336,0.436336,0.0,0.0,1.0
0.0660625,-0.0238125,0.162083,0.00489844,0.180664,0.432086,0.0,0.0,1.0
0.0654688,-0.0293646,0.17526,0.00577344,0.187398,0.436039,0.0,0.0,1.0
0.0719792,-0.0242708,0.162208,0.00557031,0.176477,0.427305,0.0,0.0,1.0
0.0756042,-0.0213542,0.155208,0.00478906,0.189789,0.445555,0.0,0.0,1.0
0.0707396,-0.0200729,0.158052,0.00375,0.21325,0.468719,0.0,0.0,1.0
0.0739063,-0.00842708,0.147073,0.0015625,0.223375,0.470781,0.0,0.0,1.0
0.0763646,-0.0231354,0.147073,0.0046875,0.212031,0.4555,0.0,0.0,1.0
0.0801042,-0.0251042,0.1405,0.00503125,0.224328,0.472984,0.0,0.0,1.0
0.0781354,-0.0234479,0.12674,0.00453125,0.227313,0.469438,0.0,0.0,1.0
0.0790833,-0.0160417,0.135292,0.003,0.238031,0.489344,0.0,0.0,1.0
0.0786458,-0.0233333,0.148146,0.00417187,0.247781,0.522422,0.0,0.0,1.0
0.0819479,-0.0258229,0.14976,0.00474219,0.250773,0.55457,0.0,0.0,1.0
0.0820208,-0.026,0.145604,0.00485156,0.247398,0.559164,0.0,0.0,1.0
0.0819375,-0.025125,0.150604,0.00465625,0.248688,0.573625,0.0,0.0,1.0
0.0842917,-0.0264167,0.147667,0.005,0.250781,0.603875,0.0,0.0,1.0
0.0883125,-0.0311875,0.150417,0.00609375,0.254328,0.632516,0.0,0.0,1.0
0.0866875,-0.0265417,0.150312,0.0050625,0.255688,0.642156,0.0,0.0,1.0
0.0845833,-0.0264792,0.133896,0.0049375,0.254906,0.631656,0.0,0.0,1.0
0.0841458,-0.0236042,0.120917,0.00480469,0.232633,0.59407,0.0,0.0,1.0
0.0833646,-0.0358437,0.10401,0.00672656,0.250008,0.596383,0.0,0.0,1.0
0.0876667,-0.0292917,0.0843333,0.00571875,0.25275,0.589125,0.0,0.0,1.0
0.08425,-0.00720833,0.0623333,0.00136719,0.248648,0.557133,0.0,0.0,1.0
0.0871875,-0.034125,0.0375625,0.0066875,0.250281,0.505281,0.0,0.0,1.0
0.0865,-0.0350625,0.0240208,0.00682813,0.249641,0.467,0.0,0.0,1.0
0.0849479,-0.0339688,0.0396146,0.00640625,0.253734,0.450203,0.0,0.0,1.0
0.0872917,-0.0384375,0.0353125,0.00747656,0.252352,0.460227,0.0,0.0,1.0
0.0865417,-0.0375833,0.0412917,0.00714844,0.255727,0.466008,0.0,0.0,1.0
0.0900729,-0.0298437,0.0587396,0.00600781,0.251539,0.466477,0.0,0.0,1.0
0.0852708,-0.040375,0.0543125,0.007625,0.253953,0.468266,0.0,0.0,1.0
0.0838438,-0.0396979,0.0586146,0.00735937,0.254547,0.486875,0.0,0.0,1.0
0.0952708,-0.0610625,0.0557917,0.01275,0.256906,0.495531,0.0,0.0,1.0
0.0822396,-0.0468646,0.0758854,0.00832812,0.260437,0.493016,0.0,0.0,1.0
0.0848021,-0.0485104,0.0780312,0.00889063,0.260422,0.490594,0.0,0.0,1.0
0.0875417,-0.0443958,0.0753542,0.00844531,0.258883,0.480055,0.0,0.0,1.0
0.0901354,-0.0484479,0.0758646,0.00953906,0.257586,0.472695,0.0,0.0,1.0
0.0922813,-0.0538021,0.0729271,0.0110625,0.252422,0.469828,0.0,0.0,1.0
0.095625,-0.0536458,0.0664792,0.0116094,0.248703,0.458469,0.0,0.0,1.0
0.0894167,-0.0475417,0.078875,0.00942969,0.253664,0.465883,0.0,0.0,1.0
0.0872083,-0.0446667,0.0860417,0.00835938,0.262109,0.477313,0.0,0.0,1.0
0.0821042,-0.0437708,0.115208,0.00765625,0.263828,0.503203,0.0,0.0,1.0
0.0803958,-0.0427708,0.133542,0.00714062,0.270859,0.550094,0.0,0.0,1.0
0.0845833,-0.0303958,0.129521,0.00541406,0.26718,0.590617,0.0,0.0,1.0
0.0889063,-0.0281563,0.13451,0.005375,0.261297,0.595922,0.0,0.0,1.0
0.0917083,-0.0151458,0.147563,0.00296094,0.263414,0.584117,0.0,0.0,1.0
0.0832917,-0.0252292,0.154229,0.0044375,0.266297,0.596609,0.0,0.0,1.0
0.0875625,-0.029875,0.133188,0.00541406,0.271539,0.587242,0.0,0.0,1.0
0.0925,-0.0348542,0.106854,0.00669531,0.270914,0.57893,0.0,0.0,1.0
0.0937604,-0.0348229,0.0609271,0.00680469,0.269789,0.579711,0.0,0.0,1.0
0.0943021,-0.0435729,0.0459062,0.00875781,0.263945,0.548789,0.0,0.0,1.0
0.0974271,-0.0586562,0.0338854,0.0122578,0.262305,0.518102,0.0,0.0,1.0
0.0973646,-0.0490313,0.0359063,0.0102578,0.261867,0.502555,0.0,0.0,1.0
0.0982812,-0.0497813,0.0336563,0.010625,0.258984,0.495859,0.0,0.0,1.0
0.0975417,-0.0468542,0.0270625,0.010375,0.247906,0.480625,0.0,0.0,1.0
0.0975833,-0.0593958,0.0322292,0.0130781,0.249359,0.487875,0.0,0.0,1.0
0.0971354,-0.0560104,0.0364062,0.012125,0.252266,0.494828,0.0,0.0,1.0
0.0943542,-0.0541042,0.039,0.0115156,0.249375,0.497984,0.0,0.0,1.0
0.0929479,-0.0494271,0.0415729,0.0105078,0.245883,0.534461,0.0,0.0,1.0
0.0889063,-0.0391979,0.0475313,0.00801563,0.244734,0.526656,0.0,0.0,1.0
0.0838438,-0.0421771,0.0611771,0.00838281,0.237195,0.52743,0.0,0.0,1.0
0.0785625,-0.0318125,0.0924583,0.00590625,0.237906,0.530312,0.0,0.0,1.0
0.0835208,-0.0376875,0.0996667,0.00746875,0.237219,0.532875,0.0,0.0,1.0
0.0799167,-0.0355208,0.112062,0.00696094,0.229398,0.532977,0.0,0.0,1.0
0.0781458,-0.0299375,0.0999167,0.00573438,0.229781,0.533797,0.0,0.0,1.0
0.0832188,-0.0261563,0.0865937,0.0055,0.222813,0.509844,0.0,0.0,1.0
0.0784583,-0.0237083,0.0805,0.00480469,0.217445,0.488539,0.0,0.0,1.0
0.0799271,-0.0302188,0.0726979,0.00640625,0.212031,0.479813,0.0,0.0,1.0
0.0803542,-0.0263125,0.0622083,0.00567969,0.209461,0.465383,0.0,0.0,1.0
0.0778229,-0.0153437,0.0478646,0.00330469,0.20368,0.454898,0.0,0.0,1.0
0.0759375,-0.0276042,0.0288333,0.00575,0.205047,0.463859,0.0,0.0,1.0
0.0723542,-0.0322292,0.0163333,0.00625781,0.209586,0.467352,0.0,0.0,1.0
0.0721354,-0.0337396,-0.00563542,0.00674219,0.203055,0.460289,0.0,0.0,1.0
0.0718125,-0.0190625,-0.0133333,0.00376562,0.204484,0.457344,0.0,0.0,1.0
0.0698542,-0.0212292,-0.0130833,0.00415625,0.201297,0.459141,0.0,0.0,1.0
0.0653542,-0.0141458,-0.0188333,0.00257813,0.201703,0.459437,0.0,0.0,1.0
0.0627708,-0.0129583,-0.0176042,0.00225781,0.203039,0.454648,0.0,0.0,1.0
0.066625,-0.0178958,-0.0193958,0.0033125,0.202703,0.451828,0.0,0.0,1.0
0.0624062,-0.0258854,-0.0294896,0.00457031,0.19907,0.446305,0.0,0.0,1.0
0.0584688,-0.0287604,-0.0258646,0.00498438,0.189609,0.438313,0.0,0.0,1.0
0.0533542,-0.0168958,-0.0207083,0.00276563,0.183578,0.424062,0.0,0.0,1.0
0.0537917,-0.0231875,-0.0231042,0.00382813,0.183453,0.420312,0.0,0.0,1.0
0.0512917,-0.0176875,-0.0186042,0.00284375,0.179219,0.416281,0.0,0.0,1.0
0.0517917,-0.0232708,-0.0170625,0.00388281,0.174539,0.424617,0.0,0.0,1.0
0.052125,-0.025625,-0.01825,0.00428906,0.174977,0.423555,0.0,0.0,1.0
0.0520625,-0.0235833,-0.0107292,0.00397656,0.17368,0.414789,0.0,0.0,1.0
0.0490417,-0.0123333,-0.00616667,0.00194531,0.17468,0.418867,0.0,0.0,1.0
0.0495833,-0.018625,0.003625,0.00301563,0.172516,0.417563,0.0,0.0,1.0
0.0499063,-0.0190521,0.0127188,0.00319531,0.167086,0.421273,0.0,0.0,1.0
0.0507188,-0.0133229,0.0135521,0.00228125,0.165719,0.421281,0.0,0.0,1.0
0.0488958,-0.0262292,0.020625,0.00446875,0.161344,0.421094,0.0,0.0,1.0
0.04575,-0.022625,0.0344167,0.0035625,0.163641,0.429078,0.0,0.0,1.0
0.0454375,-0.0228125,0.0479167,0.00342969,0.169867,0.436664,0.0,0.0,1.0
0.0453646,-0.0235937,0.0716562,0.00367187,0.163969,0.440859,0.0,0.0,1.0
0.0472083,-0.000875,0.0820417,0.000148437,0.161227,0.443117,0.0,0.0,1.0
0.0455,-0.00166667,0.0920417,0.00028125,0.154828,0.448984,0.0,0.0,1.0
0.0501979,-0.00126042,0.0952813,0.000226562,0.153633,0.44632,0.0,0.0,1.0
0.0491875,-0.00941667,0.0981875,0.00179688,0.145875,0.454172,0.0,0.0,1.0
0.0515,-0.0194792,0.100188,0.00371875,0.151766,0.462609,0.0,0.0,1.0
0.0504167,-0.0063125,0.109146,0.00115625,0.154516,0.472328,0.0,0.0,1.0
0.0508646,-0.0179687,0.101323,0.00329687,0.155984,0.479969,0.0,0.0,1.0
0.0502708,-0.0198333,0.102604,0.00353906,0.158555,0.487711,0.0,0.0,1.0
0.0471771,-0.0361771,0.109927,0.00613281,0.156523,0.496289,0.0,0.0,1.0
0.0493646,-0.0387813,0.104635,0.00700781,0.153789,0.498133,0.0,0.0,1.0
0.0492708,-0.0395417,0.109312,0.00705469,0.155305,0.510039,0.0,0.0,1.0
0.0546562,-0.0470521,0.109156,0.00957031,0.151258,0.513789,0.0,0.0,1.0
0.0544375,-0.0389583,0.108854,0.00753125,0.15825,0.524031,0.0,0.0,1.0
0.0521354,-0.0386146,0.107385,0.00710938,0.159484,0.526031,0.0,0.0,1.0
0.0515625,-0.0285833,0.108021,0.00519531,0.159383,0.532102,0.0,0.0,1.0
0.0525937,-0.0275104,0.103594,0.00507812,0.160359,0.538156,0.0,0.0,1.0
0.0532917,-0.0307083,0.10975,0.005875,0.156531,0.531875,0.0,0.0,1.0
0.0511562,-0.0287188,0.113302,0.0053125,0.155375,0.525375,0.0,0.0,1.0
0.0526979,-0.0289896,0.111823,0.00554687,0.155031,0.513734,0.0,0.0,1.0
0.0494271,-0.0273229,0.123698,0.00501563,0.151641,0.501156,0.0,0.0,1.0
0.0539687,-0.0233854,0.111594,0.00467969,0.151695,0.478758,0.0,0.0,1.0
0.056625,-0.02625,0.108458,0.00585938,0.142594,0.454234,0.0,0.0,1.0
0.0512292,-0.0160833,0.122188,0.0030625,0.151359,0.464766,0.0,0.0,1.0
0.0500208,-0.0112083,0.122354,0.00200781,0.157211,0.468789,0.0,0.0,1.0
0.0560208,-0.00910417,0.123875,0.001875,0.152656,0.460219,0.0,0.0,1.0
0.055125,-0.0147292,0.131437,0.0029375,0.155297,0.457953,0.0,0.0,1.0
0.05375,-0.0167708,0.138063,0.00322656,0.157008,0.461242,0.0,0.0,1.0
0.054375,-0.0173958,0.146979,0.00346875,0.15325,0.461406,0.0,0.0,1.0
0.0571667,-0.015375,0.146458,0.00317187,0.155266,0.454688,0.0,0.0,1.0
0.0575938,-0.00948958,0.149594,0.00203906,0.15093,0.44243,0.0,0.0,1.0
0.0559896,-0.0162187,0.15426,0.00336719,0.151492,0.444336,0.0,0.0,1.0
0.0548542,-0.0144583,0.155479,0.0029375,0.151922,0.446141,0.0,0.0,1.0
0.0532396,-0.0153229,0.154198,0.00295312,0.155453,0.450687,0.0,0.0,1.0
0.0504375,-0.0130833,0.160729,0.00239062,0.155078,0.452094,0.0,0.0,1.0
0.0592708,-0.01475,0.157854,0.00326563,0.150406,0.456984,0.0,0.0,1.0
0.0568542,-0.0163958,0.153708,0.00324219,0.161555,0.466836,0.0,0.0,1.0
0.0593333,-0.0063125,0.150646,0.00133594,0.157305,0.477492,0.0,0.0,1.0
0.05925,-0.001375,0.140583,0.000296875,0.150844,0.487078,0.0,0.0,1.0
0.0584167,-0.0377292,0.127979,0.00771094,0.160602,0.505039,0.0,0.0,1.0
0.0578958,-0.0338125,0.114375,0.0070625,0.155969,0.51875,0.0,0.0,1.0
0.0538958,-0.0158542,0.094375,0.00301563,0.159187,0.533266,0.0,0.0,1.0
0.0573229,-0.0305312,0.0656354,0.00605469,0.162727,0.546758,0.0,0.0,1.0
0.0562083,-0.0242708,0.0476875,0.00480469,0.159633,0.553477,0.0,0.0,1.0
0.057375,0.00147917,0.0447292,-0.000296875,0.161219,0.565891,0.0,0.0,1.0
0.0571354,-0.0136563,0.0283021,0.00277344,0.158211,0.572836,0.0,0.0,1.0
0.0625729,-0.0203229,0.0134896,0.00446094,0.160258,0.573898,0.0,0.0,1.0
0.0622708,-0.0271667,0.0132708,0.00601562,0.158375,0.579109,0.0,0.0,1.0
0.0611875,-0.0013125,0.00558333,0.00028125,0.159531,0.5855,0.0,0.0,1.0
0.0622188,-0.0316146,-0.00144792,0.00714844,0.154727,0.577852,0.0,0.0,1.0
0.0655208,-0.0185833,0.000229167,0.00446875,0.153313,0.581781,0.0,0.0,1.0
0.0680417,-0.0146042,0.00264583,0.0035625,0.156844,0.581937,0.0,0.0,1.0
0.0654792,-0.00916667,0.00435417,0.00209375,0.161734,0.586016,0.0,0.0,1.0
0.0632813,-0.000239583,0.00980208,4.6875e-05,0.165141,0.596156,0.0,0.0,1.0
0.0661458,-0.00639583,0.00795833,0.00142187,0.167125,0.594578,0.0,0.0,1.0
0.0662083,-0.000916667,0.00304167,0.000203125,0.164734,0.598719,0.0,0.0,1.0
0.0702917,-0.00425,0.002875,0.00103906,0.16143,0.599023,0.0,0.0,1.0
0.0693125,-0.00508333,0.0116042,0.00117188,0.168844,0.604547,0.0,0.0,1.0
0.0720937,-0.0205521,0.0193646,0.00596875,0.139641,0.570984,0.0,0.0,1.0
0.0717917,-0.0222708,0.0240208,0.00573438,0.156813,0.589078,0.0,0.0,1.0
0.0595937,-0.0171771,0.0420104,0.00353125,0.163172,0.600547,0.0,0.0,1.0
0.0575104,-0.0228438,0.0396771,0.00452344,0.163367,0.596961,0.0,0.0,1.0
0.0523021,-0.0208021,0.0528854,0.00376562,0.16275,0.594203,0.0,0.0,1.0
0.0575625,-0.0284583,0.0484792,0.00604687,0.152766,0.596563,0.0,0.0,1.0
0.0540208,-0.0258958,0.0479583,0.005,0.157156,0.599563,0.0,0.0,1.0
0.0586667,-0.0325625,0.0478542,0.00667187,0.161141,0.603594,0.0,0.0,1.0
0.0605833,-0.0381042,0.0440208,0.00777344,0.167148,0.608039,0.0,0.0,1.0
0.0598958,-0.0372292,0.0445417,0.00735937,0.170531,0.611609,0.0,0.0,1.0
0.0594375,-0.0415208,0.043375,0.00815625,0.17025,0.617344,0.0,0.0,1.0
0.056125,-0.00435417,0.0581875,0.0008125,0.166797,0.608422,0.0,0.0,1.0
0.0570938,-0.0456146,0.0575938,0.00875,0.167437,0.614156,0.0,0.0,1.0
0.0579375,-0.0329375,0.0692917,0.00623437,0.171922,0.619469,0.0,0.0,1.0
0.054625,-0.0437708,0.0774792,0.00795313,0.168969,0.618922,0.0,0.0,1.0
0.0590208,-0.0502083,0.0726042,0.00978125,0.170422,0.621609,0.0,0.0,1.0
0.0597396,-0.0467604,0.0615729,0.00925,0.169969,0.618344,0.0,0.0,1.0
0.0602083,-0.046,0.0349167,0.00934375,0.166719,0.608344,0.0,0.0,1.0
0.05775,-0.0398958,0.0297708,0.00778125,0.16625,0.601188,0.0,0.0,1.0
0.06075,-0.0310833,0.054875,0.00646094,0.164523,0.590492,0.0,0.0,1.0
0.0593542,-0.0254583,0.0879792,0.00513281,0.165352,0.571883,0.0,0.0,1.0
0.0562812,-0.0382813,0.100135,0.00734375,0.165125,0.559531,0.0,0.0,1.0
0.0554583,-0.0298125,0.101938,0.00564063,0.164719,0.560297,0.0,0.0,1.0
0.0565625,-0.0315208,0.0956667,0.00596875,0.167859,0.577203,0.0,0.0,1.0
0.0535833,-0.0248542,0.107771,0.00435156,0.171867,0.590008,0.0,0.0,1.0
0.0674167,-0.0064375,0.0883125,0.00144531,0.169055,0.602195,0.0,0.0,1.0
0.0674063,-0.00773958,0.0832396,0.00174219,0.167992,0.607117,0.0,0.0,1.0
0.0612604,-0.00521875,0.0830521,0.0010625,0.168938,0.602375,0.0,0.0,1.0
0.0634167,-0.0134167,0.078625,0.0026875,0.177766,0.592141,0.0,0.0,1.0
0.0584792,-0.0136458,0.102333,0.00250781,0.178695,0.580539,0.0,0.0,1.0
0.0583021,-0.0156979,0.114823,0.0029375,0.175391,0.573609,0.0,0.0,1.0
0.0634687,-0.0207813,0.12051,0.00425781,0.174039,0.56732,0.0,0.0,1.0
0.0639792,-0.0249375,0.125542,0.00520313,0.172594,0.552953,0.0,0.0,1.0
0.0596458,-0.0218958,0.139958,0.00445312,0.16475,0.542609,0.0,0.0,1.0
0.0637396,-0.0330104,0.145615,0.00739062,0.160156,0.532891,0.0,0.0,1.0
0.0634375,-0.03225,0.156312,0.0075625,0.152313,0.523344,0.0,0.0,1.0
0.0634583,-0.0269583,0.16375,0.00585938,0.164266,0.526438,0.0,0.0,1.0
0.0643958,-0.0309792,0.159375,0.00659375,0.170109,0.533734,0.0,0.0,1.0
0.0635938,-0.0373854,0.155823,0.00764062,0.174984,0.537875,0.0,0.0,1.0
0.0630938,-0.0438646,0.149573,0.00871094,0.178664,0.535211,0.0,0.0,1.0
0.0604583,-0.0377708,0.161854,0.0070625,0.181766,0.533484,0.0,0.0,1.0
0.0634063,-0.0516146,0.167698,0.0104844,0.175531,0.529078,0.0,0.0,1.0
0.0627917,-0.0435,0.177542,0.0094375,0.162813,0.519125,0.0,0.0,1.0
0.0618021,-0.0378646,0.172719,0.00721875,0.182375,0.53875,0.0,0.0,1.0
0.0641667,-0.0527292,0.162771,0.0105078,0.181008,0.548586,0.0,0.0,1.0
0.0637917,-0.0414792,0.161521,0.00826562,0.179859,0.556344,0.0,0.0,1.0
0.0640521,-0.0423021,0.162344,0.00853906,0.178539,0.565148,0.0,0.0,1.0
0.0691354,-0.0393437,0.150344,0.00854687,0.179266,0.557969,0.0,0.0,1.0
0.0667187,-0.0358021,0.141073,0.00754688,0.178172,0.5565,0.0,0.0,1.0
0.0665833,-0.0287708,0.122188,0.00601562,0.17925,0.556172,0.0,0.0,1.0
0.0637083,-0.0288958,0.106896,0.00592188,0.175141,0.543437,0.0,0.0,1.0
0.0660417,-0.0296875,0.0903542,0.00640625,0.171859,0.536672,0.0,0.0,1.0
0.0649375,-0.0245417,0.0764375,0.00514844,0.174164,0.534617,0.0,0.0,1.0
0.0624167,-0.0244583,0.0665417,0.00471875,0.182156,0.540594,0.0,0.0,1.0
0.0616667,-0.0155625,0.0604792,0.0029375,0.18375,0.540031,0.0,0.0,1.0
0.0708229,-0.0241146,0.0601562,0.00528125,0.182031,0.541375,0.0,0.0,1.0
0.0649375,-0.00277083,0.0635417,0.00053125,0.191969,0.548594,0.0,0.0,1.0
0.0672083,-0.030125,0.066375,0.00609375,0.186891,0.546203,0.0,0.0,1.0
0.0647917,-0.03425,0.07425,0.00675781,0.184586,0.538664,0.0,0.0,1.0
0.0639896,-0.0323229,0.0850938,0.00613281,0.189617,0.544602,0.0,0.0,1.0
0.0661979,-0.0349062,0.101719,0.00830469,0.156477,0.514008,0.0,0.0,1.0
0.0652292,-0.04225,0.100813,0.00853125,0.181656,0.537656,0.0,0.0,1.0
0.0592292,-0.0246875,0.107875,0.00454688,0.180453,0.54025,0.0,0.0,1.0
0.0661667,-0.0327083,0.102792,0.00686719,0.177164,0.540148,0.0,0.0,1.0
0.071,-0.0397292,0.0934375,0.00914062,0.173672,0.542813,0.0,0.0,1.0
0.0690313,-0.0346354,0.0950104,0.00803906,0.167336,0.539008,0.0,0.0,1.0
0.0721667,-0.0223958,0.0895625,0.00521094,0.174492,0.55143,0.0,0.0,1.0
0.0685833,-0.027125,0.0915417,0.006,0.174313,0.557719,0.0,0.0,1.0
0.0669792,-0.02525,0.0906458,0.00546875,0.174141,0.570047,0.0,0.0,1.0
0.0668542,-0.0381042,0.083625,0.00751563,0.190625,0.596484,0.0,0.0,1.0
0.0678333,-0.059875,0.066125,0.0122266,0.186836,0.60607,0.0,0.0,1.0
0.0640417,-0.058875,0.065875,0.011875,0.178531,0.6125,0.0,0.0,1.0
0.0651979,-0.0612812,0.0695521,0.0126875,0.177125,0.621125,0.0,0.0,1.0
0.0697083,-0.0620625,0.0687292,0.0130625,0.186312,0.634156,0.0,0.0,1.0
0.0713229,-0.0639896,0.0686146,0.0136406,0.188281,0.640016,0.0,0.0,1.0
0.0751667,-0.0521667,0.0740417,0.0126719,0.174094,0.628828,0.0,0.0,1.0
0.0724583,-0.0393542,0.0723958,0.00878125,0.182766,0.634078,0.0,0.0,1.0
0.0748021,-0.0416354,0.0762812,0.00989844,0.176914,0.631711,0.0,0.0,1.0
0.0716562,-0.0348021,0.0903229,0.00842187,0.166453,0.616562,0.0,0.0,1.0
0.0692187,-0.0311354,0.0997813,0.00671094,0.180633,0.63218,0.0,0.0,1.0
0.0716667,-0.040375,0.0968333,0.008875,0.183375,0.638844,0.0,0.0,1.0
0.06825,-0.0334792,0.0963958,0.00721875,0.177828,0.636609,0.0,0.0,1.0
0.0701354,-0.0366562,0.0909479,0.00784375,0.184484,0.648016,0.0,0.0,1.0
0.0714792,-0.0374792,0.0934167,0.00805469,0.18707,0.663398,0.0,0.0,1.0
0.0737083,-0.0384375,0.0895208,0.0079375,0.201047,0.682141,0.0,0.0,1.0
0.0706562,-0.0159896,0.0997604,0.00314063,0.202375,0.695703,0.0,0.0,1.0
0.0701667,-0.0283542,0.0920625,0.00569531,0.196539,0.704789,0.0,0.0,1.0
0.0724479,-0.0295729,0.0856771,0.00603125,0.1995,0.714469,0.0,0.0,1.0
0.0768333,-0.0336042,0.0945208,0.00825781,0.175883,0.701633,0.0,0.0,1.0
0.0707292,-0.0321458,0.092375,0.006375,0.200687,0.732687,0.0,0.0,1.0
0.0706979,-0.0347396,0.0941563,0.00695312,0.198766,0.736906,0.0,0.0,1.0
0.0717396,-0.0371979,0.0987396,0.00785938,0.191,0.741172,0.0,0.0,1.0
0.07525,-0.0427708,0.0958542,0.0094375,0.191609,0.745234,0.0,0.0,1.0
0.0765833,-0.0533125,0.0938542,0.0123672,0.185727,0.742195,0.0,0.0,1.0
0.0794062,-0.0522396,0.0939271,0.0129062,0.180781,0.750031,0.0,0.0,1.0
0.0765208,-0.0503958,0.0891667,0.0121484,0.178633,0.746883,0.0,0.0,1.0
0.0743437,-0.0493021,0.0830521,0.0112891,0.182508,0.745492,0.0,0.0,1.0
0.0723125,-0.0465208,0.0627083,0.00965625,0.196078,0.757922,0.0,0.0,1.0
0.0715417,-0.0642083,0.0485833,0.0141563,0.182531,0.745875,0.0,0.0,1.0
0.0688438,-0.0746771,0.0338021,0.0144766,0.199742,0.754602,0.0,0.0,1.0
0.0710104,-0.0773229,0.0306771,0.0154375,0.200109,0.747453,0.0,0.0,1.0
0.0695104,-0.0739479,0.0339896,0.0143437,0.201562,0.742625,0.0,0.0,1.0
0.0723646,-0.0633854,0.0435521,0.0126172,0.204477,0.736367,0.0,0.0,1.0
0.0739063,-0.0691771,0.0546771,0.0138906,0.207031,0.734641,0.0,0.0,1.0
0.0739375,-0.0518125,0.064,0.0103203,0.208758,0.734695,0.0,0.0,1.0
0.0744271,-0.0592187,0.0684271,0.0124844,0.198484,0.733594,0.0,0.0,1.0
0.0746458,-0.0468542,0.078,0.00982813,0.199937,0.733703,0.0,0.0,1.0
0.0740208,-0.0391042,0.0825833,0.00826562,0.196953,0.740562,0.0,0.0,1.0
0.0772917,-0.0328958,0.0764792,0.00732813,0.195328,0.741719,0.0,0.0,1.0
0.0802083,-0.03775,0.0755,0.00907812,0.187766,0.738031,0.0,0.0,1.0
0.0751042,-0.0378333,0.0772708,0.00849219,0.188336,0.74093,0.0,0.0,1.0
0.0806042,-0.0396458,0.07525,0.00985937,0.182172,0.743906,0.0,0.0,1.0
0.0834583,-0.0473333,0.07375,0.0119922,0.18532,0.754945,0.0,0.0,1.0
0.0776458,-0.0317083,0.0778958,0.0069375,0.199469,0.771844,0.0,0.0,1.0
0.0752083,-0.0332083,0.0782083,0.00683594,0.205664,0.780117,0.0,0.0,1.0
0.0765208,-0.03125,0.0806042,0.00650781,0.20682,0.78243,0.0,0.0,1.0
0.0774583,-0.032375,0.0848333,0.00702344,0.200867,0.78782,0.0,0.0,1.0
0.0742708,-0.031375,0.0832708,0.00674219,0.19443,0.793211,0.0,0.0,1.0
0.077,-0.035,0.0820833,0.00817188,0.185734,0.80075,0.0,0.0,1.0
0.0786667,-0.0284583,0.0865417,0.00675,0.186578,0.803578,0.0,0.0,1.0
0.0787188,-0.0305104,0.0843021,0.0073125,0.184844,0.805531,0.0,0.0,1.0
0.0844583,-0.0405625,0.0843958,0.0107031,0.179828,0.797344,0.0,0.0,1.0
0.0821146,-0.0380104,0.0898854,0.00948437,0.185172,0.804781,0.0,0.0,1.0
0.0817708,-0.039,0.0872292,0.0102969,0.174406,0.791453,0.0,0.0,1.0
0.0764167,-0.034875,0.0934583,0.00865625,0.173125,0.787094,0.0,0.0,1.0
0.078875,-0.036,0.090125,0.009125,0.175047,0.787609,0.0,0.0,1.0
0.0775208,-0.0272917,0.0931458,0.00674219,0.176492,0.793383,0.0,0.0,1.0
0.0774479,-0.0478438,0.0889687,0.0109219,0.190875,0.798547,0.0,0.0,1.0
0.076,-0.0527292,0.0915625,0.0115156,0.195828,0.794563,0.0,0.0,1.0
0.0752188,-0.0653438,0.0880938,0.0144687,0.191062,0.796906,0.0,0.0,1.0
0.0750625,-0.0534167,0.0919792,0.0115625,0.194859,0.800609,0.0,0.0,1.0
0.0723542,-0.0438542,0.0895,0.00907812,0.196688,0.800203,0.0,0.0,1.0
0.0746979,-0.0650937,0.0843021,0.0143984,0.189914,0.797586,0.0,0.0,1.0
0.0752083,-0.075,0.0875417,0.0166562,0.190469,0.794312,0.0,0.0,1.0
0.0799792,-0.0602083,0.0885625,0.0135312,0.200078,0.791422,0.0,0.0,1.0
0.0786042,-0.0554167,0.0911458,0.0118281,0.207281,0.786203,0.0,0.0,1.0
0.0840417,-0.057,0.0889583,0.0134141,0.20082,0.769305,0.0,0.0,1.0
0.0873333,-0.0604167,0.0975,0.0152891,0.194117,0.752648,0.0,0.0,1.0
0.0836667,-0.0488125,0.0950625,0.0116484,0.197211,0.743555,0.0,0.0,1.0
0.0875417,-0.0577917,0.0875833,0.0145391,0.195773,0.722523,0.0,0.0,1.0
0.0830417,-0.0443333,0.09375,0.0107422,0.19282,0.708633,0.0,0.0,1.0
0.0816667,-0.0461667,0.092125,0.0111094,0.190938,0.697359,0.0,0.0,1.0
0.0841667,-0.0459792,0.0869375,0.0109375,0.199062,0.701094,0.0,0.0,1.0
0.082375,-0.0366458,0.0953958,0.00791406,0.214508,0.709242,0.0,0.0,1.0
0.084125,-0.0348958,0.108771,0.00752344,0.219461,0.710648,0.0,0.0,1.0
0.0857812,-0.0352604,0.121885,0.00795313,0.213969,0.703703,0.0,0.0,1.0
0.0831354,-0.0323021,0.13526,0.00685938,0.219922,0.704562,0.0,0.0,1.0
0.0862917,-0.0438125,0.142438,0.00959375,0.221813,0.714469,0.0,0.0,1.0
0.0867188,-0.0466771,0.152823,0.01025,0.222156,0.720937,0.0,0.0,1.0
0.0868333,-0.045375,0.158917,0.0101406,0.218703,0.720375,0.0,0.0,1.0
0.0855312,-0.0409896,0.169969,0.00907812,0.217109,0.719594,0.0,0.0,1.0
0.0866563,-0.0488021,0.175406,0.0112813,0.210875,0.714406,0.0,0.0,1.0
0.0840208,-0.0425208,0.172792,0.0100703,0.19957,0.710664,0.0,0.0,1.0
0.0810938,-0.0296146,0.184781,0.0065625,0.205828,0.707984,0.0,0.0,1.0
0.0857917,-0.0304583,0.190333,0.00739062,0.198891,0.696,0.0,0.0,1.0
0.0890833,-0.0352292,0.193979,0.0091875,0.192125,0.691813,0.0,0.0,1.0
0.0880521,-0.0399479,0.19974,0.010125,0.195516,0.702984,0.0,0.0,1.0
0.0862812,-0.0233021,0.202135,0.00540625,0.209094,0.7175,0.0,0.0,1.0
0.0924896,-0.0473854,0.20124,0.0130312,0.189266,0.707766,0.0,0.0,1.0
0.0951458,-0.0600208,0.190917,0.0160156,0.200547,0.72325,0.0,0.0,1.0
0.0923021,-0.0536563,0.191906,0.0148437,0.187641,0.721109,0.0,0.0,1.0
0.0918542,-0.0534583,0.195396,0.014875,0.185703,0.726922,0.0,0.0,1.0
0.0934687,-0.0531354,0.193573,0.0156406,0.178547,0.729813,0.0,0.0,1.0
0.0940833,-0.0526875,0.192021,0.0161563,0.172578,0.726641,0.0,0.0,1.0
0.0958333,-0.0609375,0.188896,0.02,0.164234,0.721297,0.0,0.0,1.0
0.0964167,-0.04175,0.19,0.0134297,0.168602,0.721477,0.0,0.0,1.0
0.0972812,-0.0504479,0.181302,0.0183672,0.15032,0.709227,0.0,0.0,1.0
0.0940937,-0.0642604,0.175427,0.0225937,0.150547,0.706672,0.0,0.0,1.0
0.0906563,-0.0781354,0.17501,0.0300078,0.132773,0.692445,0.0,0.0,1.0
0.0932917,-0.07275,0.177208,0.0297031,0.128562,0.678766,0.0,0.0,1.0
0.0879792,-0.0835,0.174437,0.03475,0.118891,0.670797,0.0,0.0,1.0
0.079125,-0.101542,0.172958,0.0444219,0.101766,0.662969,0.0,0.0,1.0
0.079125,-0.0959792,0.174812,0.0442813,0.0964687,0.656156,0.0,0.0,1.0
0.0678958,-0.108729,0.170792,0.0642344,0.0646406,0.644,0.0,0.0,1.0
0.07025,-0.100687,0.184979,0.0510469,0.0779687,0.649641,0.0,0.0,1.0
0.0625208,-0.098,0.169604,0.0453359,0.0760078,0.656789,0.0,0.0,1.0
0.0605729,-0.109406,0.146552,0.0525937,0.0708594,0.665516,0.0,0.0,1.0
0.0484063,-0.106802,0.136948,0.0415078,0.0700547,0.67943,0.0,0.0,1.0
0.0550625,-0.0979375,0.134583,0.0354063,0.0856875,0.691875,0.0,0.0,1.0
