0.0263125,-0.0003125,0.386542,7.03125e-05,0.0628594,0.361703,0.0,0.0,1.0
0.0307187,-0.00040625,0.387792,9.375e-05,0.07275,0.36375,0.0,0.0,1.0
0.0293906,-0.0103594,0.387552,0.00235547,0.0726211,0.363602,0.0,0.0,1.0
0.0369687,-0.025,0.388479,0.00697266,0.0746602,0.36168,0.0,0.0,1.0
0.0286719,-0.0123594,0.383844,0.002625,0.0755156,0.360063,0.0,0.0,1.0
0.0283125,0.0006875,0.381375,-0.000140625,0.0707109,0.362953,0.0,0.0,1.0
0.0308906,-0.0104844,0.37649,0.00228516,0.0800273,0.37082,0.0,0.0,1.0
0.0333125,-0.00225,0.369208,0.0005625,0.0745781,0.375031,0.0,0.0,1.0
0.0351562,-0.0264688,0.360333,0.0073125,0.0714375,0.375844,0.0,0.0,1.0
0.0298594,-0.000421875,0.355115,9.375e-05,0.0796875,0.378344,0.0,0.0,1.0
0.0315469,-0.00639063,0.35651,0.00128906,0.0871406,0.380766,0.0,0.0,1.0
0.0274531,-0.0145156,0.346698,0.00296484,0.0755977,0.37268,0.0,0.0,1.0
0.0283438,-0.002,0.343396,0.000410156,0.0778008,0.373164,0.0,0.0,1.0
0.0266094,-0.00398437,0.341073,0.000773437,0.0761016,0.375031,0.0,0.0,1.0
0.0312969,-0.00685938,0.342635,0.00175781,0.0691172,0.370031,0.0,0.0,1.0
0.0307031,0.00892187,0.34524,-0.00209766,0.0735352,0.374758,0.0,0.0,1.0
0.03125,0.00959375,0.348812,-0.00234375,0.0719531,0.376969,0.0,0.0,1.0
0.027,0.00078125,0.344813,-0.000164062,0.0737813,0.377953,0.0,0.0,1.0
0.0307344,-0.000390625,0.346906,9.375e-05,0.073125,0.3805,0.0,0.0,1.0
0.0328437,-0.00253125,0.353458,0.000679687,0.0696328,0.376,0.0,0.0,1.0
0.0305312,-0.015,0.348104,0.00370313,0.0696094,0.383594,0.0,0.0,1.0
0.0328594,-0.0222031,0.34201,0.00608203,0.0673711,0.382508,0.0,0.0,1.0
0.03125,5.55112e-17,0.35,0.0,0.065625,0.38125,0.0,0.0,1.0
0.0348125,-0.0307187,0.353188,0.00724219,0.0829219,0.382609,0.0,0.0,1.0
0.0315312,-0.0155313,0.353542,0.00391406,0.0701484,0.386875,0.0,0.0,1.0
0.0386562,-0.030125,0.355521,0.00892969,0.0734531,0.387328,0.0,0.0,1.0
0.0364062,-0.0303438,0.3585,0.00819141,0.0759023,0.391758,0.0,0.0,1.0
0.029375,-0.00971875,0.371146,0.00193359,0.0829102,0.401633,0.0,0.0,1.0
0.02875,-0.0024375,0.377,0.000457031,0.085793,0.411508,0.0,0.0,1.0
0.0334687,-0.0179063,0.368583,0.00418359,0.0805664,0.419508,0.0,0.0,1.0
0.0290313,-0.0046875,0.368354,0.000832031,0.0918164,0.41307,0.0,0.0,1.0
0.0270313,-0.0009375,0.361229,0.000164062,0.0836016,0.416031,0.0,0.0,1.0
0.0335781,0.000203125,0.36474,-4.6875e-05,0.0845391,0.412609,0.0,0.0,1.0
0.032375,-0.01725,0.361667,0.00346875,0.0908906,0.405937,0.0,0.0,1.0
0.0320625,-0.0170625,0.358167,0.00358594,0.0860391,0.403656,0.0,0.0,1.0
0.0313438,-0.00296875,0.353667,0.00065625,0.0799688,0.401781,0.0,0.0,1.0
0.0336875,0.00084375,0.344563,-0.0001875,0.0872109,0.405516,0.0,0.0,1.0
0.0346562,-0.010375,0.340354,0.00255469,0.0793594,0.410422,0.0,0.0,1.0
0.0399062,0.012625,0.339687,-0.00338672,0.0838477,0.419727,0.0,0.0,1.0
0.0346875,-0.0010625,0.33225,0.000234375,0.090375,0.431031,0.0,0.0,1.0
0.0356563,-0.003125,0.329854,0.000679687,0.0911719,0.439297,0.0,0.0,1.0
0.0318438,-0.00296875,0.328,0.000644531,0.0826992,0.450195,0.0,0.0,1.0
0.0286562,-0.00778125,0.317125,0.0015,0.0838594,0.437875,0.0,0.0,1.0
0.0265312,-0.003375,0.312646,0.000585938,0.0879609,0.426719,0.0,0.0,1.0
0.0252656,-0.00276563,0.320156,0.000445313,0.0886875,0.415609,0.0,0.0,1.0
0.0335625,-0.00309375,0.310979,0.000714844,0.0819023,0.401758,0.0,0.0,1.0
0.0364062,-0.0283125,0.295438,0.00819141,0.0707461,0.39007,0.0,0.0,1.0
0.0288906,-0.0271094,0.28349,0.0061875,0.0712031,0.383969,0.0,0.0,1.0
0.0292344,-0.00882812,0.282469,0.00182812,0.0795234,0.387453,0.0,0.0,1.0
0.0309531,0.0100156,0.27999,-0.00222656,0.0782109,0.386438,0.0,0.0,1.0
0.0290313,-0.00471875,0.272042,0.000925781,0.083543,0.389773,0.0,0.0,1.0
0.0294688,-0.00871875,0.2835,0.00171094,0.084375,0.401609,0.0,0.0,1.0
0.034125,-0.0166875,0.280958,0.00365625,0.0876094,0.403094,0.0,0.0,1.0
0.0287188,-0.00559375,0.279542,0.00101953,0.0892617,0.399836,0.0,0.0,1.0
0.0386719,-0.0296719,0.272594,0.00780469,0.0826172,0.397531,0.0,0.0,1.0
0.0321875,-0.002125,0.273958,0.000433594,0.0898945,0.389461,0.0,0.0,1.0
0.0363437,-0.0239375,0.264521,0.0061875,0.0790078,0.394234,0.0,0.0,1.0
0.0287188,-0.00271875,0.255917,0.000492188,0.0872812,0.389422,0.0,0.0,1.0
0.0313438,-0.0116875,0.246812,0.00240234,0.0859336,0.390805,0.0,0.0,1.0
0.0321563,-0.017125,0.242604,0.00351562,0.0881953,0.392109,0.0,0.0,1.0
0.0325,-0.001125,0.240625,0.000234375,0.0871172,0.386578,0.0,0.0,1.0
0.0329062,0.000125,0.226146,-2.34375e-05,0.0909844,0.379641,0.0,0.0,1.0
0.0323437,-0.024,0.221646,0.00464062,0.0940313,0.377344,0.0,0.0,1.0
0.0301719,-0.0162969,0.219802,0.00324609,0.0852305,0.378805,0.0,0.0,1.0
0.030125,-0.01925,0.220708,0.00398437,0.0818203,0.378109,0.0,0.0,1.0
0.0274844,-0.00389062,0.216677,0.000667969,0.0909492,0.376039,0.0,0.0,1.0
0.0304688,-0.014375,0.217896,0.00285937,0.08625,0.379813,0.0,0.0,1.0
0.027875,-0.0138437,0.228062,0.00239062,0.0903984,0.386578,0.0,0.0,1.0
0.0338125,-0.0215313,0.225479,0.00499219,0.0821953,0.385781,0.0,0.0,1.0
0.0333281,-0.0182969,0.23124,0.004125,0.0832734,0.383953,0.0,0.0,1.0
0.026875,-0.0003125,0.232083,4.6875e-05,0.0920859,0.383297,0.0,0.0,1.0
0.0333281,-0.0138906,0.230573,0.00316406,0.0823125,0.381109,0.0,0.0,1.0
0.0377969,-0.00576562,0.228073,0.00148828,0.0821367,0.380523,0.0,0.0,1.0
0.0345937,-0.0140313,0.221542,0.00348047,0.0784805,0.37982,0.0,0.0,1.0
0.0306563,-0.00046875,0.221167,9.375e-05,0.087375,0.369563,0.0,0.0,1.0
0.0255625,2.77556e-17,0.220625,0.0,0.0887344,0.365844,0.0,0.0,1.0
0.0304375,-0.0110625,0.21725,0.00207422,0.0913008,0.360836,0.0,0.0,1.0
0.0343437,0.00403125,0.2205,-0.000820312,0.0933516,0.359281,0.0,0.0,1.0
0.0325937,-0.00565625,0.214458,0.00107812,0.0949688,0.350656,0.0,0.0,1.0
0.0307656,-0.0110156,0.210656,0.00199219,0.0958594,0.341484,0.0,0.0,1.0
0.0316719,-0.0106719,0.20449,0.00222656,0.0854766,0.327969,0.0,0.0,1.0
0.0334063,-0.00065625,0.202583,0.000128906,0.0943477,0.317695,0.0,0.0,1.0
0.030375,-0.0116562,0.201354,0.00229687,0.087,0.298937,0.0,0.0,1.0
0.0293281,-0.0130781,0.19901,0.00248437,0.0867422,0.291859,0.0,0.0,1.0
0.0318125,-0.0185,0.191625,0.00375,0.0880312,0.283375,0.0,0.0,1.0
0.034125,-0.0184375,0.188792,0.00365625,0.0967969,0.277594,0.0,0.0,1.0
0.0295625,-0.00146875,0.188229,0.000246094,0.098168,0.271867,0.0,0.0,1.0
0.0259844,0.000203125,0.186969,-3.51562e-05,0.091418,0.267039,0.0,0.0,1.0
0.0285312,-0.00971875,0.181083,0.0016875,0.0923437,0.260563,0.0,0.0,1.0
0.033125,-0.00984375,0.182146,0.00192188,0.0957422,0.254328,0.0,0.0,1.0
0.0307031,-0.000140625,0.183698,2.34375e-05,0.0880547,0.250125,0.0,0.0,1.0
0.0296563,-0.0010625,0.188187,0.000199219,0.0903164,0.25043,0.0,0.0,1.0
0.0320312,-0.0061875,0.187229,0.00126563,0.0887578,0.248797,0.0,0.0,1.0
0.0298906,-0.00420312,0.192615,0.000785156,0.0907617,0.248945,0.0,0.0,1.0
0.0287188,-0.00928125,0.190583,0.00165234,0.0905977,0.253398,0.0,0.0,1.0
0.0330625,-0.0229688,0.190563,0.00441797,0.0966445,0.256758,0.0,0.0,1.0
0.0323437,0.00165625,0.196,-0.000328125,0.0887344,0.260062,0.0,0.0,1.0
0.0334531,-0.00126563,0.193844,0.000257812,0.0913125,0.272266,0.0,0.0,1.0
0.0308594,-0.00754688,0.191802,0.00165234,0.0791133,0.273695,0.0,0.0,1.0
0.0308281,-0.00379688,0.19274,0.000914062,0.0733828,0.273156,0.0,0.0,1.0
0.03225,-0.0056875,0.189,0.00139453,0.0738867,0.269398,0.0,0.0,1.0
0.0334219,-0.0227969,0.188802,0.00556641,0.0769336,0.268273,0.0,0.0,1.0
0.0289063,-0.0119063,0.1875,0.00248437,0.0782109,0.263984,0.0,0.0,1.0
0.034375,2.77556e-17,0.185417,0.0,0.075,0.265625,0.0,0.0,1.0
0.0329375,-0.00053125,0.177937,0.000128906,0.0757383,0.267992,0.0,0.0,1.0
0.034375,1.38778e-17,0.172917,0.0,0.0726563,0.267188,0.0,0.0,1.0
0.034375,2.77556e-17,0.16875,0.0,0.075,0.26875,0.0,0.0,1.0
0.0342188,-0.0135,0.148563,0.00321094,0.0810703,0.269594,0.0,0.0,1.0
0.0372344,0.00982813,0.145802,-0.00232031,0.0884531,0.274734,0.0,0.0,1.0
0.034375,2.77556e-17,0.135417,0.0,0.0914062,0.273438,0.0,0.0,1.0
0.0328437,-0.00178125,0.12325,0.000351563,0.0934687,0.272891,0.0,0.0,1.0
0.0299375,-0.00353125,0.122188,0.000703125,0.0854531,0.279281,0.0,0.0,1.0
0.0297969,-0.00223438,0.11901,0.00046875,0.0789141,0.272453,0.0,0.0,1.0
0.0334687,0.0024375,0.126396,-0.000574219,0.0787852,0.277789,0.0,0.0,1.0
0.0390938,0.00971875,0.12425,-0.00263672,0.081082,0.276242,0.0,0.0,1.0
0.0334375,-0.0048125,0.119792,0.00114844,0.0785391,0.273625,0.0,0.0,1.0
0.0335938,-0.000375,0.119187,9.375e-05,0.0820547,0.276203,0.0,0.0,1.0
0.0345625,-0.00309375,0.117854,0.000726563,0.0828984,0.282187,0.0,0.0,1.0
0.032875,-0.00096875,0.115354,0.000222656,0.0772383,0.278836,0.0,0.0,1.0
0.0355,-0.00409375,0.112229,0.000984375,0.0825703,0.277422,0.0,0.0,1.0
0.0315,-0.0015,0.112083,0.000316406,0.0821602,0.271258,0.0,0.0,1.0
0.0342813,0.00040625,0.112833,-9.375e-05,0.0745078,0.269891,0.0,0.0,1.0
0.0299844,-0.00254688,0.108885,0.00065625,0.0660703,0.266484,0.0,0.0,1.0
0.0325937,-0.004625,0.110937,0.00117188,0.0723281,0.27025,0.0,0.0,1.0
0.0321094,-0.0105469,0.108802,0.00237891,0.079957,0.278383,0.0,0.0,1.0
0.028125,1.38778e-17,0.114583,0.0,0.065625,0.290625,0.0,0.0,1.0
0.0370469,0.00695312,0.124573,-0.00213281,0.0677578,0.30675,0.0,0.0,1.0
0.0326562,-0.000875,0.123854,0.000199219,0.0789258,0.304727,0.0,0.0,1.0
0.0292344,-0.00235937,0.121635,0.000492188,0.0776484,0.305219,0.0,0.0,1.0
0.0297969,-0.0129219,0.121573,0.00298828,0.0725273,0.30093,0.0,0.0,1.0
0.0355,-0.001375,0.124417,0.000386719,0.0695508,0.300648,0.0,0.0,1.0
0.0339375,-0.0031875,0.126458,0.000773437,0.0778359,0.307187,0.0,0.0,1.0
0.0329844,-0.000296875,0.12376,7.03125e-05,0.0824531,0.307922,0.0,0.0,1.0
0.034375,1.38778e-17,0.127083,0.0,0.0773437,0.298438,0.0,0.0,1.0
0.035125,-0.00821875,0.129313,0.00201562,0.0801094,0.297,0.0,0.0,1.0
0.03575,-0.0080625,0.129,0.00192188,0.0847734,0.300109,0.0,0.0,1.0
0.0368438,-0.00096875,0.125208,0.000234375,0.0869062,0.300625,0.0,0.0,1.0
0.0359688,-0.0203438,0.123708,0.00448828,0.0916055,0.304258,0.0,0.0,1.0
0.0353125,-0.0085625,0.123958,0.00188672,0.0897773,0.30318,0.0,0.0,1.0
0.0318125,-0.00178125,0.120646,0.000351563,0.0939844,0.302609,0.0,0.0,1.0
0.0375312,-0.00021875,0.11725,4.6875e-05,0.089625,0.309031,0.0,0.0,1.0
0.034375,1.38778e-17,0.114583,0.0,0.084375,0.30625,0.0,0.0,1.0
0.034375,1.38778e-17,0.114583,0.0,0.0890625,0.303125,0.0,0.0,1.0
0.0384219,-0.00710938,0.111719,0.00161719,0.0959297,0.313594,0.0,0.0,1.0
0.0369687,-0.0151875,0.108396,0.00332812,0.0950156,0.313125,0.0,0.0,1.0
0.0337187,-0.0114063,0.108042,0.00233203,0.0929414,0.302914,0.0,0.0,1.0
0.0336094,-0.0136719,0.107135,0.0028125,0.0923437,0.301812,0.0,0.0,1.0
0.0334063,-0.0122813,0.102667,0.00250781,0.0921094,0.298797,0.0,0.0,1.0
0.0326875,-0.011625,0.0945833,0.00222656,0.0959531,0.301047,0.0,0.0,1.0
0.033375,-0.0101562,0.0906458,0.00208594,0.0913594,0.291984,0.0,0.0,1.0
0.0310312,-0.0163438,0.0820833,0.00346875,0.0822891,0.282516,0.0,0.0,1.0
0.0320312,-0.01725,0.0729375,0.00358594,0.0868594,0.282641,0.0,0.0,1.0
0.0340469,-0.0223906,0.0670938,0.00516797,0.0828398,0.278773,0.0,0.0,1.0
0.0315469,-0.0126094,0.0635312,0.00295312,0.0755625,0.265719,0.0,0.0,1.0
0.0318125,-0.00865625,0.0427292,0.00199219,0.0779766,0.257625,0.0,0.0,1.0
0.0270625,-0.0233125,0.0343333,0.0045,0.0787266,0.249891,0.0,0.0,1.0
0.0312031,-0.0214844,0.0221354,0.00480469,0.0787031,0.242828,0.0,0.0,1.0
0.0284688,-0.0212812,0.0178333,0.00430078,0.0792305,0.252414,0.0,0.0,1.0
0.0329844,-0.00773438,0.0169896,0.00189844,0.0752812,0.262516,0.0,0.0,1.0
0.0357344,-0.0211094,0.00921875,0.00595313,0.0712266,0.273578,0.0,0.0,1.0
0.0344688,-0.016375,0.00697917,0.00430078,0.0737227,0.281086,0.0,0.0,1.0
0.0297031,-0.0185469,0.0198646,0.00404297,0.0765117,0.297742,0.0,0.0,1.0
0.0299219,-0.00195312,0.0446354,0.000433594,0.0761367,0.305461,0.0,0.0,1.0
0.0380625,-0.017,0.0725417,0.00407813,0.08925,0.314469,0.0,0.0,1.0
0.034375,1.38778e-17,0.102083,6.93889e-18,0.0679687,0.317187,0.0,0.0,1.0
0.0413437,0.0164375,0.139479,-0.00475781,0.0801328,0.314312,0.0,0.0,1.0
0.0391563,0.00953125,0.174458,-0.00267188,0.0786094,0.322188,0.0,0.0,1.0
0.0337969,0.00295312,0.191406,-0.000703125,0.0792891,0.321703,0.0,0.0,1.0
0.0345625,-0.00240625,0.187104,0.000585938,0.0791016,0.315031,0.0,0.0,1.0
0.0396563,-0.0207813,0.178125,0.00592969,0.0779766,0.297656,0.0,0.0,1.0
0.0417344,-0.0167656,0.18424,0.00493359,0.0796758,0.27593,0.0,0.0,1.0
0.0430781,-0.0175781,0.182094,0.00539062,0.0790547,0.269641,0.0,0.0,1.0
0.0426875,-0.0211562,0.160021,0.00639844,0.0793359,0.28275,0.0,0.0,1.0
0.0379063,-0.010625,0.125188,0.00267188,0.0842578,0.299578,0.0,0.0,1.0
0.0450625,-0.009625,0.0818333,0.00307031,0.0794531,0.318641,0.0,0.0,1.0
0.0433594,-0.0160156,0.0388229,0.00448828,0.087082,0.31468,0.0,0.0,1.0
0.0445625,-0.0116875,0.0275417,0.00346875,0.0846797,0.298203,0.0,0.0,1.0
0.0363437,-0.0175625,0.00477083,0.00444141,0.0808711,0.284539,0.0,0.0,1.0
0.0380313,-0.0175625,-0.0156042,0.00442969,0.0847266,0.26875,0.0,0.0,1.0
0.0409531,-0.0199219,-0.0407812,0.00568359,0.0807305,0.268289,0.0,0.0,1.0
0.0360625,-0.014,-0.063,0.00386719,0.0732891,0.276906,0.0,0.0,1.0
0.0376719,-0.0290781,-0.0799271,0.00791016,0.0778945,0.286211,0.0,0.0,1.0
0.033125,-0.006,-0.0935417,0.00135937,0.0826641,0.290078,0.0,0.0,1.0
0.0379531,-0.00201562,-0.109469,0.000539062,0.0811172,0.296062,0.0,0.0,1.0
0.0336563,-0.0212812,-0.131167,0.00503906,0.0797812,0.304391,0.0,0.0,1.0
0.0350313,-0.0284688,-0.148583,0.00680859,0.0823945,0.313523,0.0,0.0,1.0
0.0335312,-0.0236563,-0.165917,0.00571875,0.0782109,0.313328,0.0,0.0,1.0
0.0322031,-0.0112656,-0.17524,0.00249609,0.0817148,0.307945,0.0,0.0,1.0
0.0307187,-0.0001875,-0.178813,4.6875e-05,0.0843984,0.318422,0.0,0.0,1.0
0.026,-0.00828125,-0.189437,0.00147656,0.0824063,0.324203,0.0,0.0,1.0
0.0218281,-0.00595313,-0.193385,0.00084375,0.0878906,0.333406,0.0,0.0,1.0
0.0236563,-0.0143125,-0.194979,0.0020625,0.0921562,0.333281,0.0,0.0,1.0
0.0336406,-0.0223594,-0.200323,0.0050625,0.0838359,0.332453,0.0,0.0,1.0
0.036625,-0.0064375,-0.197,0.00167578,0.0797227,0.33007,0.0,0.0,1.0
0.0308906,0.000171875,-0.191281,-3.51562e-05,0.0837773,0.330773,0.0,0.0,1.0
0.0300625,-0.0018125,-0.180625,0.000375,0.0837187,0.331781,0.0,0.0,1.0
0.034375,-1.38778e-17,-0.164583,0.0,0.0820312,0.335938,0.0,0.0,1.0
0.03125,-1.38778e-17,-0.15,0.0,0.084375,0.328125,0.0,0.0,1.0
0.0356406,0.00532812,-0.133948,-0.00127734,0.084082,0.315273,0.0,0.0,1.0
0.0372812,-0.008125,-0.126312,0.00215625,0.0794062,0.306531,0.0,0.0,1.0
0.0392187,-0.0146563,-0.115292,0.00367969,0.0879844,0.294859,0.0,0.0,1.0
0.0412812,-0.0192812,-0.104667,0.00539062,0.0831797,0.289266,0.0,0.0,1.0
0.0446875,-0.0044375,-0.0942917,0.00125391,0.0895898,0.303414,0.0,0.0,1.0
0.040625,-2.08167e-17,-0.09375,0.0,0.084375,0.309375,0.0,0.0,1.0
0.034375,-2.08167e-17,-0.0770833,0.0,0.0867188,0.320312,0.0,0.0,1.0
0.040625,-6.93889e-18,-0.0645833,6.93889e-18,0.084375,0.328125,0.0,0.0,1.0
0.040625,-0.001125,-0.05975,0.000292969,0.0877617,0.318102,0.0,0.0,1.0
0.0444687,-0.0063125,-0.0510625,0.00185156,0.0851484,0.319063,0.0,0.0,1.0
0.0354687,-0.0122188,-0.0540833,0.00294141,0.0826758,0.318273,0.0,0.0,1.0
0.0352031,-0.000234375,-0.0733021,5.85937e-05,0.0834961,0.316242,0.0,0.0,1.0
0.0313906,-0.00273437,-0.0912604,0.000609375,0.0792891,0.319422,0.0,0.0,1.0
0.0302812,-0.00846875,-0.101333,0.001875,0.076875,0.336313,0.0,0.0,1.0
0.0284844,-0.0109219,-0.102885,0.00194531,0.0902812,0.331109,0.0,0.0,1.0
0.0320312,-0.00909375,-0.108375,0.00208594,0.0785391,0.339938,0.0,0.0,1.0
0.0359531,-0.0102031,-0.112802,0.00225,0.0917344,0.348031,0.0,0.0,1.0
0.0348594,-0.00185938,-0.111448,0.000398437,0.0929531,0.348078,0.0,0.0,1.0
0.0359531,-0.0109844,-0.112281,0.00225,0.0987187,0.3465,0.0,0.0,1.0
0.0369219,-0.0157656,-0.108198,0.00346875,0.0946172,0.349234,0.0,0.0,1.0
0.036875,-0.00915625,-0.114937,0.00191016,0.0995039,0.351539,0.0,0.0,1.0
0.0334687,-0.0095,-0.104813,0.00193359,0.0926602,0.353211,0.0,0.0,1.0
0.0335312,-0.00115625,-0.0935417,0.000234375,0.0947109,0.352859,0.0,0.0,1.0
0.0303438,0.0001875,-0.0909792,-2.34375e-05,0.092625,0.346891,0.0,0.0,1.0
0.0375469,0.00757813,-0.0838854,-0.00181641,0.0880898,0.33732,0.0,0.0,1.0
0.0360156,0.00535937,-0.0828438,-0.00124219,0.08625,0.336734,0.0,0.0,1.0
0.0323437,-0.0139687,-0.0773333,0.00290625,0.0871875,0.350812,0.0,0.0,1.0
0.0316875,-0.000125,-0.06975,2.34375e-05,0.0999609,0.339656,0.0,0.0,1.0
0.0326562,0.0059375,-0.0664792,-0.00106641,0.102668,0.34193,0.0,0.0,1.0
0.0304062,0.0045,-0.0592292,-0.000820312,0.0940781,0.345266,0.0,0.0,1.0
0.0428125,0.0059375,-0.0585,-0.00146484,0.0982383,0.35043,0.0,0.0,1.0
0.0451563,0.00625,-0.0567708,-0.00146484,0.107613,0.362852,0.0,0.0,1.0
0.04375,0.0,-0.0583333,6.93889e-18,0.0984375,0.36875,0.0,0.0,1.0
0.0466875,0.000875,-0.0442917,-0.000234375,0.0940547,0.379016,0.0,0.0,1.0
0.0504375,0.00625,-0.05275,-0.00157031,0.112594,0.403672,0.0,0.0,1.0
0.0458438,0.00640625,-0.0629167,-0.00154687,0.106781,0.406531,0.0,0.0,1.0
0.0558906,-0.00504688,-0.0657187,0.00138281,0.11557,0.416156,0.0,0.0,1.0
0.0520625,-0.00325,-0.0814167,0.000773437,0.123656,0.427266,0.0,0.0,1.0
0.0536875,-0.0114375,-0.084125,0.00328125,0.105586,0.443891,0.0,0.0,1.0
0.0524531,-0.0378594,-0.0817604,0.0110742,0.10091,0.445086,0.0,0.0,1.0
0.0547031,-0.0203906,-0.100906,0.00603516,0.10398,0.439008,0.0,0.0,1.0
0.0455625,-0.0109375,-0.0905833,0.00292969,0.0956016,0.438469,0.0,0.0,1.0
0.0489375,-0.0231875,-0.0894583,0.00539062,0.118359,0.415594,0.0,0.0,1.0
0.0430312,-0.0357812,-0.0871667,0.00759375,0.114047,0.413375,0.0,0.0,1.0
0.0457656,-0.0180781,-0.0910313,0.00391406,0.118688,0.411141,0.0,0.0,1.0
0.0462969,-0.0298906,-0.0969063,0.00575391,0.135082,0.408711,0.0,0.0,1.0
0.05025,-0.040375,-0.0922083,0.008625,0.132258,0.408328,0.0,0.0,1.0
0.0419375,-0.0101562,-0.0844375,0.00191016,0.126082,0.404445,0.0,0.0,1.0
0.0389531,-0.0287969,-0.0851562,0.00459375,0.137109,0.400031,0.0,0.0,1.0
0.0400313,-0.0261563,-0.08575,0.00419531,0.140086,0.405437,0.0,0.0,1.0
0.0404062,-0.02275,-0.0748542,0.0039375,0.131227,0.420391,0.0,0.0,1.0
0.0461562,-0.0130937,-0.0722083,0.00248437,0.136477,0.426984,0.0,0.0,1.0
0.0430937,-0.020375,-0.0599375,0.00339844,0.145242,0.424688,0.0,0.0,1.0
0.0385313,-0.0237812,-0.0549167,0.00348047,0.148324,0.435508,0.0,0.0,1.0
0.048625,-0.0215625,-0.0432917,0.0039375,0.149953,0.433469,0.0,0.0,1.0
0.0449063,-0.0317812,-0.03325,0.00499219,0.161109,0.437516,0.0,0.0,1.0
0.0557812,-0.0413437,-0.04,0.00911719,0.142289,0.448469,0.0,0.0,1.0
0.0522656,-0.0170781,-0.0206563,0.00342187,0.147094,0.453156,0.0,0.0,1.0
0.0557344,-0.0163594,-0.0189687,0.00335156,0.152859,0.470078,0.0,0.0,1.0
0.0622031,-0.0114219,-0.0238021,0.00249609,0.160395,0.47457,0.0,0.0,1.0
0.0602188,-0.0064375,-0.0248125,0.00138281,0.157031,0.475109,0.0,0.0,1.0
0.0605,-0.016125,-0.0285833,0.00323438,0.169594,0.487031,0.0,0.0,1.0
0.0630312,-0.0170625,-0.0371458,0.00348047,0.173965,0.498023,0.0,0.0,1.0
0.0693125,-0.00453125,-0.0559375,0.000984375,0.179063,0.501562,0.0,0.0,1.0
0.0785,-0.00078125,-0.0708125,0.000199219,0.178465,0.514352,0.0,0.0,1.0
0.0854531,-0.00301563,-0.0673646,0.000796875,0.181383,0.504828,0.0,0.0,1.0
0.0868438,-0.0065625,-0.0597708,0.00173438,0.185438,0.508594,0.0,0.0,1.0
0.0946563,-0.004375,-0.0725208,0.00128906,0.180023,0.509125,0.0,0.0,1.0
0.0885469,-0.0179844,-0.0750938,0.00464062,0.193781,0.515188,0.0,0.0,1.0
0.0895938,0.00209375,-0.09825,-0.000515625,0.204445,0.531516,0.0,0.0,1.0
0.0887813,-0.00525,-0.0963125,0.00139453,0.189785,0.529023,0.0,0.0,1.0
0.0777344,-0.00307812,-0.0942396,0.000667969,0.200473,0.52857,0.0,0.0,1.0
0.0740938,-0.0205625,-0.0960625,0.00416016,0.206215,0.506805,0.0,0.0,1.0
0.0691094,-0.0108594,-0.10049,0.00201562,0.209133,0.499609,0.0,0.0,1.0
0.0645469,-0.0171719,-0.109052,0.00312891,0.199582,0.484367,0.0,0.0,1.0
0.0645156,-0.0193594,-0.121281,0.00353906,0.199125,0.477484,0.0,0.0,1.0
0.0641562,-0.0238125,-0.124979,0.00418359,0.205629,0.461477,0.0,0.0,1.0
0.064875,-0.012375,-0.135042,0.00214453,0.211207,0.447648,0.0,0.0,1.0
0.0623594,-0.0188594,-0.132969,0.00315234,0.209684,0.440773,0.0,0.0,1.0
0.062625,-0.0184062,-0.128604,0.00317578,0.203637,0.43307,0.0,0.0,1.0
0.0639687,-0.0173438,-0.118292,0.00311719,0.199687,0.431141,0.0,0.0,1.0
0.0676562,-0.0182188,-0.112042,0.00365625,0.190148,0.434609,0.0,0.0,1.0
0.0687812,-0.0153125,-0.101271,0.00304687,0.19425,0.438563,0.0,0.0,1.0
0.0705938,-0.018125,-0.0970208,0.00373828,0.192223,0.435977,0.0,0.0,1.0
0.0682812,-0.019375,-0.0963958,0.00389062,0.191578,0.44225,0.0,0.0,1.0
0.0669063,-0.0310625,-0.103646,0.0061875,0.188789,0.434016,0.0,0.0,1.0
0.0711719,-0.0306406,-0.102698,0.00698437,0.175805,0.430641,0.0,0.0,1.0
0.0746875,-0.0273125,-0.103958,0.0058125,0.197344,0.430406,0.0,0.0,1.0
0.072375,-0.0205937,-0.112812,0.00403125,0.20843,0.432109,0.0,0.0,1.0
0.0740938,0.00078125,-0.142167,-0.000175781,0.194918,0.436039,0.0,0.0,1.0
0.0729219,0.00160938,-0.19299,-0.000328125,0.204633,0.445922,0.0,0.0,1.0
0.0802031,-0.0133281,-0.204615,0.00296484,0.202934,0.460055,0.0,0.0,1.0
0.0789375,-0.0155313,-0.233479,0.00344531,0.200273,0.457844,0.0,0.0,1.0
0.0763125,-0.00475,-0.23975,0.000972656,0.208887,0.467398,0.0,0.0,1.0
0.0754063,-0.00353125,-0.259833,0.000738281,0.205957,0.474727,0.0,0.0,1.0
0.0810156,-0.00232813,-0.300594,0.000515625,0.207469,0.473125,0.0,0.0,1.0
0.0822812,-0.0196875,-0.307521,0.00423047,0.215355,0.483586,0.0,0.0,1.0
0.0814531,-0.0319219,-0.308615,0.00719531,0.20325,0.493172,0.0,0.0,1.0
0.0867969,-0.0318594,-0.303302,0.0076875,0.202312,0.50575,0.0,0.0,1.0
0.0878125,-0.0284375,-0.295125,0.00775781,0.181266,0.503391,0.0,0.0,1.0
0.0858281,-0.0167031,-0.304302,0.00384375,0.20857,0.518234,0.0,0.0,1.0
0.0819063,-0.027,-0.284813,0.00594141,0.209238,0.526117,0.0,0.0,1.0
0.07575,-0.018375,-0.266667,0.00367969,0.213141,0.526828,0.0,0.0,1.0
0.0715,-0.0123438,-0.239229,0.00236719,0.208594,0.528453,0.0,0.0,1.0
0.06925,-0.003125,-0.2305,0.000585938,0.207164,0.525844,0.0,0.0,1.0
0.0749687,-0.0225313,-0.22175,0.00459375,0.206836,0.525891,0.0,0.0,1.0
0.0672031,-0.0280156,-0.202573,0.00508594,0.208336,0.5455,0.0,0.0,1.0
0.063125,-0.033875,-0.204417,0.00555469,0.216305,0.548813,0.0,0.0,1.0
0.0640938,-0.0397188,-0.201333,0.00649219,0.220477,0.560469,0.0,0.0,1.0
0.0790625,-0.0332187,-0.204396,0.00706641,0.20884,0.556055,0.0,0.0,1.0
0.0728125,-0.0414688,-0.209729,0.008625,0.196781,0.551562,0.0,0.0,1.0
0.0742656,-0.0364219,-0.194052,0.00691406,0.22057,0.56275,0.0,0.0,1.0
0.071375,-0.0301875,-0.195375,0.00534375,0.226172,0.558,0.0,0.0,1.0
0.0705938,-0.0355312,-0.206167,0.00635156,0.222328,0.543328,0.0,0.0,1.0
0.06825,-0.0293125,-0.217208,0.00494531,0.226617,0.525406,0.0,0.0,1.0
0.0695312,-0.0265312,-0.248417,0.00453516,0.228551,0.49293,0.0,0.0,1.0
0.078125,-0.0441562,-0.261396,0.00868359,0.223441,0.474102,0.0,0.0,1.0
0.0753438,-0.0314687,-0.25525,0.00616406,0.216773,0.4695,0.0,0.0,1.0
0.0796406,-0.0302656,-0.254552,0.00623437,0.217453,0.453781,0.0,0.0,1.0
0.0798281,-0.0292969,-0.219031,0.00604687,0.217945,0.457547,0.0,0.0,1.0
0.0822188,-0.00128125,-0.180167,0.00028125,0.213352,0.475703,0.0,0.0,1.0
0.0799531,-0.0162969,-0.138115,0.003375,0.216188,0.484812,0.0,0.0,1.0
0.0704844,-0.00801563,-0.107573,0.00142969,0.222609,0.482266,0.0,0.0,1.0
0.0777031,-0.0132656,-0.0659271,0.00255469,0.226969,0.494453,0.0,0.0,1.0
0.077375,-0.00096875,-0.0310208,0.0001875,0.224344,0.514406,0.0,0.0,1.0
0.0852187,-0.00534375,-0.0125,0.00123047,0.208535,0.522961,0.0,0.0,1.0
0.0869062,-0.0090625,0.0149792,0.00232031,0.191344,0.515891,0.0,0.0,1.0
0.0853125,-0.0134687,0.0414792,0.00317578,0.203168,0.528492,0.0,0.0,1.0
0.0898125,-0.009,0.0628333,0.00210938,0.215836,0.531297,0.0,0.0,1.0
0.0866094,-0.0141406,0.0888646,0.00315234,0.218145,0.522711,0.0,0.0,1.0
0.0806875,-0.0142188,0.0988542,0.00315234,0.204574,0.506367,0.0,0.0,1.0
0.0814688,-0.013875,0.107354,0.0028125,0.225492,0.499016,0.0,0.0,1.0
0.0829375,-0.0289063,0.115938,0.00665625,0.202781,0.477844,0.0,0.0,1.0
0.0802813,-0.0294688,0.133542,0.00667969,0.199312,0.467391,0.0,0.0,1.0
0.0804375,-0.0284375,0.138667,0.00641016,0.200918,0.463914,0.0,0.0,1.0
0.0738594,-0.0374844,0.138719,0.00700781,0.22207,0.466719,0.0,0.0,1.0
0.076625,-0.037125,0.1385,0.00746484,0.214113,0.46368,0.0,0.0,1.0
0.08375,-0.0292188,0.135229,0.00687891,0.200051,0.456711,0.0,0.0,1.0
0.0719219,-0.0255156,0.149302,0.00474609,0.217348,0.479414,0.0,0.0,1.0
0.0684219,-0.0479844,0.14451,0.00855469,0.216164,0.479469,0.0,0.0,1.0
0.0666406,-0.0502344,0.13274,0.00860156,0.219023,0.479438,0.0,0.0,1.0
0.0676406,-0.0611406,0.12974,0.0104531,0.222469,0.476344,0.0,0.0,1.0
0.0698125,-0.00365625,0.123479,0.00065625,0.218672,0.462344,0.0,0.0,1.0
0.0689688,-0.0560625,0.106812,0.00953906,0.227836,0.469594,0.0,0.0,1.0
0.0726563,-0.0539375,0.110104,0.00967969,0.227531,0.466828,0.0,0.0,1.0
0.070625,-0.0565625,0.123375,0.00965625,0.232711,0.451516,0.0,0.0,1.0
0.0690469,-0.00860937,0.149302,0.00158203,0.212332,0.432992,0.0,0.0,1.0
0.070875,-0.021375,0.134458,0.00407813,0.209555,0.435859,0.0,0.0,1.0
0.0693906,-0.0169219,0.126885,0.00315234,0.20959,0.435852,0.0,0.0,1.0
0.0674687,-0.024375,0.127521,0.00433594,0.213211,0.443812,0.0,0.0,1.0
0.0720469,-0.0348281,0.116719,0.00663281,0.212977,0.4365,0.0,0.0,1.0
0.0810938,-0.0264375,0.121437,0.00621094,0.19425,0.416078,0.0,0.0,1.0
0.0754375,-0.0289375,0.119667,0.00557812,0.220453,0.410844,0.0,0.0,1.0
0.0759062,-0.0300625,0.115062,0.00590625,0.216961,0.398141,0.0,0.0,1.0
0.0804688,-0.0205937,0.11125,0.00440625,0.211289,0.404516,0.0,0.0,1.0
0.0807813,-0.0225313,0.111708,0.00486328,0.210691,0.391727,0.0,0.0,1.0
0.0849688,-0.0245313,0.117958,0.00569531,0.205969,0.369953,0.0,0.0,1.0
0.0772187,-0.02725,0.131187,0.00556641,0.212566,0.348805,0.0,0.0,1.0
0.0906875,-0.0235625,0.139375,0.00633984,0.189785,0.327648,0.0,0.0,1.0
0.0900781,-0.0287344,0.151052,0.00718359,0.202535,0.337055,0.0,0.0,1.0
0.0905469,-0.0268906,0.151823,0.00705469,0.194063,0.317422,0.0,0.0,1.0
0.0852344,-0.0352344,0.146948,0.00724219,0.233273,0.338,0.0,0.0,1.0
0.0838125,-0.022375,0.15275,0.00539062,0.195914,0.308203,0.0,0.0,1.0
0.0816562,-0.0264688,0.166042,0.00541406,0.224461,0.326813,0.0,0.0,1.0
0.072875,-0.0253125,0.170833,0.00452344,0.229266,0.341797,0.0,0.0,1.0
0.0784063,-0.02775,0.174104,0.00546094,0.224344,0.346609,0.0,0.0,1.0
0.0759219,-0.0410469,0.169656,0.0075,0.233695,0.354547,0.0,0.0,1.0
0.075375,-0.048,0.167208,0.00864844,0.235242,0.365594,0.0,0.0,1.0
0.0747188,-0.042625,0.158896,0.00759375,0.235758,0.387047,0.0,0.0,1.0
0.0787656,-0.0500781,0.158802,0.0104531,0.212086,0.393047,0.0,0.0,1.0
0.0804062,-0.0509062,0.143417,0.0103359,0.222797,0.414797,0.0,0.0,1.0
0.07175,-0.0452188,0.141604,0.00742969,0.245438,0.435172,0.0,0.0,1.0
0.0744531,-0.0470781,0.132135,0.00771094,0.255469,0.449484,0.0,0.0,1.0
0.0806406,-0.0501719,0.12476,0.00885937,0.256969,0.448969,0.0,0.0,1.0
0.0766719,-0.0340469,0.131552,0.00560156,0.262641,0.454984,0.0,0.0,1.0
0.0866563,-0.0400625,0.150521,0.00742969,0.262664,0.456313,0.0,0.0,1.0
0.0804688,-0.0479062,0.151417,0.00812109,0.267105,0.459414,0.0,0.0,1.0
0.0837344,-0.0508594,0.150323,0.00925781,0.259078,0.447328,0.0,0.0,1.0
0.0904062,-0.0363437,0.157292,0.00711328,0.259793,0.444914,0.0,0.0,1.0
0.0905781,-0.0327031,0.163531,0.00621094,0.268641,0.445141,0.0,0.0,1.0
0.0878438,-0.0327813,0.174167,0.00595313,0.272555,0.432984,0.0,0.0,1.0
0.0943125,-0.0419375,0.190458,0.00815625,0.272695,0.428016,0.0,0.0,1.0
0.0955312,-0.0415625,0.186396,0.00813281,0.275109,0.445703,0.0,0.0,1.0
0.0965,-0.0349687,0.184104,0.00662109,0.286395,0.457992,0.0,0.0,1.0
0.0985156,-0.0188906,0.18374,0.00360938,0.290367,0.458078,0.0,0.0,1.0
0.0977188,-0.0264688,0.181958,0.00515625,0.281672,0.444625,0.0,0.0,1.0
0.0995781,-0.0268906,0.162469,0.00535547,0.281004,0.436336,0.0,0.0,1.0
0.0990938,-0.0357188,0.162083,0.00734766,0.270996,0.432086,0.0,0.0,1.0
0.0982031,-0.0440469,0.17526,0.00866016,0.281098,0.436039,0.0,0.0,1.0
0.107969,-0.0364062,0.162208,0.00835547,0.264715,0.427305,0.0,0.0,1.0
0.113406,-0.0320312,0.155208,0.00718359,0.284684,0.445555,0.0,0.0,1.0
0.106109,-0.0301094,0.158052,0.005625,0.319875,0.468719,0.0,0.0,1.0
0.110859,-0.0126406,0.147073,0.00234375,0.335063,0.470781,0.0,0.0,1.0
0.114547,-0.0347031,0.147073,0.00703125,0.318047,0.4555,0.0,0.0,1.0
0.120156,-0.0376563,0.1405,0.00754688,0.336492,0.472984,0.0,0.0,1.0
0.117203,-0.0351719,0.12674,0.00679688,0.340969,0.469438,0.0,0.0,1.0
0.118625,-0.0240625,0.135292,0.0045,0.357047,0.489344,0.0,0.0,1.0
0.117969,-0.035,0.148146,0.00625781,0.371672,0.522422,0.0,0.0,1.0
0.122922,-0.0387344,0.14976,0.00711328,0.37616,0.55457,0.0,0.0,1.0
0.123031,-0.039,0.145604,0.00727734,0.371098,0.559164,0.0,0.0,1.0
0.122906,-0.0376875,0.150604,0.00698437,0.373031,0.573625,0.0,0.0,1.0
0.126438,-0.039625,0.147667,0.0075,0.376172,0.603875,0.0,0.0,1.0
0.132469,-0.0467812,0.150417,0.00457031,0.372926,0.623949,0.0,0.0,1.0
0.130031,-0.0398125,0.150312,0.00379688,0.369125,0.62775,0.0,0.0,1.0
0.126875,-0.0397188,0.133896,0.00370313,0.373789,0.623086,0.0,0.0,1.0
0.126219,-0.0354063,0.120917,0.00720703,0.348949,0.59407,0.0,0.0,1.0
0.125047,-0.0537656,0.10401,0.0100898,0.375012,0.596383,0.0,0.0,1.0
0.1315,-0.0439375,0.0843333,0.00857813,0.379125,0.589125,0.0,0.0,1.0
0.126375,-0.0108125,0.0623333,0.00205078,0.372973,0.557133,0.0,0.0,1.0
0.130781,-0.0511875,0.0375625,0.0100313,0.375422,0.505281,0.0,0.0,1.0
0.12975,-0.0525937,0.0240208,0.0102422,0.374461,0.467,0.0,0.0,1.0
0.127422,-0.0509531,0.0396146,0.00960938,0.380602,0.450203,0.0,0.0,1.0
0.130938,-0.0576563,0.0353125,0.0112148,0.378527,0.460227,0.0,0.0,1.0
0.129812,-0.056375,0.0412917,0.0107227,0.38359,0.466008,0.0,0.0,1.0
0.135109,-0.0447656,0.0587396,0.00901172,0.377309,0.466477,0.0,0.0,1.0
0.127906,-0.0605625,0.0543125,0.0114375,0.38093,0.468266,0.0,0.0,1.0
0.125766,-0.0595469,0.0586146,0.0110391,0.38182,0.486875,0.0,0.0,1.0
0.142906,-0.0915937,0.0557917,0.019125,0.385359,0.495531,0.0,0.0,1.0
0.123359,-0.0702969,0.0758854,0.0124922,0.390656,0.493016,0.0,0.0,1.0
0.127203,-0.0727656,0.0780312,0.0133359,0.390633,0.490594,0.0,0.0,1.0
0.131313,-0.0665938,0.0753542,0.012668,0.388324,0.480055,0.0,0.0,1.0
0.135203,-0.0726719,0.0758646,0.0143086,0.386379,0.472695,0.0,0.0,1.0
0.138422,-0.0807031,0.0729271,0.0165938,0.378633,0.469828,0.0,0.0,1.0
0.143438,-0.0804688,0.0664792,0.0174141,0.373055,0.458469,0.0,0.0,1.0
0.134125,-0.0713125,0.078875,0.0141445,0.380496,0.465883,0.0,0.0,1.0
0.130812,-0.067,0.0860417,0.0125391,0.393164,0.477313,0.0,0.0,1.0
0.123156,-0.0656563,0.115208,0.0114844,0.395742,0.503203,0.0,0.0,1.0
0.120594,-0.0641562,0.133542,0.0107109,0.406289,0.550094,0.0,0.0,1.0
0.126875,-0.0455937,0.129521,0.00745996,0.400108,0.589956,0.0,0.0,1.0
0.133359,-0.0422344,0.13451,0.0080625,0.391945,0.595922,0.0,0.0,1.0
0.137562,-0.0227187,0.147563,0.00444141,0.395121,0.584117,0.0,0.0,1.0
0.124937,-0.0378437,0.154229,0.00519727,0.397986,0.59515,0.0,0.0,1.0
0.131344,-0.0448125,0.133188,0.0066748,0.405862,0.585796,0.0,0.0,1.0
0.13875,-0.0522812,0.106854,0.010043,0.406371,0.57893,0.0,0.0,1.0
0.140641,-0.0522344,0.0609271,0.010207,0.404684,0.579711,0.0,0.0,1.0
0.141453,-0.0653594,0.0459062,0.0131367,0.395918,0.548789,0.0,0.0,1.0
0.146141,-0.0879844,0.0338854,0.0183867,0.393457,0.518102,0.0,0.0,1.0
0.146047,-0.0735469,0.0359063,0.0153867,0.392801,0.502555,0.0,0.0,1.0
0.147422,-0.0746719,0.0336563,0.0159375,0.388477,0.495859,0.0,0.0,1.0
0.146313,-0.0702813,0.0270625,0.0155625,0.371859,0.480625,0.0,0.0,1.0
0.146375,-0.0890938,0.0322292,0.0196172,0.374039,0.487875,0.0,0.0,1.0
0.145703,-0.0840156,0.0364062,0.0181875,0.378398,0.494828,0.0,0.0,1.0
0.141531,-0.0811562,0.039,0.0172734,0.374063,0.497984,0.0,0.0,1.0
0.139422,-0.0741406,0.0415729,0.0157617,0.368824,0.534461,0.0,0.0,1.0
0.133359,-0.0587969,0.0475313,0.0120234,0.367102,0.526656,0.0,0.0,1.0
0.125766,-0.0632656,0.0611771,0.0125742,0.355793,0.52743,0.0,0.0,1.0
0.117844,-0.0477187,0.0924583,0.00885937,0.356859,0.530312,0.0,0.0,1.0
0.125281,-0.0565313,0.0996667,0.0112031,0.355828,0.532875,0.0,0.0,1.0
0.119875,-0.0532813,0.112062,0.0104414,0.344098,0.532977,0.0,0.0,1.0
0.117219,-0.0449063,0.0999167,0.00860156,0.344672,0.533797,0.0,0.0,1.0
0.124828,-0.0392344,0.0865937,0.00825,0.334219,0.509844,0.0,0.0,1.0
0.117688,-0.0355625,0.0805,0.00720703,0.326168,0.488539,0.0,0.0,1.0
0.119891,-0.0453281,0.0726979,0.00960938,0.318047,0.479813,0.0,0.0,1.0
0.120531,-0.0394688,0.0622083,0.00851953,0.314191,0.465383,0.0,0.0,1.0
0.116734,-0.0230156,0.0478646,0.00495703,0.30552,0.454898,0.0,0.0,1.0
0.113906,-0.0414063,0.0288333,0.008625,0.30757,0.463859,0.0,0.0,1.0
0.108531,-0.0483438,0.0163333,0.00938672,0.314379,0.467352,0.0,0.0,1.0
0.108203,-0.0506094,-0.00563542,0.0101133,0.304582,0.460289,0.0,0.0,1.0
0.107719,-0.0285938,-0.0133333,0.00564844,0.306727,0.457344,0.0,0.0,1.0
0.104781,-0.0318438,-0.0130833,0.00623437,0.301945,0.459141,0.0,0.0,1.0
0.0980313,-0.0212188,-0.0188333,0.00386719,0.302555,0.459437,0.0,0.0,1.0
0.0941563,-0.0194375,-0.0176042,0.00338672,0.304559,0.454648,0.0,0.0,1.0
0.0999375,-0.0268438,-0.0193958,0.00496875,0.304055,0.451828,0.0,0.0,1.0
0.0936094,-0.0388281,-0.0294896,0.00685547,0.298605,0.446305,0.0,0.0,1.0
0.0877031,-0.0431406,-0.0258646,0.00747656,0.284414,0.438313,0.0,0.0,1.0
0.0800313,-0.0253437,-0.0207083,0.00414844,0.275367,0.424062,0.0,0.0,1.0
0.0806875,-0.0347813,-0.0231042,0.00574219,0.27518,0.420312,0.0,0.0,1.0
0.0769375,-0.0265312,-0.0186042,0.00426563,0.268828,0.416281,0.0,0.0,1.0
0.0776875,-0.0349062,-0.0170625,0.00582422,0.261809,0.424617,0.0,0.0,1.0
0.0781875,-0.0384375,-0.01825,0.00643359,0.262465,0.423555,0.0,0.0,1.0
0.0780938,-0.035375,-0.0107292,0.00596484,0.26052,0.414789,0.0,0.0,1.0
0.0735625,-0.0185,-0.00616667,0.00291797,0.26202,0.418867,0.0,0.0,1.0
0.074375,-0.0279375,0.003625,0.00452344,0.258773,0.417563,0.0,0.0,1.0
0.0748594,-0.0285781,0.0127188,0.00479297,0.250629,0.421273,0.0,0.0,1.0
0.0760781,-0.0199844,0.0135521,0.00342187,0.248578,0.421281,0.0,0.0,1.0
0.0733437,-0.0393437,0.020625,0.00670312,0.242016,0.421094,0.0,0.0,1.0
0.068625,-0.0339375,0.0344167,0.00534375,0.245461,0.429078,0.0,0.0,1.0
0.0681562,-0.0342188,0.0479167,0.00514453,0.254801,0.436664,0.0,0.0,1.0
0.0680469,-0.0353906,0.0716562,0.00550781,0.245953,0.440859,0.0,0.0,1.0
0.0708125,-0.0013125,0.0820417,0.000222656,0.24184,0.443117,0.0,0.0,1.0
0.06825,-0.0025,0.0920417,0.000421875,0.232242,0.448984,0.0,0.0,1.0
0.0752969,-0.00189062,0.0952813,0.000339844,0.230449,0.44632,0.0,0.0,1.0
0.0737813,-0.014125,0.0981875,0.00269531,0.218812,0.454172,0.0,0.0,1.0
0.07725,-0.0292188,0.100188,0.00557812,0.227648,0.462609,0.0,0.0,1.0
0.075625,-0.00946875,0.109146,0.00173438,0.231773,0.472328,0.0,0.0,1.0
0.0762969,-0.0269531,0.101323,0.00494531,0.233977,0.479969,0.0,0.0,1.0
0.0754063,-0.02975,0.102604,0.00530859,0.237832,0.487711,0.0,0.0,1.0
0.0707656,-0.0542656,0.109927,0.00919922,0.234785,0.496289,0.0,0.0,1.0
0.0740469,-0.0581719,0.104635,0.0105117,0.230684,0.498133,0.0,0.0,1.0
0.0739063,-0.0593125,0.109312,0.010582,0.232957,0.510039,0.0,0.0,1.0
0.0819844,-0.0705781,0.109156,0.0143555,0.226887,0.513789,0.0,0.0,1.0
0.0816562,-0.0584375,0.108854,0.0112969,0.237375,0.524031,0.0,0.0,1.0
0.0782031,-0.0579219,0.107385,0.0106641,0.239227,0.526031,0.0,0.0,1.0
0.0773437,-0.042875,0.108021,0.00779297,0.239074,0.532102,0.0,0.0,1.0
0.0788906,-0.0412656,0.103594,0.00761719,0.240539,0.538156,0.0,0.0,1.0
0.0799375,-0.0460625,0.10975,0.0088125,0.234797,0.531875,0.0,0.0,1.0
0.0767344,-0.0430781,0.113302,0.00796875,0.233063,0.525375,0.0,0.0,1.0
0.0790469,-0.0434844,0.111823,0.00832031,0.232547,0.513734,0.0,0.0,1.0
0.0741406,-0.0409844,0.123698,0.00752344,0.227461,0.501156,0.0,0.0,1.0
0.0809531,-0.0350781,0.111594,0.00701953,0.227543,0.478758,0.0,0.0,1.0
0.0849375,-0.039375,0.108458,0.00878906,0.213891,0.454234,0.0,0.0,1.0
0.0768438,-0.024125,0.122188,0.00459375,0.227039,0.464766,0.0,0.0,1.0
0.0750313,-0.0168125,0.122354,0.00301172,0.235816,0.468789,0.0,0.0,1.0
0.0840312,-0.0136563,0.123875,0.0028125,0.228984,0.460219,0.0,0.0,1.0
0.0826875,-0.0220938,0.131437,0.00440625,0.232945,0.457953,0.0,0.0,1.0
0.080625,-0.0251563,0.138063,0.00483984,0.235512,0.461242,0.0,0.0,1.0
0.0815625,-0.0260937,0.146979,0.00520313,0.229875,0.461406,0.0,0.0,1.0
0.08575,-0.0230625,0.146458,0.00475781,0.232898,0.454688,0.0,0.0,1.0
0.0863906,-0.0142344,0.149594,0.00305859,0.226395,0.44243,0.0,0.0,1.0
0.0839844,-0.0243281,0.15426,0.00505078,0.227238,0.444336,0.0,0.0,1.0
0.0822812,-0.0216875,0.155479,0.00440625,0.227883,0.446141,0.0,0.0,1.0
0.0798594,-0.0229844,0.154198,0.00442969,0.23318,0.450687,0.0,0.0,1.0
0.0756563,-0.019625,0.160729,0.00358594,0.232617,0.452094,0.0,0.0,1.0
0.0889063,-0.022125,0.157854,0.00489844,0.225609,0.456984,0.0,0.0,1.0
0.0852813,-0.0245938,0.153708,0.00486328,0.242332,0.466836,0.0,0.0,1.0
0.089,-0.00946875,0.150646,0.00200391,0.235957,0.477492,0.0,0.0,1.0
0.088875,-0.0020625,0.140583,0.000445313,0.226266,0.487078,0.0,0.0,1.0
0.087625,-0.0565937,0.127979,0.0115664,0.240902,0.505039,0.0,0.0,1.0
0.0868438,-0.0507188,0.114375,0.0105937,0.233953,0.51875,0.0,0.0,1.0
0.0808437,-0.0237812,0.094375,0.00452344,0.238781,0.533266,0.0,0.0,1.0
0.0859844,-0.0457969,0.0656354,0.00908203,0.24409,0.546758,0.0,0.0,1.0
0.0843125,-0.0364062,0.0476875,0.00720703,0.239449,0.553477,0.0,0.0,1.0
0.0860625,0.00221875,0.0447292,-0.000445313,0.241828,0.565891,0.0,0.0,1.0
0.0857031,-0.0204844,0.0283021,0.00416016,0.237316,0.572836,0.0,0.0,1.0
0.0938594,-0.0304844,0.0134896,0.00669141,0.240387,0.573898,0.0,0.0,1.0
0.0934063,-0.04075,0.0132708,0.00902344,0.237563,0.579109,0.0,0.0,1.0
0.0917813,-0.00196875,0.00558333,0.000421875,0.239297,0.5855,0.0,0.0,1.0
0.0933281,-0.0474219,-0.00144792,0.0107227,0.23209,0.577852,0.0,0.0,1.0
0.0982812,-0.027875,0.000229167,0.00670312,0.229969,0.581781,0.0,0.0,1.0
0.102063,-0.0219062,0.00264583,0.00534375,0.235266,0.581937,0.0,0.0,1.0
0.0982187,-0.01375,0.00435417,0.00314063,0.242602,0.586016,0.0,0.0,1.0
0.0949219,-0.000359375,0.00980208,7.03125e-05,0.247711,0.596156,0.0,0.0,1.0
0.0992187,-0.00959375,0.00795833,0.00213281,0.250688,0.594578,0.0,0.0,1.0
0.0993125,-0.001375,0.00304167,0.000304688,0.247102,0.598719,0.0,0.0,1.0
0.105438,-0.006375,0.002875,0.00155859,0.242145,0.599023,0.0,0.0,1.0
0.103969,-0.007625,0.0116042,0.00175781,0.253266,0.604547,0.0,0.0,1.0
0.108141,-0.0308281,0.0193646,0.00895313,0.209461,0.570984,0.0,0.0,1.0
0.107688,-0.0334063,0.0240208,0.00860156,0.235219,0.589078,0.0,0.0,1.0
0.0893906,-0.0257656,0.0420104,0.00529687,0.244758,0.600547,0.0,0.0,1.0
0.0862656,-0.0342656,0.0396771,0.00678516,0.245051,0.596961,0.0,0.0,1.0
0.0784531,-0.0312031,0.0528854,0.00564844,0.244125,0.594203,0.0,0.0,1.0
0.0863438,-0.0426875,0.0484792,0.00907031,0.229148,0.596563,0.0,0.0,1.0
0.0810312,-0.0388438,0.0479583,0.0075,0.235734,0.599563,0.0,0.0,1.0
0.088,-0.0488437,0.0478542,0.0100078,0.241711,0.603594,0.0,0.0,1.0
0.090875,-0.0571562,0.0440208,0.0116602,0.250723,0.608039,0.0,0.0,1.0
0.0898438,-0.0558437,0.0445417,0.0110391,0.255797,0.611609,0.0,0.0,1.0
0.0891562,-0.0622813,0.043375,0.0122344,0.255375,0.617344,0.0,0.0,1.0
0.0841875,-0.00653125,0.0581875,0.00121875,0.250195,0.608422,0.0,0.0,1.0
0.0856406,-0.0684219,0.0575938,0.013125,0.251156,0.614156,0.0,0.0,1.0
0.0869062,-0.0494062,0.0692917,0.00935156,0.257883,0.619469,0.0,0.0,1.0
0.0819375,-0.0656563,0.0774792,0.0119297,0.253453,0.618922,0.0,0.0,1.0
0.0885312,-0.0753125,0.0726042,0.0146719,0.255633,0.621609,0.0,0.0,1.0
0.0896094,-0.0701406,0.0615729,0.013875,0.254953,0.618344,0.0,0.0,1.0
0.0903125,-0.069,0.0349167,0.0140156,0.250078,0.608344,0.0,0.0,1.0
0.086625,-0.0598437,0.0297708,0.0116719,0.249375,0.601188,0.0,0.0,1.0
0.091125,-0.046625,0.054875,0.00969141,0.246785,0.590492,0.0,0.0,1.0
0.0890312,-0.0381875,0.0879792,0.00769922,0.248027,0.571883,0.0,0.0,1.0
0.0844219,-0.0574219,0.100135,0.0110156,0.247688,0.559531,0.0,0.0,1.0
0.0831875,-0.0447187,0.101938,0.00846094,0.247078,0.560297,0.0,0.0,1.0
0.0848437,-0.0472813,0.0956667,0.00895313,0.251789,0.577203,0.0,0.0,1.0
0.080375,-0.0372812,0.107771,0.00652734,0.257801,0.590008,0.0,0.0,1.0
0.101125,-0.00965625,0.0883125,0.00216797,0.253582,0.602195,0.0,0.0,1.0
0.101109,-0.0116094,0.0832396,0.00261328,0.251988,0.607117,0.0,0.0,1.0
0.0918906,-0.00782812,0.0830521,0.00159375,0.253406,0.602375,0.0,0.0,1.0
0.095125,-0.020125,0.078625,0.00403125,0.266648,0.592141,0.0,0.0,1.0
0.0877187,-0.0204687,0.102333,0.00376172,0.268043,0.580539,0.0,0.0,1.0
0.0874531,-0.0235469,0.114823,0.00440625,0.263086,0.573609,0.0,0.0,1.0
0.0952031,-0.0311719,0.12051,0.00638672,0.261059,0.56732,0.0,0.0,1.0
0.0959688,-0.0374063,0.125542,0.00780469,0.258891,0.552953,0.0,0.0,1.0
0.0894687,-0.0328437,0.139958,0.00667969,0.247125,0.542609,0.0,0.0,1.0
0.0956094,-0.0495156,0.145615,0.0110859,0.240234,0.532891,0.0,0.0,1.0
0.0951563,-0.048375,0.156312,0.0113438,0.228469,0.523344,0.0,0.0,1.0
0.0951875,-0.0404375,0.16375,0.00878906,0.246398,0.526438,0.0,0.0,1.0
0.0965938,-0.0464687,0.159375,0.00989063,0.255164,0.533734,0.0,0.0,1.0
0.0953906,-0.0560781,0.155823,0.0114609,0.262477,0.537875,0.0,0.0,1.0
0.0946406,-0.0657969,0.149573,0.0130664,0.267996,0.535211,0.0,0.0,1.0
0.0906875,-0.0566562,0.161854,0.0105937,0.272648,0.533484,0.0,0.0,1.0
0.0951094,-0.0774219,0.167698,0.0157266,0.263297,0.529078,0.0,0.0,1.0
0.0941875,-0.06525,0.177542,0.0141563,0.244219,0.519125,0.0,0.0,1.0
0.0927031,-0.0567969,0.172719,0.0108281,0.273562,0.53875,0.0,0.0,1.0
0.09625,-0.0790937,0.162771,0.0157617,0.271512,0.548586,0.0,0.0,1.0
0.0956875,-0.0622188,0.161521,0.0123984,0.269789,0.556344,0.0,0.0,1.0
0.0960781,-0.0634531,0.162344,0.0128086,0.267809,0.565148,0.0,0.0,1.0
0.103703,-0.0590156,0.150344,0.0128203,0.268898,0.557969,0.0,0.0,1.0
0.100078,-0.0537031,0.141073,0.0113203,0.267258,0.5565,0.0,0.0,1.0
0.099875,-0.0431563,0.122188,0.00902344,0.268875,0.556172,0.0,0.0,1.0
0.0955625,-0.0433437,0.106896,0.00888281,0.262711,0.543437,0.0,0.0,1.0
0.0990625,-0.0445312,0.0903542,0.00960938,0.257789,0.536672,0.0,0.0,1.0
0.0974063,-0.0368125,0.0764375,0.00772266,0.261246,0.534617,0.0,0.0,1.0
0.093625,-0.0366875,0.0665417,0.00707813,0.273234,0.540594,0.0,0.0,1.0
0.0925,-0.0233437,0.0604792,0.00440625,0.275625,0.540031,0.0,0.0,1.0
0.106234,-0.0361719,0.0601562,0.00792188,0.273047,0.541375,0.0,0.0,1.0
0.0974063,-0.00415625,0.0635417,0.000796875,0.287953,0.548594,0.0,0.0,1.0
0.100813,-0.0451875,0.066375,0.00914062,0.280336,0.546203,0.0,0.0,1.0
0.0971875,-0.051375,0.07425,0.0101367,0.276879,0.538664,0.0,0.0,1.0
0.0959844,-0.0484844,0.0850938,0.00919922,0.284426,0.544602,0.0,0.0,1.0
0.0992969,-0.0523594,0.101719,0.012457,0.234715,0.514008,0.0,0.0,1.0
0.0978438,-0.063375,0.100813,0.0127969,0.272484,0.537656,0.0,0.0,1.0
0.0888437,-0.0370312,0.107875,0.00682031,0.27068,0.54025,0.0,0.0,1.0
0.09925,-0.0490625,0.102792,0.0103008,0.265746,0.540148,0.0,0.0,1.0
0.1065,-0.0595937,0.0934375,0.0137109,0.260508,0.542813,0.0,0.0,1.0
0.103547,-0.0519531,0.0950104,0.0120586,0.251004,0.539008,0.0,0.0,1.0
0.10825,-0.0335938,0.0895625,0.00781641,0.261738,0.55143,0.0,0.0,1.0
0.102875,-0.0406875,0.0915417,0.009,0.261469,0.557719,0.0,0.0,1.0
0.100469,-0.037875,0.0906458,0.00820312,0.261211,0.570047,0.0,0.0,1.0
0.100281,-0.0571562,0.083625,0.0112734,0.285937,0.596484,0.0,0.0,1.0
0.10175,-0.0898125,0.066125,0.0183398,0.280254,0.60607,0.0,0.0,1.0
0.0960625,-0.0883125,0.065875,0.0178125,0.267797,0.6125,0.0,0.0,1.0
0.0977969,-0.0919219,0.0695521,0.0190313,0.265687,0.621125,0.0,0.0,1.0
0.104562,-0.0930938,0.0687292,0.0195937,0.279469,0.634156,0.0,0.0,1.0
0.106984,-0.0959844,0.0686146,0.0204609,0.282422,0.640016,0.0,0.0,1.0
0.11275,-0.07825,0.0740417,0.0190078,0.261141,0.628828,0.0,0.0,1.0
0.108687,-0.0590313,0.0723958,0.0131719,0.274148,0.634078,0.0,0.0,1.0
0.112203,-0.0624531,0.0762812,0.0148477,0.265371,0.631711,0.0,0.0,1.0
0.107484,-0.0522031,0.0903229,0.0126328,0.24968,0.616562,0.0,0.0,1.0
0.103828,-0.0467031,0.0997813,0.0100664,0.270949,0.63218,0.0,0.0,1.0
0.1075,-0.0605625,0.0968333,0.0133125,0.275063,0.638844,0.0,0.0,1.0
0.102375,-0.0502187,0.0963958,0.0108281,0.266742,0.636609,0.0,0.0,1.0
0.105203,-0.0549844,0.0909479,0.0117656,0.276727,0.648016,0.0,0.0,1.0
0.107219,-0.0562188,0.0934167,0.012082,0.280605,0.663398,0.0,0.0,1.0
0.110563,-0.0576563,0.0895208,0.0119063,0.30157,0.682141,0.0,0.0,1.0
0.105984,-0.0239844,0.0997604,0.00293555,0.301787,0.693928,0.0,0.0,1.0
0.10525,-0.0425312,0.0920625,0.00572363,0.291989,0.70197,0.0,0.0,1.0
0.108672,-0.0443594,0.0856771,0.00452344,0.290828,0.706047,0.0,0.0,1.0
0.11525,-0.0504063,0.0945208,0.0123867,0.263824,0.701633,0.0,0.0,1.0
0.106094,-0.0482187,0.092375,0.00478125,0.282609,0.714266,0.0,0.0,1.0
0.106047,-0.0521094,0.0941563,0.00521484,0.279059,0.717816,0.0,0.0,1.0
0.107609,-0.0557969,0.0987396,0.00589453,0.271102,0.725773,0.0,0.0,1.0
0.112875,-0.0641562,0.0958542,0.00707813,0.269527,0.727348,0.0,0.0,1.0
0.114875,-0.0799688,0.0938542,0.00928125,0.266635,0.73024,0.0,0.0,1.0
0.119109,-0.0783594,0.0939271,0.00967969,0.259008,0.737867,0.0,0.0,1.0
0.114781,-0.0755937,0.0891667,0.00918066,0.258907,0.737841,0.0,0.0,1.0
0.111516,-0.0739531,0.0830521,0.00847266,0.262572,0.734303,0.0,0.0,1.0
0.108469,-0.0697813,0.0627083,0.00724219,0.266535,0.73034,0.0,0.0,1.0
0.107313,-0.0963125,0.0485833,0.0106172,0.262398,0.734477,0.0,0.0,1.0
0.103266,-0.112016,0.0338021,0.0108633,0.270943,0.725932,0.0,0.0,1.0
0.106516,-0.115984,0.0306771,0.0115781,0.274793,0.722082,0.0,0.0,1.0
0.104266,-0.110922,0.0339896,0.0107578,0.278297,0.718578,0.0,0.0,1.0
0.108547,-0.0950781,0.0435521,0.00945703,0.283611,0.713264,0.0,0.0,1.0
0.110859,-0.103766,0.0546771,0.010418,0.286391,0.710484,0.0,0.0,1.0
0.110906,-0.0777187,0.064,0.00773438,0.287658,0.709217,0.0,0.0,1.0
0.111641,-0.0888281,0.0684271,0.00936328,0.280504,0.716371,0.0,0.0,1.0
0.111969,-0.0702813,0.078,0.00737109,0.281539,0.715336,0.0,0.0,1.0
0.111031,-0.0586562,0.0825833,0.00619922,0.275871,0.721004,0.0,0.0,1.0
0.115938,-0.0493437,0.0764792,0.00549609,0.274074,0.722801,0.0,0.0,1.0
0.120312,-0.056625,0.0755,0.00680859,0.270246,0.726629,0.0,0.0,1.0
0.112656,-0.05675,0.0772708,0.006375,0.269225,0.72765,0.0,0.0,1.0
0.120906,-0.0594687,0.07525,0.00739453,0.263113,0.733762,0.0,0.0,1.0
0.125188,-0.071,0.07375,0.009,0.259955,0.73692,0.0,0.0,1.0
0.116469,-0.0475625,0.0778958,0.00520313,0.262117,0.734758,0.0,0.0,1.0
0.112812,-0.0498125,0.0782083,0.00512109,0.262627,0.734248,0.0,0.0,1.0
0.114781,-0.046875,0.0806042,0.00488672,0.262338,0.734537,0.0,0.0,1.0
0.116187,-0.0485625,0.0848333,0.00526172,0.255178,0.741697,0.0,0.0,1.0
0.111406,-0.0470625,0.0832708,0.0050625,0.247654,0.749221,0.0,0.0,1.0
0.1155,-0.0525,0.0820833,0.00612891,0.237363,0.759512,0.0,0.0,1.0
0.118,-0.0426875,0.0865417,0.0050625,0.236582,0.760293,0.0,0.0,1.0
0.118078,-0.0457656,0.0843021,0.00548438,0.234305,0.76257,0.0,0.0,1.0
0.126687,-0.0608438,0.0843958,0.00802734,0.234637,0.762238,0.0,0.0,1.0
0.123172,-0.0570156,0.0898854,0.00711328,0.234926,0.761949,0.0,0.0,1.0
0.122656,-0.0585,0.0872292,0.00772266,0.233516,0.763359,0.0,0.0,1.0
0.114625,-0.0523125,0.0934583,0.00649219,0.234734,0.762141,0.0,0.0,1.0
0.118313,-0.054,0.090125,0.00684375,0.235918,0.760957,0.0,0.0,1.0
0.116281,-0.0409375,0.0931458,0.00505078,0.234115,0.76276,0.0,0.0,1.0
0.116172,-0.0717656,0.0889687,0.00819141,0.24232,0.754555,0.0,0.0,1.0
0.114,-0.0790937,0.0915625,0.00863672,0.248027,0.748848,0.0,0.0,1.0
0.112828,-0.0980156,0.0880938,0.0108516,0.243281,0.753594,0.0,0.0,1.0
0.112594,-0.080125,0.0919792,0.00867188,0.244277,0.752598,0.0,0.0,1.0
0.108531,-0.0657813,0.0895,0.00680859,0.245852,0.751023,0.0,0.0,1.0
0.112047,-0.0976406,0.0843021,0.010793,0.24208,0.754795,0.0,0.0,1.0
0.112812,-0.1125,0.0875417,0.0124922,0.244133,0.752742,0.0,0.0,1.0
0.119969,-0.0903125,0.0885625,0.0101484,0.252785,0.74409,0.0,0.0,1.0
0.117906,-0.083125,0.0911458,0.00887109,0.260797,0.736078,0.0,0.0,1.0
0.126062,-0.0855,0.0889583,0.0100664,0.2644,0.732475,0.0,0.0,1.0
0.131,-0.090625,0.0975,0.0114609,0.267701,0.729174,0.0,0.0,1.0
0.1255,-0.0732187,0.0950625,0.00874219,0.274568,0.722307,0.0,0.0,1.0
0.131313,-0.0866875,0.0875833,0.0115264,0.283378,0.712241,0.0,0.0,1.0
0.124563,-0.0665,0.09375,0.0118408,0.284958,0.70436,0.0,0.0,1.0
0.1225,-0.06925,0.092125,0.0157754,0.285518,0.696471,0.0,0.0,1.0
0.12625,-0.0689688,0.0869375,0.0116016,0.293789,0.696289,0.0,0.0,1.0
0.123562,-0.0549687,0.0953958,0.00594141,0.304697,0.692178,0.0,0.0,1.0
0.126188,-0.0523437,0.108771,0.00564844,0.307709,0.689166,0.0,0.0,1.0
0.128672,-0.0528906,0.121885,0.00596484,0.307063,0.689812,0.0,0.0,1.0
0.124703,-0.0484531,0.13526,0.00514453,0.311098,0.685777,0.0,0.0,1.0
0.129438,-0.0657187,0.142438,0.00719531,0.307563,0.689313,0.0,0.0,1.0
0.130078,-0.0700156,0.152823,0.0076875,0.304586,0.692289,0.0,0.0,1.0
0.13025,-0.0680625,0.158917,0.00760547,0.302277,0.694598,0.0,0.0,1.0
0.128297,-0.0614844,0.169969,0.00680859,0.301473,0.695402,0.0,0.0,1.0
0.129984,-0.0732031,0.175406,0.00846094,0.299391,0.697484,0.0,0.0,1.0
0.126031,-0.0637812,0.172792,0.00804004,0.29229,0.703599,0.0,0.0,1.0
0.121641,-0.0444219,0.184781,0.00492187,0.298816,0.698059,0.0,0.0,1.0
0.128688,-0.0456875,0.190333,0.00894922,0.296199,0.693863,0.0,0.0,1.0
0.133625,-0.0528437,0.193979,0.0137813,0.288188,0.691813,0.0,0.0,1.0
0.132078,-0.0599219,0.19974,0.0115449,0.289631,0.699342,0.0,0.0,1.0
0.129422,-0.0349531,0.202135,0.00405469,0.296508,0.700367,0.0,0.0,1.0
0.138734,-0.0710781,0.20124,0.0159629,0.280314,0.704182,0.0,0.0,1.0
0.142719,-0.0900313,0.190917,0.0120117,0.287223,0.709652,0.0,0.0,1.0
0.138453,-0.0804844,0.191906,0.0152754,0.274471,0.714119,0.0,0.0,1.0
0.137781,-0.0801875,0.195396,0.014584,0.270826,0.719193,0.0,0.0,1.0
0.140203,-0.0797031,0.193573,0.0174062,0.261766,0.723758,0.0,0.0,1.0
0.141125,-0.0790313,0.192021,0.0210176,0.25565,0.723424,0.0,0.0,1.0
0.14375,-0.0914062,0.188896,0.0298066,0.246158,0.721103,0.0,0.0,1.0
0.144625,-0.062625,0.19,0.0201445,0.252902,0.721477,0.0,0.0,1.0
0.145922,-0.0756719,0.181302,0.0275508,0.22548,0.709227,0.0,0.0,1.0
0.141141,-0.0963906,0.175427,0.0338906,0.22582,0.706672,0.0,0.0,1.0
0.135984,-0.117203,0.17501,0.0450117,0.19916,0.692445,0.0,0.0,1.0
0.139938,-0.109125,0.177208,0.0445547,0.192844,0.678766,0.0,0.0,1.0
0.131969,-0.12525,0.174437,0.052125,0.178336,0.670797,0.0,0.0,1.0
0.118688,-0.152313,0.172958,0.0666328,0.152648,0.662969,0.0,0.0,1.0
0.118688,-0.143969,0.174812,0.0664219,0.144703,0.656156,0.0,0.0,1.0
0.101844,-0.163094,0.170792,0.0963516,0.0969609,0.644,0.0,0.0,1.0
0.105375,-0.151031,0.184979,0.0765703,0.116953,0.649641,0.0,0.0,1.0
0.0937812,-0.147,0.169604,0.0680039,0.114012,0.656789,0.0,0.0,1.0
0.0908594,-0.164109,0.146552,0.0788906,0.106289,0.665516,0.0,0.0,1.0
0.0726094,-0.160203,0.136948,0.0622617,0.105082,0.67943,0.0,0.0,1.0
0.0825937,-0.146906,0.134583,0.0531094,0.128531,0.691875,0.0,0.0,1.0
