218.4075,133.37,393.2475,142.295,384.7425,308.99,209.9025,300.065
219.8075,134.2425,393.6125,145.5525,382.8425,311.0475,209.0375,299.7375
212.86,136.63,388.525,155.275,370.78,322.45,195.115,303.805
199.6775,158.46875,374.9375,186.59375,351.0725,335.34875,175.8125,307.23875
186.1825,178.44625,359.1475,187.40125,351.0475,343.77625,178.0825,334.80625
192.21,167.6225,366.555,176.7125,357.93,342.0875,183.585,332.9975
187.61375,168.54,363.08375,172.425,359.60375,329.04,184.14875,325.155
186.385,170.5675,360.22,174.0025,357.235,325.0225,183.4,321.5875
157.46,180.92,337.25,182.96,335.54,333.08,155.75,331.04
119.75,240.25,283.25,240.25,283.25,364.75,119.75,364.75
210.5,236.75,363.5,236.75,363.5,370.25,210.5,370.25
216.4,194.635,388.765,194.485,388.9,347.365,216.535,347.515
195.2175,179.2525,372.3075,183.8575,368.3325,337.0375,191.2425,332.4325
183.21,175.2675,358.965,171.9525,362.01,333.3825,186.255,336.6975
174.425,174.865,350.09,174.88,350.075,328.735,174.41,328.72
161.2225,182.715,336.7225,182.925,336.5275,340.425,161.0275,340.215
158.16,189.38,337.17,187.58,338.76,346.04,159.75,347.84
174.8975,178.4125,357.3725,192.4525,346.0325,339.7375,163.5575,325.6975
187.25,158.0,365.75,158.0,365.75,314.0,187.25,314.0
185.2075,123.105,356.6725,120.615,358.8625,271.635,187.3975,274.125
162.5725,115.64,341.1175,113.78,342.7375,269.6,164.1925,271.46
169.53375,137.4975,343.56375,135.7875,344.94375,276.1725,170.92875,277.8825
202.9325,178.9325,372.5825,176.7425,374.3375,313.1375,204.6875,315.3275
232.0725,212.96625,405.3675,213.49125,404.9775,343.90125,231.6825,343.39125
241.3425,216.61375,413.6625,216.49375,413.7675,364.79875,241.4475,364.90375
225.4825,217.95625,406.0825,220.56625,403.9075,370.80625,223.3075,368.18125
213.0,224.0,387.0,224.0,387.0,374.0,213.0,374.0
206.01125,222.59875,380.68625,221.33875,381.81125,375.77875,207.12125,377.05375
198.16,217.84375,375.985,214.37875,378.94,366.62875,201.115,370.07875
193.895,200.405,369.41,200.105,369.665,354.515,194.15,354.815
195.13,188.61875,369.145,190.49375,367.45,347.73875,193.435,345.87875
200.15375,182.5525,376.65875,183.1375,376.17875,332.5975,199.65875,332.0125
209.80125,172.54,387.34125,172.84,387.10125,320.74,209.54625,320.44
205.87,150.04375,387.025,149.99875,387.07,301.15375,205.915,301.21375
198.0525,129.2725,371.2275,132.8425,368.1975,279.6175,195.0225,276.0475
191.0,109.5,365.0,109.5,365.0,256.5,191.0,256.5
197.4,91.29875,376.695,94.88375,373.62,248.51375,194.325,244.91375
213.32125,104.73125,391.52125,104.74625,391.52125,252.25625,213.30625,252.25625
225.395,104.09625,397.925,107.66625,394.745,261.19125,222.215,257.63625
224.1325,112.18625,397.7575,112.24625,397.6975,267.97625,224.0725,267.90125
233.6275,153.895,409.2475,154.975,408.3625,299.365,232.7425,298.285
237.545,194.375,410.885,195.74,409.715,345.005,236.375,343.64
240.67,205.07,416.395,204.155,417.19,356.75,241.465,357.665
248.31125,209.4375,418.08125,210.5925,417.03125,366.2925,247.24625,365.1375
237.8825,210.29625,414.8675,208.58625,416.3075,358.76625,239.3225,360.46125
233.83375,195.7425,410.39875,197.6325,408.77875,348.7275,232.19875,346.8375
233.755,188.53625,407.95,190.36625,406.345,342.94625,232.15,341.10125
240.505,172.5225,411.67,179.5575,405.535,328.8075,234.37,321.7725
241.39625,128.24875,411.69125,131.53375,408.46625,298.60375,238.15625,295.30375
240.04,127.735,413.65,129.055,412.42,291.445,238.81,290.125
243.165,146.4975,416.145,150.2475,412.575,314.4525,239.595,310.7025
238.56375,152.3475,411.64875,155.9925,408.34875,313.1625,235.24875,309.5175
235.38875,151.9575,409.32875,152.6175,408.72875,308.5725,234.80375,307.9125
238.5025,152.0725,410.9575,152.9125,410.2075,306.8575,237.7525,306.0175
244.38,157.16,419.235,158.63,417.96,309.56,243.105,308.09
253.415,167.53625,427.175,167.97125,426.785,320.56625,253.025,320.11625
249.655,181.715,427.945,181.505,428.125,334.445,249.835,334.655
231.2,178.86,408.755,188.835,400.34,338.58,222.785,328.605
191.1425,179.0075,371.0225,180.4625,369.7475,337.5425,189.8675,336.0875
168.39375,178.4925,347.94375,180.9075,345.90375,332.1975,166.36875,329.7825
172.5375,180.35375,349.5975,180.11375,349.7925,328.82375,172.7325,329.07875
194.285,178.9375,381.26,179.0725,381.155,330.8125,194.18,330.6775
233.5,185.0,422.5,185.0,422.5,335.0,233.5,335.0
270.25,186.25,460.75,186.25,460.75,340.75,270.25,340.75
306.5225,190.8375,476.7125,193.1925,474.5675,347.2725,304.3775,344.9175
298.5525,189.70125,472.6425,191.38125,471.1575,347.48625,297.0675,345.82125
284.29875,179.55375,462.45375,181.32375,460.89375,340.14375,282.72375,338.38875
258.89625,165.37,442.96125,166.045,442.40625,318.67,258.32625,317.995
225.1325,134.48125,411.7925,133.34125,412.7375,291.26125,226.0775,292.38625
209.81375,129.77,386.61875,130.055,386.36375,287.33,209.57375,287.045
211.4175,144.39,384.9075,143.925,385.3125,296.01,211.8225,296.475
220.1525,160.64625,394.7975,160.94625,394.5575,310.18125,219.9125,309.89625
227.25,177.95,398.58,179.645,397.17,323.39,225.84,321.695
239.37875,189.28,421.10375,191.215,419.57375,335.62,237.83375,333.685
262.40875,200.2525,445.55875,200.1175,445.64875,343.7575,262.51375,343.8925
276.5775,203.085,453.5025,201.24,455.1525,360.075,278.2275,361.92
272.5375,217.56875,450.9925,215.78375,452.4925,365.60375,274.0375,367.37375
267.15,223.91,442.02,223.61,442.29,377.33,267.42,377.63
255.67125,222.885,430.70625,219.12,433.97625,371.535,258.95625,375.3
235.81375,211.565,403.37875,209.48,405.17875,353.435,237.59875,355.52
196.9275,204.40375,372.0675,203.80375,372.5625,346.75375,197.4225,347.36875
184.7875,199.995,356.4925,200.49,356.0425,354.885,184.3375,354.39
181.0,206.0,355.0,206.0,355.0,362.0,181.0,362.0
189.25,206.4875,365.8,210.6875,362.29,357.8825,185.74,353.6825
204.75,192.75,386.25,192.75,386.25,338.25,204.75,338.25
224.0,165.25,398.0,165.25,398.0,307.75,224.0,307.75
236.81,134.88625,413.57,138.35125,410.81,278.55625,234.05,275.07625
263.8175,114.3875,450.7625,118.2875,447.7325,263.3225,260.7875,259.4225
288.5925,119.82375,462.4725,116.46375,465.2775,261.64875,291.3975,264.99375
301.02375,135.40875,471.52875,137.61375,469.66875,281.58375,299.14875,279.36375
298.2975,147.33,472.7475,150.885,469.7325,298.53,295.2825,294.975
286.895,156.95625,461.42,160.85625,458.225,304.09125,283.7,300.20625
263.86,176.16375,439.675,176.88375,439.12,310.48875,263.305,309.75375
239.5,196.5,410.5,196.5,410.5,331.5,239.5,331.5
218.5,203.25,395.5,203.25,395.5,351.75,218.5,351.75
202.515,202.6725,381.72,202.2525,382.065,348.8775,202.86,349.2975
191.355,192.82875,368.145,192.60375,368.325,339.42375,191.535,339.63375
182.0225,180.41375,355.3325,180.95375,354.8675,329.97875,181.5575,329.42375
173.6575,180.41875,349.9975,180.46375,349.9525,328.45375,173.6125,328.39375
182.26625,176.91,361.92125,176.67,362.11625,316.05,182.44625,316.29
198.8825,163.83,380.0675,163.26,380.4875,296.73,199.3025,297.3
214.7775,145.4575,390.8325,143.1925,392.6925,287.5525,216.6375,289.8175
231.51875,150.5925,406.04375,152.8125,404.25875,293.0775,229.74875,290.8575
248.7725,169.71,417.7325,170.835,416.8175,310.23,247.8575,309.105
273.115,196.9125,443.23,203.7975,437.665,341.3775,267.55,334.4925
278.5875,194.9175,453.0825,198.6675,449.8425,349.1925,275.3475,345.4425
261.495,184.9925,441.42,181.0325,444.585,325.0775,264.66,329.0375
231.15,161.69,407.19,162.2,406.77,308.27,230.73,307.76
189.20625,164.0875,355.97625,166.6675,353.62125,318.0625,186.86625,315.4825
152.235,174.865,332.82,178.27,329.565,350.995,148.98,347.59
133.5925,204.24625,311.2525,209.48125,306.6175,366.27625,128.9575,361.02625
139.26,207.22125,310.005,213.61125,304.32,365.32125,133.575,358.91625
145.68125,191.61125,330.85625,195.76625,327.48125,346.47125,142.29125,342.30125
168.055,176.3675,339.115,177.9725,337.765,321.5225,166.705,319.9175
197.06375,146.1475,369.87875,146.5975,369.47375,298.4425,196.67375,297.9925
210.945,145.39125,374.19,145.34625,374.235,305.53125,210.99,305.56125
202.67,167.78,372.155,167.495,372.41,321.98,202.925,322.265
196.69375,176.6025,369.11875,176.8725,368.87875,334.3275,196.43875,334.0575
195.7975,174.1225,368.3275,181.2325,361.7725,340.3675,189.2425,333.2575
194.505,168.98875,375.105,163.57375,379.755,318.56875,199.155,323.99875
216.19125,165.62625,383.65125,167.41125,381.95625,326.08125,214.51125,324.31125
207.9225,177.73125,380.4225,176.95125,381.1275,332.21625,208.6275,333.01125
196.1875,191.0525,365.4475,191.7275,364.8025,350.5775,195.5425,349.9025
181.9975,196.4025,356.3725,199.9425,353.3125,351.2475,178.9375,347.7075
172.5075,188.4975,346.4025,189.5625,345.5025,335.6325,171.6075,334.5675
166.52,165.1775,343.175,162.4175,345.68,322.6325,169.025,325.3925
165.305,159.0575,337.505,158.5925,337.955,320.4125,165.755,320.8775
168.9,177.00125,342.735,176.25125,343.38,327.84125,169.545,328.57625
178.23125,203.73,354.78125,206.34,352.59125,355.29,176.02625,352.68
177.6825,225.32625,352.0425,225.28125,352.0875,380.02125,177.7275,380.08125
173.06375,223.33375,349.68875,231.19375,343.01375,381.28375,166.40375,373.43875
171.10375,202.2675,343.72375,202.0725,343.88875,345.9225,171.25375,346.1175
171.23125,177.1375,347.94625,177.1525,347.91625,326.9725,171.21625,326.9575
159.98,155.9225,340.355,154.1075,341.9,306.9875,161.525,308.8025
140.71375,139.4075,314.03875,137.8025,315.53875,299.8025,142.19875,301.4075
128.63,150.77125,306.785,148.55125,308.87,316.23625,130.715,318.47125
137.735,167.68625,314.96,165.76625,316.685,323.94125,139.46,325.87625
152.83625,172.825,329.35625,172.585,329.55125,329.275,153.04625,329.515
174.75,172.26375,350.28,180.16875,343.59,328.84875,168.06,320.92875
189.39125,179.57125,373.39625,178.44625,374.35625,335.97625,190.36625,337.11625
212.15875,194.0825,397.36375,189.9875,400.91875,350.8475,215.72875,354.9425
242.18625,203.4125,423.53625,203.8475,423.17625,362.9375,241.81125,362.5025
269.395,212.965,440.245,213.55,439.705,371.515,268.855,370.93
249.8375,205.44,437.8925,207.285,436.3325,366.0,248.2775,364.155
214.97,189.01,403.61,208.15,389.15,350.71,200.51,331.57
164.12625,188.555,351.35625,188.78,351.16125,344.525,163.94625,344.3
135.6625,184.79125,321.6925,191.69125,316.1275,342.09625,130.0975,335.21125
106.7825,187.03,282.8825,195.325,275.6075,349.93,99.5075,341.635
75.98125,196.33625,246.08125,196.95125,245.52625,348.28625,75.44125,347.65625
81.305,182.71375,253.16,185.92375,250.235,341.93875,78.38,338.71375
127.635,173.46375,311.415,172.09875,312.465,312.93375,128.685,314.31375
187.0025,155.8925,369.6575,167.6525,359.9075,319.2575,177.2525,307.4975
197.9125,158.2125,370.9975,157.7475,371.4175,315.3375,198.3325,315.8025
198.33875,157.22625,371.52875,158.41125,370.41875,320.27625,197.24375,319.07625
207.15125,164.28125,381.76625,167.97125,378.45125,325.30625,203.82125,321.63125
212.22,180.2025,387.135,182.1225,385.38,341.0475,210.465,339.1275
192.1275,190.71,373.8225,189.405,374.9025,338.73,193.2075,340.035
168.3375,191.485,338.8575,190.825,339.4125,335.695,168.8925,336.355
137.94,193.81625,313.32,194.02625,313.14,351.39125,137.76,351.19625
142.535,192.94625,318.05,194.73125,316.445,352.81625,140.93,351.01625
173.0,190.25,347.0,190.25,347.0,344.75,173.0,344.75
220.955,185.19375,412.955,184.71375,413.345,337.32375,221.345,337.81875
251.085,186.21,419.61,188.67,417.375,342.27,248.85,339.81
243.73125,186.38,413.06625,187.94,411.65625,339.62,242.33625,338.06
229.6625,175.3925,401.9675,175.7975,401.6075,333.3575,229.3025,332.9525
221.49,167.45125,395.34,168.08125,394.77,325.13125,220.92,324.48625
215.75,158.75,391.25,158.75,391.25,328.25,215.75,328.25
224.25,160.5,390.75,160.5,390.75,307.5,224.25,307.5
239.25,172.0,411.75,172.0,411.75,310.0,239.25,310.0
252.0,185.5,414.0,185.5,414.0,320.5,252.0,320.5
238.25,183.5,404.75,183.5,404.75,324.5,238.25,324.5
208.5,191.75,385.5,191.75,385.5,325.25,208.5,325.25
178.0,215.5,340.0,215.5,340.0,350.5,178.0,350.5
161.0,227.75,323.0,227.75,323.0,367.25,161.0,367.25
147.5,224.75,312.5,224.75,312.5,370.25,147.5,370.25
155.75,226.25,313.25,226.25,313.25,362.75,155.75,362.75
175.0,219.25,343.0,219.25,343.0,361.75,175.0,361.75
185.75,217.0,349.25,217.0,349.25,355.0,185.75,355.0
165.5,212.75,336.5,212.75,336.5,352.25,165.5,352.25
148.25,211.25,314.75,211.25,314.75,347.75,148.25,347.75
146.25,199.0,306.75,199.0,306.75,343.0,146.25,343.0
160.0,199.25,328.0,199.25,328.0,335.75,160.0,335.75
204.0,194.0,372.0,194.0,372.0,332.0,204.0,332.0
260.0,178.5,416.0,178.5,416.0,319.5,260.0,319.5
251.75,177.0,415.25,177.0,415.25,315.0,251.75,315.0
219.75,171.5,389.25,171.5,389.25,306.5,219.75,306.5
182.5,165.25,347.5,165.25,347.5,301.75,182.5,301.75
168.5,160.75,339.5,160.75,339.5,300.25,168.5,300.25
155.0,165.25,311.0,165.25,311.0,301.75,155.0,301.75
145.25,164.0,299.75,164.0,299.75,308.0,145.25,308.0
149.25,169.5,309.75,169.5,309.75,310.5,149.25,310.5
181.0,169.75,337.0,169.75,337.0,309.25,181.0,309.25
237.5,175.25,408.5,175.25,408.5,311.75,237.5,311.75
269.0,174.5,431.0,174.5,431.0,309.5,269.0,309.5
268.5,168.5,427.5,168.5,427.5,309.5,268.5,309.5
249.25,175.75,415.75,175.75,415.75,309.25,249.25,309.25
232.5,177.0,391.5,177.0,391.5,315.0,232.5,315.0
207.0,191.75,375.0,191.75,375.0,325.25,207.0,325.25
187.0,192.75,355.0,192.75,355.0,332.25,187.0,332.25
150.75,178.75,308.25,178.75,308.25,318.25,150.75,318.25
121.25,165.25,275.75,165.25,275.75,307.75,121.25,307.75
116.0,163.0,278.0,163.0,278.0,307.0,116.0,307.0
139.0,168.0,295.0,168.0,295.0,306.0,139.0,306.0
167.75,170.75,325.25,170.75,325.25,310.25,167.75,310.25
170.0,174.75,332.0,174.75,332.0,314.25,170.0,314.25
170.5,165.25,323.5,165.25,323.5,307.75,170.5,307.75
176.75,158.75,328.25,158.75,328.25,298.25,176.75,298.25
186.25,151.25,340.75,151.25,340.75,287.75,186.25,287.75
192.25,150.75,352.75,150.75,352.75,290.25,192.25,290.25
195.75,159.25,353.25,159.25,353.25,301.75,195.75,301.75
188.25,174.5,342.75,174.5,342.75,309.5,188.25,309.5
183.0,192.5,339.0,192.5,339.0,321.5,183.0,321.5
186.0,216.75,348.0,216.75,348.0,344.25,186.0,344.25
203.5,228.25,356.5,228.25,356.5,364.75,203.5,364.75
183.75,229.25,353.25,229.25,353.25,365.75,183.75,365.75
171.75,223.0,323.25,223.0,323.25,355.0,171.75,355.0
160.5,194.5,319.5,194.5,319.5,323.5,160.5,323.5
162.75,151.0,314.25,151.0,314.25,289.0,162.75,289.0
168.25,134.5,322.75,134.5,322.75,275.5,168.25,275.5
182.0,138.0,338.0,138.0,338.0,276.0,182.0,276.0
196.5,153.75,355.5,153.75,355.5,287.25,196.5,287.25
220.0,167.75,376.0,167.75,376.0,301.25,220.0,301.25
222.5,163.25,381.5,163.25,381.5,305.75,222.5,305.75
217.0,166.0,367.0,166.0,367.0,304.0,217.0,304.0
192.75,172.25,344.25,172.25,344.25,308.75,192.75,308.75
165.25,179.5,325.75,179.5,325.75,320.5,165.25,320.5
165.5,193.75,318.5,193.75,318.5,327.25,165.5,327.25
166.5,195.75,325.5,195.75,325.5,335.25,166.5,335.25
167.75,189.5,319.25,189.5,319.25,324.5,167.75,324.5
165.25,176.0,319.75,176.0,319.75,302.0,165.25,302.0
178.0,145.5,334.0,145.5,334.0,280.5,178.0,280.5
209.75,142.25,367.25,142.25,367.25,278.75,209.75,278.75
247.5,152.5,400.5,152.5,400.5,281.5,247.5,281.5
277.5,167.5,418.5,167.5,418.5,302.5,277.5,302.5
275.75,198.25,433.25,198.25,433.25,322.75,275.75,322.75
274.5,203.0,427.5,203.0,427.5,335.0,274.5,335.0
277.25,207.0,431.75,207.0,431.75,339.0,277.25,339.0
278.75,198.0,436.25,198.0,436.25,336.0,278.75,336.0
272.25,207.25,426.75,207.25,426.75,337.75,272.25,337.75
250.25,208.75,392.75,208.75,392.75,342.25,250.25,342.25
223.25,209.75,365.75,209.75,365.75,343.25,223.25,343.25
213.5,216.25,366.5,216.25,366.5,352.75,213.5,352.75
193.17125,217.605,360.13625,215.655,361.83125,359.535,194.85125,361.485
186.1925,209.3575,350.3975,217.6375,343.5575,353.0725,179.3525,344.7925
188.74625,194.69,353.74625,202.37,347.23625,342.47,182.22125,334.79
187.18625,185.81,355.84625,187.76,354.18125,331.55,185.53625,329.6
196.38875,179.02625,362.09375,182.74625,358.86875,326.28125,193.17875,322.57625
216.69625,176.83125,378.86125,184.91625,372.00625,322.79625,209.82625,314.72625
229.4225,172.96125,397.1675,183.16125,389.1275,315.34125,221.3825,305.12625
233.6675,160.21125,401.4125,166.27125,396.5225,301.21125,228.7775,295.13625
235.7325,144.1675,402.5925,148.4725,398.9175,291.2425,232.0575,286.9375
241.9125,154.6625,408.8325,154.6775,408.8175,300.6875,241.8975,300.6725
255.4275,188.3225,424.9275,187.6475,425.5425,340.6475,256.0425,341.3225
251.8925,232.01125,421.3475,238.61125,416.1575,372.03625,246.7025,365.45125
234.02,233.295,396.575,232.275,397.46,373.905,234.905,374.925
225.5075,212.485,389.8625,212.815,389.5625,361.015,225.2075,360.685
222.75,171.0,386.25,171.0,386.25,321.0,222.75,321.0
216.6475,129.9825,384.4975,138.5325,376.6825,291.8475,208.8325,283.2975
209.775,131.1675,373.44,132.5025,372.225,282.8625,208.56,281.5275
194.375,145.04125,360.83,144.81625,361.025,285.24625,194.57,285.48625
184.4025,146.69625,345.8175,153.20625,340.0875,295.39125,178.6725,288.89625
185.7675,146.66875,357.5475,151.22875,353.7825,292.90375,182.0025,288.32875
227.3725,137.12,387.2725,147.995,378.3175,279.74,218.4175,268.865
243.3675,125.835,404.7825,134.835,397.4625,266.025,236.0475,257.025
253.3075,116.1925,413.7475,118.2475,411.8425,266.4175,251.4025,264.3625
255.8625,133.6925,419.0775,136.6325,416.4675,281.3975,253.2525,278.4575
236.18,158.39,402.695,158.18,402.86,290.99,236.345,291.2
219.54,165.0525,379.2,164.7825,379.44,305.3775,219.78,305.6475
210.6025,166.0225,375.4825,167.7925,373.9675,309.1075,209.0875,307.3375
211.64875,165.2775,375.86875,163.5675,377.30875,302.9925,213.10375,304.7025
221.7175,168.2925,387.9325,169.9575,386.5525,308.5575,220.3375,306.8925
210.49,179.04625,373.69,177.60625,374.89,312.38125,211.69,313.83625
178.94625,191.7975,345.07125,188.4525,347.75625,321.4125,181.61625,324.7575
174.76,186.60875,339.775,191.43875,335.5,336.92375,170.485,332.07875
186.0425,182.22875,354.5825,190.13375,348.1475,327.26375,179.6075,319.34375
206.685,167.2075,371.16,176.1775,363.675,313.2625,199.2,304.2925
214.3075,154.47375,376.6225,153.69375,377.3425,304.57875,215.0275,305.34375
218.73,172.9425,376.62,173.6025,376.05,311.5275,218.16,310.8675
215.8825,170.91,374.5675,170.985,374.5075,321.99,215.8225,321.915
216.0325,176.03,372.9775,175.28,373.6975,326.03,216.7525,326.78
208.245,181.045,363.165,182.785,361.515,329.995,206.595,328.255
193.29125,201.015,352.50125,211.965,343.51625,342.525,184.32125,331.575
183.0875,207.81125,344.0825,210.48125,341.6225,358.29125,180.6275,355.60625
193.2675,210.37875,354.8025,208.77375,356.3025,358.69875,194.7675,360.31875
195.6075,205.59625,357.1125,204.02125,358.5825,352.97125,197.0775,354.56125
188.52125,198.45,356.17625,202.86,352.24625,352.05,184.60625,347.64
186.985,195.49,350.08,196.975,348.715,346.21,185.62,344.725
197.0375,195.08125,357.0125,198.53125,354.0125,338.34625,194.0375,334.91125
226.89,181.84375,386.13,187.61875,381.75,308.53375,222.51,302.77375
251.3875,136.025,413.4475,137.99,411.6625,285.575,249.6025,283.61
253.01125,135.66,415.55125,136.41,414.89125,281.4,252.33625,280.65
256.57625,136.72625,418.18625,141.46625,413.68625,294.91625,252.06125,290.16125
249.90875,166.0425,408.87875,165.9375,408.96875,321.9675,250.01375,322.0725
244.62,198.87,403.515,201.015,401.64,339.93,242.745,337.785
233.25,207.575,398.265,206.63,399.09,349.145,234.075,350.09
217.98125,195.935,384.55625,201.5,379.60625,349.325,213.04625,343.76
190.97,203.6875,348.98,203.1925,349.43,345.6025,191.42,346.0975
194.705,213.76375,350.975,216.01375,348.935,358.51375,192.665,356.27875
201.6925,221.4225,365.1775,223.6575,363.1975,369.3075,199.7125,367.0725
212.5,222.0,371.5,222.0,371.5,366.0,212.5,366.0
214.56625,213.0525,375.14125,216.9975,371.97625,345.9975,211.38625,342.0525
216.35875,183.6875,376.49875,187.5725,372.89875,335.7425,212.77375,331.8575
231.395,181.75375,397.625,185.78875,394.085,331.49875,227.855,327.44875
265.72,189.14125,427.465,189.74125,426.94,331.92625,265.195,331.34125
278.535,183.12625,438.465,183.98125,437.685,330.81625,277.755,329.94625
267.89375,177.7625,425.78375,177.8225,425.72375,323.6675,267.84875,323.6075
252.745,178.405,418.555,179.65,417.475,322.075,251.665,320.83
246.08875,190.1375,404.39875,190.1675,404.38375,329.0525,246.05875,329.0225
246.2,201.86,404.225,207.38,399.32,348.02,241.295,342.5
227.78125,220.0075,389.36125,218.4025,390.72625,355.6825,229.16125,357.2875
223.66875,223.62,383.13375,220.485,385.86375,358.8,226.38375,361.935
235.1425,219.3975,396.7825,219.4275,396.7675,352.4925,235.1275,352.4625
242.3675,207.55125,399.4625,206.95125,400.0025,345.65625,242.9075,346.27125
239.0075,197.50625,391.3775,197.46125,391.4225,336.30125,239.0525,336.36125
233.0975,191.91375,389.3075,192.27375,388.9925,332.40375,232.7825,332.05875
228.73875,182.80375,387.49875,179.06875,390.91875,324.49375,232.17375,328.24375
235.4325,183.18375,389.3925,179.29875,392.9775,321.70875,239.0175,325.57875
249.75,173.33375,407.205,179.70875,401.61,317.90375,244.155,311.54375
245.81,166.6225,401.99,167.0725,401.57,309.9475,245.39,309.4975
245.8825,174.055,406.6825,177.835,403.3675,318.445,242.5675,314.665
251.17875,192.83,411.07875,193.685,410.37375,327.29,250.45875,326.435
260.805,201.2025,418.335,201.3375,418.215,339.6675,260.685,339.5325
266.3325,206.31625,423.5475,208.08625,422.0175,344.16625,264.8025,342.38125
247.42125,208.895,406.36125,206.84,408.14625,344.525,249.22125,346.58
220.0025,212.6825,378.2825,213.8975,377.2475,348.7475,218.9675,347.5325
201.34125,211.365,357.61125,212.46,356.62125,355.095,200.33625,354.0
187.84625,212.54875,343.75625,211.00375,345.01625,338.02375,189.09125,339.55375
175.55375,182.94,335.18375,187.305,331.76375,312.06,172.14875,307.695
181.62,145.6175,335.595,149.8175,331.74,291.0125,177.765,286.8125
180.93,141.95,347.61,140.06,349.23,282.29,182.55,284.18
198.40625,145.28375,357.87125,147.89375,355.56125,287.76875,196.11125,285.14375
212.78375,164.0525,368.49875,163.5275,368.93375,297.4175,213.23375,297.9425
217.32625,165.9125,374.18125,164.3675,375.50125,299.3975,218.66125,300.9425
229.2575,166.865,382.0325,165.65,383.1125,301.535,230.3375,302.75
238.5,179.75,397.5,179.75,397.5,319.25,238.5,319.25
256.25,206.75,416.75,206.75,416.75,346.25,256.25,346.25
268.22125,231.41375,424.23625,230.34875,425.16625,366.98375,269.16625,368.06375
265.4525,231.04375,416.6375,237.10375,411.7775,358.57375,260.5925,352.52875
248.17125,188.8575,408.35625,188.1675,408.95625,328.6725,248.78625,329.3625
242.7275,180.34375,394.3325,179.92375,394.7225,314.53375,243.1175,314.96875
227.73375,172.0075,376.48875,176.2525,372.61875,312.0025,223.84875,307.7575
203.415,174.3375,358.455,179.5725,353.865,315.4725,198.825,310.2375
195.20125,198.7375,349.46125,198.8875,349.34125,333.5725,195.06625,333.4225
202.83625,207.955,354.15625,207.805,354.30625,343.765,202.97125,343.915
213.5,207.0,372.5,207.0,372.5,345.0,213.5,345.0
237.6725,206.73625,395.3075,206.00125,395.9375,343.38625,238.3025,344.10625
251.56125,213.475,404.27625,212.965,404.74125,350.245,252.01125,350.755
254.8225,220.575,407.3875,224.64,403.7275,361.905,251.1625,357.84
247.5875,231.4525,401.4725,230.8825,401.9825,369.1975,248.0975,369.7675
244.69,238.0025,400.15,237.3875,400.69,373.5875,245.23,374.2025
248.35375,231.0925,402.92875,233.2675,400.97875,372.9775,246.38875,370.8025
249.03375,227.4125,403.21875,227.4875,403.15875,362.9375,248.95875,362.8625
251.25,220.75,405.75,220.75,405.75,354.25,251.25,354.25
249.86625,212.77875,405.23625,213.13875,404.92125,345.09375,249.56625,344.71875
247.44125,217.5225,401.58125,217.1625,401.86625,345.6675,247.74125,346.0275
237.31125,222.635,391.72125,222.605,391.75125,354.065,237.32625,354.095
228.5075,224.0875,379.6625,222.6475,380.9225,355.4425,229.7675,356.8825
223.84,216.93375,380.485,215.01375,382.12,348.97875,225.475,350.88375
225.20125,202.8275,384.02125,204.0125,383.06125,334.0025,224.22625,332.8175
224.075,200.0375,378.875,199.7825,379.085,328.2125,224.285,328.4675
216.9675,203.7,374.2575,205.71,372.6225,333.9,215.3325,331.89
217.20125,209.6125,377.82125,205.9675,380.76125,334.8775,220.12625,338.5225
233.69125,209.51125,391.07125,209.45125,391.11625,339.77125,233.75125,339.81625
252.415,207.44125,404.59,205.56625,406.105,327.96625,253.93,329.85625
261.59375,190.57375,419.84375,188.09875,421.83875,315.77875,263.57375,318.23875
270.0,172.5,420.0,172.5,420.0,307.5,270.0,307.5
264.845,174.8575,412.835,174.2575,413.375,305.5525,265.385,306.1525
261.4625,181.745,412.5125,185.0,409.7675,312.275,258.7175,309.02
257.19,190.215,407.325,190.65,406.95,320.805,256.815,320.37
239.7475,192.45875,397.4125,194.24375,395.9425,324.11375,238.2775,322.31375
210.97125,191.24,366.47625,189.68,367.69125,309.98,212.17125,311.54
199.0,174.0,349.0,174.0,349.0,306.0,199.0,306.0
198.70875,174.31,349.50375,176.155,347.80875,314.59,197.02875,312.745
208.4,192.605,349.52,192.995,349.16,323.015,208.04,322.625
223.0,236.0,379.0,236.0,379.0,380.0,223.0,380.0
255.1275,258.81,398.8275,258.735,398.9025,393.57,255.2025,393.645
279.42125,249.235,425.79125,252.76,422.74625,378.685,276.39125,375.16
290.5,224.0,443.5,224.0,443.5,356.0,290.5,356.0
287.09125,214.18375,441.00625,217.60375,438.21625,343.09375,284.31625,339.68875
271.16,203.7925,425.96,205.5475,424.52,332.4175,269.72,330.6625
253.15,214.61875,398.8,214.36375,399.01,334.81375,253.36,335.05375
220.0825,216.7325,377.1025,216.5225,377.2675,348.1175,220.2475,348.3275
200.42,215.67125,350.84,217.02125,349.64,350.13125,199.22,348.76625
214.75,217.5,378.25,217.5,378.25,346.5,214.75,346.5
253.025,219.1375,417.5,218.8075,417.755,348.8725,253.28,349.2025
287.8725,219.2675,431.8575,219.0575,432.0375,346.5425,288.0525,346.7525
303.305,213.15125,454.865,211.89125,455.915,339.69125,304.355,340.93625
314.32,215.775,464.23,215.82,464.2,340.905,314.29,340.86
320.58625,220.94375,473.63125,221.03375,473.55625,349.26875,320.49625,349.16375
324.1725,220.87875,474.6225,219.93375,475.4175,347.31375,324.9675,348.24375
328.02,211.6925,478.47,215.3225,475.38,343.3175,324.93,339.6875
321.9725,213.35875,466.4975,216.31375,463.8575,345.95875,319.3325,343.01875
293.25,234.5,441.75,234.5,441.75,363.5,293.25,363.5
269.385,241.10375,424.905,241.07375,424.935,372.77375,269.415,372.81875
271.9,235.9575,425.455,239.1525,422.74,369.5925,269.185,366.3975
280.90125,229.22625,430.31625,227.81625,431.48625,351.52125,282.08625,352.94625
286.4375,219.1975,437.0375,216.9325,439.0925,353.0125,288.4925,355.2775
304.79875,239.05875,448.42375,234.30375,452.57875,359.97375,308.96875,364.71375
320.50375,242.02,473.36875,244.12,471.62875,371.8,318.74875,369.7
333.0925,231.74625,481.5925,230.69625,482.5375,362.68125,334.0375,363.74625
320.345,199.06875,464.3,198.55875,464.795,339.12375,320.84,339.61875
275.74125,155.87625,429.65625,157.01625,428.62125,298.39125,274.69125,297.26625
255.4675,141.5825,407.8525,140.0675,409.2025,275.4875,256.8175,277.0025
256.0975,146.0225,407.0275,146.5025,406.5925,285.9275,255.6625,285.4475
254.59375,168.14375,403.52875,163.91375,407.51875,304.01375,258.56875,308.25875
245.4625,192.4775,402.3925,196.6625,398.9875,324.5525,242.0575,320.3675
223.4475,217.91125,373.0575,218.21125,372.8025,342.89125,223.1925,342.57625
199.74375,223.38,348.21375,222.54,348.93375,349.62,200.47875,350.46
192.275,225.555,340.16,223.905,341.585,351.765,193.7,353.415
192.6375,223.0025,344.9625,222.9725,344.9925,356.2475,192.6675,356.2775
200.62375,228.95625,356.77375,228.22125,357.37375,356.95125,201.23875,357.70125
218.19625,226.245,372.86125,227.265,372.06625,348.555,217.38625,347.535
225.75,184.25,377.25,184.25,377.25,320.75,225.75,320.75
213.76875,159.92375,360.10875,159.17375,360.78375,291.54875,214.42875,292.28375
209.8225,154.065,357.8725,154.395,357.5875,281.775,209.5375,281.445
204.4725,166.355,353.2275,167.225,352.5375,284.885,203.7825,284.015
182.315,182.38,332.525,184.045,331.265,298.6,181.055,296.935
170.06125,188.66625,320.94625,188.93625,320.70625,317.51625,169.83625,317.23125
164.32,189.6,310.78,190.215,310.24,319.08,163.78,318.465
160.75,199.645,309.1,200.35,308.53,320.875,160.18,320.17
155.63375,212.435,302.57375,212.105,302.85875,336.485,155.90375,336.815
158.39,216.30875,305.285,217.91375,303.89,345.96875,156.995,344.37875
176.5,217.5,329.5,217.5,329.5,346.5,176.5,346.5
208.49,212.83,361.775,212.875,361.73,342.67,208.445,342.625
256.5875,205.54375,394.2125,207.82375,392.0825,336.73375,254.4575,334.46875
266.0625,200.63,420.5175,199.94,421.0875,325.91,266.6325,326.6
287.13625,212.805,434.19625,212.175,434.70625,332.595,287.63125,333.225
287.72125,227.57875,437.25625,228.44875,436.58125,347.45875,287.03125,346.60375
267.66875,227.6375,408.95375,227.6075,408.98375,356.4725,267.68375,356.5025
213.25,209.25,355.75,209.25,355.75,339.75,213.25,339.75
181.0,197.0,331.0,197.0,331.0,329.0,181.0,329.0
151.88125,201.1375,315.23125,195.5575,319.56625,322.8925,156.23125,328.4725
151.4475,210.01,302.9625,210.295,302.7225,339.25,151.2075,338.965
178.25,211.5,332.75,211.5,332.75,340.5,178.25,340.5
202.75,201.75,360.25,201.75,360.25,329.25,202.75,329.25
220.30625,181.28375,365.79125,180.35375,366.61625,308.76875,221.11625,309.68375
234.1725,174.2225,387.3675,177.5825,384.5775,305.1275,231.3825,301.7675
266.89625,180.80375,409.93625,178.52375,411.94625,303.95375,268.89125,306.24875
297.30375,186.2175,450.72375,188.8875,448.59375,311.3925,295.18875,308.7225
307.8075,190.8375,454.9125,189.9525,455.6625,315.7725,308.5575,316.6575
303.7475,189.4475,451.7075,188.4875,452.5025,310.7225,304.5425,311.6825
281.74625,185.775,415.99625,183.33,418.21625,304.545,283.95125,306.99
243.75,168.25,389.25,168.25,389.25,292.75,243.75,292.75
207.58625,137.76625,359.02625,137.25625,359.46125,267.68125,208.03625,268.20625
216.2975,127.9975,364.6175,127.6975,364.8725,255.9325,216.5525,256.2325
264.39125,125.32125,398.70125,125.18625,398.85125,250.88625,264.52625,251.03625
273.39125,115.88625,418.02125,119.24625,415.15625,242.74125,270.54125,239.39625
278.77125,101.9125,423.83625,101.4775,424.21125,225.6175,279.13125,226.0525
282.6375,105.6225,426.4575,110.7675,421.9125,237.5475,278.0925,232.4025
225.21875,214.3975,225.90875,214.0375,226.95875,216.0325,226.28375,216.3925
282.995,189.21,426.485,190.455,425.525,300.45,282.035,299.205
280.335,272.795,281.655,273.02,281.445,274.205,280.125,273.98
282.0675,213.51625,427.5675,213.78625,427.3425,338.93125,281.8425,338.67625
281.55625,205.18875,421.98625,206.47875,420.89125,323.88375,280.47625,322.57875
277.4075,187.145,417.8225,192.8,412.9625,313.715,272.5475,308.06
266.68,178.0425,411.76,179.6325,410.44,300.6075,265.36,299.0175
262.47125,167.03875,407.26625,162.70375,410.79125,280.27375,265.98125,284.59375
265.0,131.25,409.0,131.25,409.0,255.75,265.0,255.75
263.5,93.25,410.5,93.25,410.5,211.75,263.5,211.75
285.82,55.714,429.07,58.261,426.76,187.9735,283.51,185.4235
298.5,72.25,445.5,72.25,445.5,208.75,298.5,208.75
308.75,134.5,454.25,134.5,454.25,251.5,308.75,251.5
295.5,155.25,442.5,155.25,442.5,279.75,295.5,279.75
279.72875,176.81,423.12875,176.27,423.54875,289.49,280.16375,290.03
268.37,193.85875,410.705,192.97375,411.41,306.77875,269.075,307.67875
263.285,204.825,400.79,206.61,399.275,323.055,261.77,321.27
251.27125,210.70375,392.36125,212.17375,391.07125,335.90875,249.96625,334.42375
242.0,215.0,386.0,215.0,386.0,341.0,242.0,341.0
249.50375,218.04375,391.17875,218.49375,390.78875,345.03375,249.09875,344.59875
255.585,220.3425,401.1,220.0425,401.355,339.9675,255.84,340.2675
261.47375,213.89375,407.07875,208.98875,410.96375,324.69875,265.37375,329.58875
269.615,200.15625,414.11,200.20125,414.065,316.82625,269.57,316.76625
283.9725,187.48375,426.7125,188.80375,425.6775,299.90875,282.9375,298.57375
293.3325,170.845,437.1675,172.81,435.4575,298.615,291.6225,296.65
299.1275,173.88375,440.6225,176.13375,438.6425,300.40875,297.1475,298.14375
311.25,191.25,453.75,191.25,453.75,303.75,311.25,303.75
310.1325,211.2025,454.9275,211.9975,454.3575,317.3275,309.5625,316.5325
295.13875,229.7925,438.07375,228.6375,438.95875,338.6175,296.03875,339.7725
271.0775,246.9475,412.9175,245.2375,414.2525,355.7425,272.4125,357.4525
245.2775,247.10375,393.7025,247.07375,393.7325,372.95375,245.3075,372.99875
239.79375,246.47,382.54875,245.465,383.40375,368.81,240.66375,369.815
234.815,244.895,380.615,244.775,380.705,361.925,234.905,362.045
219.385,214.34875,363.145,216.10375,361.555,346.70875,217.795,344.96875
219.9575,173.3475,358.5275,173.0625,358.8125,309.8625,220.2425,310.1475
235.27375,166.5025,377.03875,164.8525,378.40375,282.7675,236.65375,284.4175
256.55625,160.8425,399.01125,157.6175,401.72625,277.2275,259.25625,280.4525
273.41875,162.185,409.24375,164.03,407.57875,286.415,271.76875,284.57
283.06,183.4975,429.67,185.5075,428.02,305.6125,281.41,303.6025
300.7725,195.4125,448.3725,198.3975,445.8975,320.7375,298.2975,317.7525
315.81,220.2425,457.86,220.6475,457.53,338.9075,315.48,338.5025
325.0275,237.38,468.8475,237.365,468.8625,363.08,325.0425,363.095
315.5675,242.67625,462.6875,242.79625,462.5825,371.94625,315.4625,371.81125
303.555,244.285,445.62,244.03,445.845,373.735,303.78,373.99
277.5,248.75,406.5,248.75,406.5,376.25,277.5,376.25
229.34875,257.0225,365.69875,250.1675,371.62375,367.9475,235.25875,374.8025
194.5,252.25,335.5,252.25,335.5,376.75,194.5,376.75
189.495,244.6625,329.37,246.7025,327.765,356.4875,187.89,354.4475
200.25,207.0,342.75,207.0,342.75,333.0,200.25,333.0
200.2375,177.7125,346.8625,180.5325,344.3725,309.8775,197.7475,307.0575
219.595,170.6075,348.475,171.6575,347.425,299.9825,218.545,298.9325
246.25,167.75,376.75,167.75,376.75,289.25,246.25,289.25
275.5,161.0,410.5,161.0,410.5,293.0,275.5,293.0
289.925,165.24125,426.83,166.48625,425.675,291.96125,288.77,290.70125
293.995,169.3275,433.06,169.0275,433.345,301.8825,294.28,302.1825
296.5475,182.735,439.3925,183.59,438.6425,310.865,295.7975,310.01
301.79875,206.145,444.05875,204.225,445.55875,316.035,303.31375,317.955
293.5,215.25,422.5,215.25,422.5,333.75,293.5,333.75
260.08,220.12,388.795,218.515,390.22,333.28,261.505,334.885
216.60875,215.7425,352.50875,217.8275,350.76875,330.3875,214.88375,328.3025
162.78,219.62,313.17,216.35,315.6,327.92,165.21,331.19
154.6425,211.0125,300.3075,211.9725,299.4675,340.2375,153.8025,339.2775
166.16625,211.68375,315.41625,215.32875,312.40125,338.91375,163.16625,335.28375
206.08,214.94125,348.01,215.33125,347.68,336.42625,205.75,336.05125
226.00875,214.935,371.97375,212.835,373.72875,334.905,227.77875,337.005
236.885,206.72125,376.46,212.24125,371.615,334.92625,232.04,329.42125
247.4025,211.2275,385.0575,210.1025,385.9875,323.0825,248.3325,324.2075
323.85375,204.3475,458.71875,202.4425,460.45875,324.6625,325.57875,326.5675
343.09375,183.06,489.10375,183.945,488.26375,320.52,342.26875,319.635
327.67,182.95375,476.935,184.94875,475.33,304.49875,326.065,302.48875
270.545,189.88375,417.245,186.79375,419.675,301.93375,272.975,305.03875
178.89,203.2775,305.7,201.9275,306.87,312.6125,180.06,313.9625
139.73,197.64625,281.15,206.04625,274.13,324.50125,132.71,316.11625
138.455,198.07875,275.21,200.10375,273.485,315.93375,136.73,313.89375
172.89,183.865,307.86,188.215,304.41,295.255,169.44,290.905
197.425,137.58125,338.095,139.21625,336.535,273.88625,195.865,272.26625
194.235,138.16,336.615,136.405,338.205,265.12,195.825,266.875
197.09875,146.4275,335.87875,145.8275,336.43375,274.6025,197.63875,275.2025
210.25,174.75,352.75,174.75,352.75,296.25,210.25,296.25
215.385,209.03625,357.0,209.50125,356.595,333.86625,214.98,333.38625
210.59,233.4425,351.155,232.6625,351.83,354.7475,211.265,355.5275
217.725,246.48,358.17,249.165,355.935,366.24,215.49,363.555
224.595,251.365,364.995,249.43,366.645,369.655,226.245,371.59
216.045,246.82625,352.095,244.27625,354.255,359.59625,218.205,362.13125
200.72375,234.26,337.88375,237.845,334.67375,360.32,197.52875,356.735
200.205,251.80375,335.28,251.18875,335.835,371.47375,200.76,372.10375
232.185,271.15,371.31,271.105,371.355,390.97,232.23,391.015
249.11,273.03,384.635,272.505,385.07,385.59,249.545,386.115
247.25,264.7275,389.915,262.2675,391.91,378.5625,249.245,381.0225
244.79375,240.90875,392.97875,240.90875,392.96375,362.60375,244.79375,362.58875
255.3525,190.11875,401.3925,191.61875,400.1175,315.47375,254.0775,313.95875
240.42375,130.79,386.74875,129.395,388.00875,261.17,241.66875,262.565
228.17,130.51875,374.945,132.24375,373.43,260.85375,226.655,259.11375
213.33,148.7525,356.16,148.9325,356.01,265.7375,213.18,265.5575
208.345,160.5675,349.0,161.1975,348.415,290.0025,207.76,289.3725
203.25,203.25,345.75,203.25,345.75,333.75,203.25,333.75
199.51375,238.19625,347.11375,237.76125,347.44375,349.93125,199.85875,350.38125
207.3425,239.9175,352.3175,238.1475,353.8475,363.6525,208.8725,365.4225
218.93,236.89,359.735,236.725,359.87,358.21,219.065,358.375
224.02,222.6925,367.0,224.4175,365.56,343.2175,222.58,341.4925
222.08875,213.24625,362.69875,211.37125,364.30375,331.71625,223.67875,333.57625
230.75,208.7675,370.13,208.4975,370.37,331.8425,230.99,332.1125
260.87125,205.34375,398.73625,204.42875,399.45625,315.42875,261.60625,316.32875
259.265,191.90875,400.76,191.15875,401.375,307.48375,259.88,308.21875
246.1825,179.145,390.9625,179.4,390.7675,293.175,245.9875,292.92
251.54625,167.09,399.64125,166.925,399.76125,282.47,251.68125,282.635
269.85875,163.23,414.11375,165.105,412.61375,281.97,268.34375,280.095
275.5,176.75,416.5,176.75,416.5,298.25,275.5,298.25
261.5,216.25,402.5,216.25,402.5,340.75,261.5,340.75
248.5,244.0,389.5,244.0,389.5,364.0,248.5,364.0
262.85,245.65875,403.49,247.78875,401.63,370.11375,260.99,367.96875
266.08875,242.71,411.87375,246.535,408.70875,367.21,262.93875,363.385
249.1375,230.99,394.3225,232.745,392.9725,345.29,247.7875,343.535
245.1975,222.36625,385.7025,218.22625,389.3925,342.86125,248.8875,347.01625
249.0425,221.56875,390.9875,220.36875,392.0675,346.42875,250.1225,347.64375
248.975,221.315,393.2,219.455,394.745,339.665,250.52,341.525
242.425,214.435,385.84,214.57,385.735,331.765,242.32,331.63
236.95125,207.0875,374.39625,204.1325,376.91625,322.0625,239.48625,325.0175
233.3425,206.69,372.0475,206.495,372.2275,323.33,233.5225,323.525
226.3925,212.06125,364.3925,210.35125,365.8775,331.10125,227.8775,332.79625
214.1125,211.91875,357.3925,211.87375,357.4375,332.63875,214.1575,332.69875
211.62125,209.3325,358.36625,209.4675,358.26125,327.7575,211.50125,327.6225
235.2775,210.115,378.0925,202.15,384.6325,319.645,241.8175,327.61
264.2975,201.84,410.2175,203.61,408.6725,330.6,262.7525,328.83
248.20125,210.6725,395.83125,208.4375,397.76625,336.7775,250.15125,339.0125
232.05,221.1125,371.46,221.1275,371.43,343.3775,232.02,343.3625
230.0,224.75,374.0,224.75,374.0,346.25,230.0,346.25
239.83,213.695,381.655,213.68,381.67,335.645,239.845,335.66
246.75,199.5,386.25,199.5,386.25,322.5,246.75,322.5
245.25,194.0,387.75,194.0,387.75,320.0,245.25,320.0
247.3925,202.5125,392.6225,203.2925,391.9775,324.1175,246.7475,323.3375
257.5825,205.1125,403.0975,206.7625,401.6875,331.0375,256.1725,329.3875
252.48,206.8825,400.65,207.0625,400.5,329.2075,252.33,329.0275
247.655,204.42125,393.545,205.65125,392.525,327.64625,246.635,326.43125
248.7725,201.07375,390.2675,200.26375,390.9575,322.61875,249.4625,323.41375
254.7075,202.9925,392.9025,203.9525,392.0625,325.4975,253.8675,324.5375
253.0,213.25,397.0,213.25,397.0,337.75,253.0,337.75
247.34,226.09625,389.585,229.95125,386.36,348.70625,244.115,344.83625
243.715,232.33,384.115,232.15,384.265,352.33,243.865,352.51
251.005,223.4575,395.74,227.7925,392.155,347.4925,247.42,343.1575
263.70625,204.9575,404.75125,205.1225,404.60125,327.4325,263.57125,327.2675
256.26375,202.23,403.86375,199.395,406.24875,323.01,258.63375,325.845
250.33875,212.07625,397.44375,214.10125,395.77875,334.67125,248.68875,332.66125
242.25,223.03,384.945,223.045,384.93,343.15,242.235,343.135
242.95125,218.815,387.89625,224.245,383.53125,340.825,238.57125,335.395
246.755,200.2525,391.835,202.1575,390.305,319.0375,245.225,317.1325
250.57,189.2625,391.9,189.6525,391.57,310.9275,250.24,310.5375
251.68875,195.7825,394.45875,194.9725,395.16375,317.9275,252.37875,318.7375
251.4,215.6,395.49,213.8,396.96,331.22,252.87,333.02
250.78125,221.4125,387.47625,222.6425,386.44125,339.5975,249.73125,338.3675
242.8,217.4675,383.245,218.3825,382.42,346.6025,241.975,345.6875
246.68375,213.815,389.51375,219.005,385.14875,339.365,242.30375,334.175
245.8775,208.7375,385.4225,208.9025,385.2725,338.5925,245.7275,338.4275
239.855,209.6725,379.775,210.5275,379.025,333.1375,239.105,332.2825
229.5575,223.3575,367.7825,223.5225,367.6325,349.8525,229.4075,349.6875
224.9525,234.9975,364.5875,231.6375,367.6175,357.3525,227.9825,360.7125
227.31375,230.17125,369.15375,229.99125,369.31875,356.59125,227.46375,356.75625
232.93375,219.49,372.29875,222.325,369.71875,349.51,230.33875,346.675
226.4525,215.35875,369.7325,214.81875,370.1975,341.19375,226.9175,341.71875
226.13,222.7375,368.9,224.5825,367.25,352.5925,224.48,350.7475
227.67375,239.24,368.68875,239.555,368.40375,362.6,227.40375,362.285
230.17125,239.56125,372.91125,243.14625,369.79125,367.82625,227.03625,364.25625
228.1325,243.52875,370.5275,241.87875,371.9975,367.72875,229.6025,369.39375
229.145,240.56,371.345,242.765,369.335,372.08,227.135,369.875
224.06,234.27,367.685,233.745,368.18,366.09,224.555,366.615
217.51,228.04125,361.78,229.72125,360.31,356.60625,216.04,354.94125
215.53125,230.06,359.81625,226.82,362.53125,347.48,218.23125,350.72
217.9825,214.8275,359.9425,212.0525,362.2675,331.4225,220.3075,334.1975
217.0,200.75,361.0,200.75,361.0,328.25,217.0,328.25
213.1,197.205,358.18,197.205,358.18,330.495,213.1,330.495
219.5,204.3175,361.565,204.5125,361.4,328.4125,219.335,328.2175
223.9275,199.6025,362.9925,199.1225,363.4425,330.2675,224.3775,330.7475
231.13875,188.56375,367.54875,188.89375,367.21875,317.54875,230.82375,317.20375
232.4425,190.335,370.3825,189.18,371.4475,316.665,233.5075,317.82
234.87125,198.63125,374.16125,202.05125,371.01125,330.27125,231.70625,326.83625
232.32125,215.8525,371.34125,215.7925,371.40125,342.9175,232.36625,342.9775
235.49375,222.11125,375.53375,223.94125,373.88375,350.43625,233.85875,348.62125
231.235,218.6725,373.705,218.7475,373.645,347.4775,231.175,347.4025
234.34625,213.84,373.80125,214.515,373.20125,335.34,233.76125,334.665
245.64375,208.56,383.44875,209.31,382.77375,331.02,244.98375,330.27
244.32,208.26375,383.715,208.77375,383.28,330.75375,243.885,330.25875
242.52125,218.4925,384.52625,220.2475,383.04125,341.6575,241.02125,339.9025
233.3475,223.25,372.5925,224.03,371.9025,346.85,232.6575,346.07
229.795,222.695,368.935,223.895,367.885,346.385,228.745,345.185
232.5925,209.5875,374.2825,211.5225,372.5575,337.5825,230.8675,335.6475
231.77875,202.24625,371.24875,204.00125,369.67375,328.45625,230.18875,326.68625
220.4825,217.96125,361.3625,217.57125,361.7075,338.90625,220.8275,339.31125
211.83,230.42,357.165,230.435,357.15,354.74,211.815,354.725
217.75,237.75,357.25,237.75,357.25,359.25,217.75,359.25
232.61125,236.01625,365.46625,236.93125,364.65625,352.50625,231.81625,351.57625
251.23125,228.6425,391.24125,231.1475,389.17125,346.9475,249.14625,344.4425
258.0,211.25,402.0,211.25,402.0,335.75,258.0,335.75
241.38,211.5875,384.33,219.7025,377.34,342.7625,234.39,334.6475
226.37625,225.735,363.91125,227.7,362.12625,353.565,224.57625,351.6
242.63375,230.66,390.27875,233.81,387.68375,355.04,240.05375,351.89
263.01875,228.8,405.81875,232.88,402.35375,354.5,259.53875,350.42
250.8825,214.89375,396.3825,213.06375,397.9875,339.72375,252.4875,341.56875
228.5225,207.585,375.0575,206.55,375.9275,328.575,229.3925,329.61
217.0175,206.83375,360.7175,208.24375,359.4725,335.33875,215.7725,333.91375
217.6575,210.9625,354.4275,211.1125,354.2925,337.3075,217.5225,337.1575
221.49625,210.31625,356.72125,210.28625,356.76625,335.31125,221.52625,335.35625
218.58625,204.075,362.70625,207.315,359.79625,337.305,215.66125,334.065
213.43625,206.71625,355.75625,208.35125,354.28625,336.82625,211.95125,335.17625
214.60375,204.67375,357.91375,208.64875,354.25375,340.13875,210.95875,336.14875
220.60125,212.2225,361.64625,210.4375,363.26625,339.0475,222.23625,340.8325
219.095,222.8225,361.46,224.2925,360.125,352.8875,217.76,351.4175
231.80375,230.39625,375.99875,234.25125,372.84875,352.63125,228.63875,348.79125
289.06125,236.46625,426.98625,230.75125,431.72625,345.08125,293.81625,350.81125
297.5925,226.75375,439.7925,226.63375,439.8975,344.98375,297.6975,345.11875
268.82875,231.13625,409.90375,230.32625,410.54875,341.97125,269.48875,342.79625
215.1225,245.88375,358.4475,252.00375,353.5875,365.97375,210.2625,359.86875
194.16125,255.2725,339.37625,256.0825,338.68625,377.4775,193.48625,376.6675
196.78125,253.445,348.16125,253.22,348.32625,377.375,196.96125,377.6
228.59,244.8975,370.16,248.2425,367.37,366.7125,225.8,363.3675
236.0525,243.07625,376.7225,242.97125,376.7975,364.18625,236.1275,364.27625
225.76,246.1275,361.645,245.9775,361.78,365.7225,225.895,365.8725
210.0675,245.87875,344.1675,246.80875,343.3425,366.17875,209.2425,365.26375
196.79875,247.19625,335.45875,247.94625,334.81375,369.55125,196.13875,368.81625
205.97,249.4225,343.085,251.3125,341.45,370.3675,204.335,368.4775
225.51875,250.9925,359.64875,251.2175,359.45375,371.0375,225.30875,370.8125
228.8725,245.02,364.6525,246.73,363.1375,367.06,227.3575,365.35
225.3225,237.935,364.0875,237.8,364.2075,359.225,225.4425,359.36
215.98375,233.915,356.68375,234.29,356.35375,355.205,215.66875,354.83
217.465,227.2825,352.27,225.4675,353.995,352.8475,219.19,354.6625
224.83625,218.8175,364.26125,218.8475,364.24625,341.7725,224.80625,341.7425
229.5,215.0,364.5,215.0,364.5,335.0,229.5,335.0
230.48875,207.03,368.44375,211.02,364.88875,333.51,226.94875,329.52
231.325,202.36625,365.77,207.22625,361.555,323.59625,227.11,318.72125
228.845,196.75875,367.955,196.14375,368.495,317.23875,229.385,317.86875
231.9675,194.2375,373.0875,197.8375,369.7425,328.6525,228.6225,325.0525
218.875,248.47875,361.315,244.81875,364.465,367.59375,222.025,371.23875
208.25625,271.35875,353.03625,273.38375,351.31125,394.91375,206.54625,392.87375
205.99125,271.24375,349.60125,272.44375,348.59625,391.16875,205.00125,389.95375
213.25,235.75,355.75,235.75,355.75,369.25,213.25,369.25
224.76,228.02375,364.425,228.21875,364.26,348.17375,224.595,347.99375
235.25,210.75,371.75,210.75,371.75,332.25,235.25,332.25
243.19375,199.925,379.37875,205.055,375.16375,316.595,238.99375,311.465
233.135,175.16875,372.59,177.14875,370.745,306.10375,231.29,304.10875
225.55,167.525,365.05,167.525,365.05,285.935,225.55,285.935
225.38125,147.55375,369.23125,145.87375,370.70125,271.61875,226.83625,273.28375
237.6575,139.735,373.5275,143.29,370.3325,265.285,234.4625,261.73
243.2625,145.9475,381.9525,151.2725,377.2875,272.6825,238.5975,267.3575
248.915,162.415,385.805,164.035,384.365,285.805,247.475,284.185
257.8975,206.7325,388.0825,206.9125,387.9325,310.3975,257.7475,310.2175
252.8125,229.6525,396.1525,228.9925,396.6775,343.0375,253.3375,343.6975
262.5675,224.49375,395.7525,225.55875,394.8225,341.65875,261.6375,340.57875
252.3075,195.12875,392.6475,197.07875,390.9825,317.76875,250.6425,315.83375
255.90875,178.035,387.96875,177.96,388.04375,305.925,255.96875,306.0
267.9625,178.5675,406.3525,176.6775,408.0475,300.1425,269.6575,302.0325
290.11625,192.605,431.62625,191.54,432.51125,310.595,291.01625,311.66
300.5525,197.00125,435.7625,200.36125,432.8375,317.54125,297.6275,314.16625
285.615,197.0725,419.595,197.1625,419.505,328.9975,285.525,328.9075
273.25,203.0,409.75,203.0,409.75,329.0,273.25,329.0
272.42,202.99875,410.39,203.04375,410.36,334.99875,272.39,334.96875
276.475,224.62,414.25,222.925,415.825,350.98,278.05,352.675
287.64625,259.6475,423.21625,257.8325,424.76125,374.0225,289.20625,375.8375
292.55875,260.395,430.67875,261.445,429.73375,386.065,291.59875,385.015
284.0275,256.50375,421.1725,254.44875,422.9425,373.30875,285.7975,375.34875
272.8125,232.81625,415.1775,232.38125,415.5375,354.70625,273.1725,355.12625
273.8775,208.145,408.5625,212.57,404.5125,336.035,269.8275,331.61
272.9325,179.185,403.0875,180.955,401.3175,311.275,271.1625,309.505
268.0,179.25,400.0,179.25,400.0,309.75,268.0,309.75
272.2175,190.37625,398.0675,190.43625,397.9925,314.78625,272.1425,314.71125
280.67,203.21125,407.99,204.96625,406.37,323.19625,279.05,321.45625
285.44,211.315,424.805,212.38,423.86,334.225,284.495,333.16
291.0625,211.86,424.8625,212.775,424.0075,339.36,290.2075,338.445
286.02875,218.57,420.74375,218.585,420.72875,338.09,286.02875,338.075
277.2475,232.515,415.6525,232.335,415.8025,350.685,277.3975,350.865
273.75,230.25,407.25,230.25,407.25,354.75,273.75,354.75
273.25,227.25,409.75,227.25,409.75,339.75,273.25,339.75
271.4875,216.6875,408.1825,215.1425,409.4425,326.3825,272.7475,327.9275
278.385,194.87375,409.02,194.84375,409.035,312.75875,278.4,312.77375
279.6775,184.635,414.1525,186.3,412.6525,307.545,278.1775,305.88
280.9675,178.58625,413.1025,181.81125,410.1625,302.03625,278.0275,298.79625
283.5025,181.4425,417.8725,186.3775,413.5675,303.8875,279.1975,298.9525
286.93375,189.325,414.46375,187.24,416.33875,302.395,288.79375,304.48
304.75,202.0,438.25,202.0,438.25,322.0,304.75,322.0
311.6825,215.9575,447.7925,217.6375,446.3075,338.6725,310.1975,336.9925
300.51875,239.22375,434.07875,245.64375,428.99375,351.46875,295.41875,345.03375
269.855,234.005,402.365,246.905,391.625,357.155,259.115,344.255
249.2075,222.6725,377.7125,233.9975,367.1825,353.3975,238.6775,342.0725
235.7575,220.7675,359.3425,230.3225,350.1325,349.3625,226.5475,339.8075
211.11125,201.785,343.35125,206.975,338.73125,324.815,206.47625,319.625
208.24375,169.7075,342.34375,171.2825,340.93375,290.3225,206.84875,288.7475
224.49375,147.62125,363.49875,149.91625,361.32375,281.94625,222.33375,279.66625
249.33875,156.3625,375.00875,156.3775,374.99375,291.1675,249.30875,291.1525
271.47125,170.53125,390.84125,176.56125,384.13625,308.95125,264.78125,302.90625
264.1675,188.9275,390.1525,189.1525,389.9425,309.1825,263.9575,308.9575
268.91875,188.68875,397.36375,193.11375,392.99875,319.38375,264.56875,314.94375
273.6925,188.2475,402.6175,191.4275,399.3775,322.4225,270.4525,319.2425
278.0475,193.89,402.5775,194.205,402.2625,321.27,277.7325,320.955
278.3775,194.55,406.2825,196.65,404.1525,326.31,276.2475,324.21
273.75,196.30875,405.87,198.24375,404.01,324.66375,271.89,322.71375
