0.0179922,0.00452734,-0.83748,-0.00329167,0.07825,-0.44175,0.0,0.0,1.0
0.0173281,0.00551172,-0.831707,-0.00326042,0.0925382,-0.437288,0.0,0.0,1.0
0.0141523,0.00341406,-0.825699,-0.00151389,0.100701,-0.43209,0.0,0.0,1.0
0.0142539,0.00208203,-0.820461,-0.000954861,0.0984062,-0.421594,0.0,0.0,1.0
0.0121855,0.000291016,-0.812717,-0.000111111,0.103,-0.423708,0.0,0.0,1.0
0.0158262,0.000169922,-0.807209,-7.63889e-05,0.106403,-0.42766,0.0,0.0,1.0
0.0161582,0.0014082,-0.798193,-0.000708333,0.101681,-0.423181,0.0,0.0,1.0
0.0144531,0.00302734,-0.787402,-0.00129167,0.106854,-0.412562,0.0,0.0,1.0
0.0157402,-0.00349805,-0.782646,0.00157986,0.110177,-0.410128,0.0,0.0,1.0
0.0142891,-0.00735937,-0.769266,0.00314583,0.105604,-0.400639,0.0,0.0,1.0
0.0162422,-0.00726953,-0.76152,0.00369444,0.100979,-0.398465,0.0,0.0,1.0
0.0220117,0.00727344,-0.751457,-0.00568056,0.0890278,-0.421514,0.0,0.0,1.0
0.0240312,0.00209375,-0.734547,-0.00203125,0.078316,-0.403045,0.0,0.0,1.0
-0.0234766,-0.0105156,-0.726727,0.0113576,-0.0686979,-0.395622,0.0,0.0,1.0
0.021375,0.00657813,-0.709898,-0.00605556,0.0734306,-0.392667,0.0,0.0,1.0
0.0199258,0.00625,-0.698676,-0.00459722,0.0855486,-0.397826,0.0,0.0,1.0
0.0235918,0.00664258,-0.679291,-0.00461806,0.107319,-0.374813,0.0,0.0,1.0
0.0280879,-0.000310547,-0.661795,0.000204861,0.136545,-0.37074,0.0,0.0,1.0
0.0272617,-0.00649219,-0.64834,0.0043125,0.12966,-0.363514,0.0,0.0,1.0
0.0323008,-0.0188008,-0.6385,0.0173472,0.110646,-0.356715,0.0,0.0,1.0
0.00898047,-0.0569414,-0.635273,0.0396667,0.0407431,-0.367035,0.0,0.0,1.0
0.0596465,0.0043418,-0.627783,-0.0183576,0.0445868,-0.365503,0.0,0.0,1.0
0.0433125,0.00920703,-0.59773,-0.0192361,0.0655069,-0.365215,0.0,0.0,1.0
0.0177246,0.0699004,-0.592674,-0.0445729,0.0878507,-0.363358,0.0,0.0,1.0
0.020873,0.0524355,-0.592736,-0.0301493,0.11474,-0.387955,0.0,0.0,1.0
0.0289531,0.04125,-0.584141,-0.0264167,0.142868,-0.39716,0.0,0.0,1.0
0.033,0.0272539,-0.572285,-0.0190174,0.149483,-0.387865,0.0,0.0,1.0
0.0361895,0.0144551,-0.569385,-0.0101597,0.162694,-0.38991,0.0,0.0,1.0
0.035332,-0.00505469,-0.557941,0.0036875,0.153257,-0.381944,0.0,0.0,1.0
0.0330859,-0.0267344,-0.549281,0.0199514,0.140111,-0.374229,0.0,0.0,1.0
0.0256211,-0.0522383,-0.556789,0.0309028,0.136896,-0.349132,0.0,0.0,1.0
0.0204141,-0.0731445,-0.539965,0.0427257,0.110455,-0.381712,0.0,0.0,1.0
0.0797031,0.00903125,-0.527516,-0.0362153,0.0628194,-0.393104,0.0,0.0,1.0
0.0793438,-0.0152461,-0.50166,0.0595729,0.0641701,-0.387087,0.0,0.0,1.0
0.0222363,0.0670566,-0.478119,-0.0281319,0.167514,-0.336757,0.0,0.0,1.0
0.0232754,0.0547715,-0.473252,-0.0215625,0.186847,-0.31241,0.0,0.0,1.0
0.0218984,0.0210977,-0.474738,-0.00754861,0.193431,-0.303771,0.0,0.0,1.0
0.021082,-0.000457031,-0.477672,0.000145833,0.208986,-0.372826,0.0,0.0,1.0
0.0316328,-0.0518203,-0.469922,0.0220764,0.23466,-0.448611,0.0,0.0,1.0
0.010957,-0.113637,-0.451953,0.0456389,0.0862222,-0.527778,0.0,0.0,1.0
0.101717,0.00340039,-0.422131,-0.0222569,0.0491042,-0.555319,0.0,0.0,1.0
-0.0078125,0.10832,-0.440539,-0.0700278,-0.0381944,-0.541958,0.0,0.0,1.0
0.111488,-0.00608984,-0.420977,0.0342778,0.0625972,-0.553444,0.0,0.0,1.0
0.0964102,-0.0110234,-0.424684,0.0691632,0.048559,-0.568476,0.0,0.0,1.0
0.0353203,0.0545547,-0.430469,-0.0357222,0.170465,-0.559201,0.0,0.0,1.0
0.0393359,0.037625,-0.439453,-0.0212431,0.220215,-0.573264,0.0,0.0,1.0
0.0283359,0.0470508,-0.445059,-0.0168264,0.250396,-0.572556,0.0,0.0,1.0
0.0330859,0.0272461,-0.45234,-0.010001,0.284855,-0.621424,0.0,0.0,1.0
0.0346602,-0.00488672,-0.444477,0.00199236,0.268792,-0.647604,0.0,0.0,1.0
0.0380605,-0.0746113,-0.446053,0.0425542,0.210915,-0.65911,0.0,0.0,1.0
0.0304785,-0.0959785,-0.441256,0.0537552,0.171991,-0.653234,0.0,0.0,1.0
0.125092,0.0148027,-0.445127,-0.106059,0.0551771,-0.635767,0.0,0.0,1.0
0.131945,0.01375,-0.447859,-0.064559,0.0888229,-0.63374,0.0,0.0,1.0
0.00804102,0.145752,-0.462768,-0.0644028,0.0575208,-0.605632,0.0,0.0,1.0
0.0162383,0.117516,-0.459137,-0.0448854,0.134358,-0.59808,0.0,0.0,1.0
0.0267578,0.0912656,-0.474656,-0.0406979,0.189663,-0.584441,0.0,0.0,1.0
0.0236445,0.0523906,-0.475105,-0.0178681,0.219069,-0.588993,0.0,0.0,1.0
0.0267656,0.00528516,-0.485621,-0.00195833,0.227958,-0.589417,0.0,0.0,1.0
0.0269648,-0.0328984,-0.489371,0.0140069,0.200201,-0.610472,0.0,0.0,1.0
0.024918,-0.0788945,-0.495281,0.0312535,0.198774,-0.595135,0.0,0.0,1.0
0.0185898,-0.0910195,-0.472094,0.0447986,0.119368,-0.629042,0.0,0.0,1.0
0.129488,0.00855859,-0.49943,-0.0508611,0.068875,-0.596042,0.0,0.0,1.0
0.133418,-0.00382031,-0.496145,0.0284062,0.056691,-0.616177,0.0,0.0,1.0
0.112473,-0.0176055,-0.498242,0.100337,0.0623715,-0.623587,0.0,0.0,1.0
0.0259102,0.0836484,-0.488801,-0.0404722,0.169243,-0.625854,0.0,0.0,1.0
0.0359199,0.0532441,-0.469174,-0.0281806,0.2145,-0.605708,0.0,0.0,1.0
0.0429922,0.0151602,-0.452605,-0.00935764,0.220142,-0.591378,0.0,0.0,1.0
0.0451172,-0.0328437,-0.439562,0.0240208,0.194972,-0.568368,0.0,0.0,1.0
0.0325996,-0.0526738,-0.430037,0.0320903,0.169132,-0.535361,0.0,0.0,1.0
0.0243437,-0.0788828,-0.41857,0.0551528,0.110049,-0.494563,0.0,0.0,1.0
0.0913672,0.0124375,-0.415086,-0.0556944,0.0644861,-0.459542,0.0,0.0,1.0
0.0903086,0.00166016,-0.412281,-0.00784375,0.0604201,-0.409476,0.0,0.0,1.0
0.113578,-0.00739844,-0.40625,0.0502292,0.0528819,-0.333333,0.0,0.0,1.0
0.0260117,0.071707,-0.393086,-0.0520764,0.113201,-0.285889,0.0,0.0,1.0
0.0266777,0.0728262,-0.405107,-0.0430278,0.142722,-0.259125,0.0,0.0,1.0
0.0228457,0.0492754,-0.39526,-0.0244861,0.145299,-0.239174,0.0,0.0,1.0
0.0257344,0.0566367,-0.401348,-0.0385729,0.119427,-0.236719,0.0,0.0,1.0
0.0268379,0.0537598,-0.404084,-0.0421181,0.108264,-0.249104,0.0,0.0,1.0
0.0277305,0.0471211,-0.396883,-0.0355347,0.116208,-0.25341,0.0,0.0,1.0
0.0286953,0.0519063,-0.39557,-0.0367604,0.128052,-0.254128,0.0,0.0,1.0
0.0283633,0.0418984,-0.387566,-0.0254167,0.147778,-0.267028,0.0,0.0,1.0
0.0284023,0.0363477,-0.385672,-0.0204167,0.159819,-0.266097,0.0,0.0,1.0
0.0259844,0.0349453,-0.384523,-0.0172882,0.166024,-0.27751,0.0,0.0,1.0
0.0256934,0.023709,-0.381275,-0.0110347,0.174549,-0.2825,0.0,0.0,1.0
0.0246504,0.0303457,-0.38442,-0.012875,0.18366,-0.289549,0.0,0.0,1.0
0.0240352,0.0256719,-0.387277,-0.01,0.194986,-0.295236,0.0,0.0,1.0
0.0282969,0.0234844,-0.388828,-0.0105139,0.199764,-0.303125,0.0,0.0,1.0
0.025998,0.0302637,-0.392158,-0.0100278,0.247979,-0.350313,0.0,0.0,1.0
0.0251602,0.0159492,-0.389875,-0.00556944,0.227764,-0.328903,0.0,0.0,1.0
0.0239688,0.0133203,-0.386969,-0.00435764,0.231427,-0.331205,0.0,0.0,1.0
0.0221426,0.010834,-0.386561,-0.00322917,0.234861,-0.340757,0.0,0.0,1.0
0.0228984,0.00728516,-0.386184,-0.00219444,0.240104,-0.343993,0.0,0.0,1.0
0.0239082,0.00290039,-0.386736,-0.000916667,0.239424,-0.347132,0.0,0.0,1.0
0.0233945,0.000300781,-0.385945,-9.375e-05,0.243899,-0.355844,0.0,0.0,1.0
0.021623,0.00316211,-0.385998,-0.000868056,0.247611,-0.355604,0.0,0.0,1.0
0.0241758,-0.00185547,-0.384984,0.000569444,0.249181,-0.361903,0.0,0.0,1.0
0.0231055,-0.000160156,-0.384156,4.86111e-05,0.245312,-0.358222,0.0,0.0,1.0
0.0214316,0.00365039,-0.385396,-0.001,0.247819,-0.360931,0.0,0.0,1.0
0.0226328,-0.00139844,-0.383125,0.000409722,0.247417,-0.361132,0.0,0.0,1.0
0.0210352,3.90625e-06,-0.382867,0.0,0.243062,-0.358326,0.0,0.0,1.0
0.0210391,0.000976562,-0.381859,-0.000284722,0.229104,-0.3445,0.0,0.0,1.0
0.0234609,-0.000734375,-0.379492,0.000229167,0.240472,-0.364118,0.0,0.0,1.0
0.021793,0.000324219,-0.377367,-9.02778e-05,0.246597,-0.364424,0.0,0.0,1.0
0.0215352,0.00179688,-0.375754,-0.000486111,0.24941,-0.361229,0.0,0.0,1.0
0.0225566,0.000443359,-0.375787,-0.000131944,0.240903,-0.360465,0.0,0.0,1.0
0.022709,0.00152539,-0.373717,-0.000458333,0.238813,-0.364201,0.0,0.0,1.0
0.0230449,-0.000283203,-0.372479,9.02778e-05,0.240201,-0.360861,0.0,0.0,1.0
0.0237188,-0.00239844,-0.371484,0.000725694,0.246913,-0.360316,0.0,0.0,1.0
0.0230469,-0.00376172,-0.370238,0.00112847,0.242865,-0.359608,0.0,0.0,1.0
0.0230605,-0.00295117,-0.370486,0.000888889,0.241812,-0.361521,0.0,0.0,1.0
0.0225977,-0.00283594,-0.369426,0.000850694,0.23749,-0.362142,0.0,0.0,1.0
0.022373,-0.000220703,-0.370963,6.25e-05,0.233958,-0.369632,0.0,0.0,1.0
0.0232363,-0.00256836,-0.371053,0.000798611,0.237007,-0.369833,0.0,0.0,1.0
0.0223359,-0.00377344,-0.371898,0.00116667,0.228639,-0.382597,0.0,0.0,1.0
0.0235703,-0.00323828,-0.373363,0.00106944,0.226285,-0.385771,0.0,0.0,1.0
0.0231523,-0.00173047,-0.374219,0.000559028,0.225594,-0.388316,0.0,0.0,1.0
0.0240586,-0.00189844,-0.374887,0.000659722,0.220521,-0.395306,0.0,0.0,1.0
0.0257695,-0.00210938,-0.375238,0.000784722,0.219264,-0.394146,0.0,0.0,1.0
