0.0539766,0.013582,-0.674961,-0.009875,0.23475,0.1165,0.0,0.0,1.0
0.0519844,0.0165352,-0.663414,-0.00978125,0.277615,0.125424,0.0,0.0,1.0
0.042457,0.0102422,-0.651398,-0.00454167,0.302104,0.135819,0.0,0.0,1.0
0.0427617,0.00624609,-0.640922,-0.00286458,0.295219,0.156813,0.0,0.0,1.0
0.0365566,0.000873047,-0.625434,-0.000333333,0.309,0.152583,0.0,0.0,1.0
0.0474785,0.000509766,-0.614418,-0.000229167,0.319208,0.144681,0.0,0.0,1.0
0.0484746,0.00422461,-0.596387,-0.002125,0.305042,0.153639,0.0,0.0,1.0
0.0433594,0.00908203,-0.574805,-0.003875,0.320563,0.174875,0.0,0.0,1.0
0.0472207,-0.0104941,-0.565293,0.00473958,0.330531,0.179743,0.0,0.0,1.0
0.0428672,-0.0220781,-0.538531,0.0094375,0.316812,0.198722,0.0,0.0,1.0
0.0487266,-0.0218086,-0.523039,0.0110833,0.302938,0.203069,0.0,0.0,1.0
0.0660352,0.0218203,-0.502914,-0.0170417,0.267083,0.156972,0.0,0.0,1.0
0.0720937,0.00628125,-0.469094,-0.00609375,0.234948,0.19391,0.0,0.0,1.0
0.0704297,0.0315469,-0.453453,-0.0340729,0.206094,0.208757,0.0,0.0,1.0
0.064125,0.0197344,-0.419797,-0.0181667,0.220292,0.214667,0.0,0.0,1.0
0.0597773,0.01875,-0.397352,-0.0137917,0.256646,0.204347,0.0,0.0,1.0
0.0707754,0.0199277,-0.358582,-0.0138542,0.321958,0.250375,0.0,0.0,1.0
0.0842637,-0.000931641,-0.32359,0.000614583,0.409635,0.258521,0.0,0.0,1.0
0.0817852,-0.0194766,-0.29668,0.0129375,0.388979,0.272972,0.0,0.0,1.0
0.0969023,-0.0564023,-0.277,0.0520417,0.331937,0.286569,0.0,0.0,1.0
0.0269414,-0.170824,-0.270547,0.119,0.122229,0.265931,0.0,0.0,1.0
0.0130254,-0.178939,-0.255566,0.13376,0.0550729,0.268993,0.0,0.0,1.0
0.0276211,-0.129937,-0.195461,0.196521,0.0577083,0.269569,0.0,0.0,1.0
0.209701,-0.0531738,-0.185348,0.263552,0.133719,0.273285,0.0,0.0,1.0
0.157307,-0.0626191,-0.185473,0.344219,0.0904479,0.22409,0.0,0.0,1.0
0.12375,-0.0868594,-0.168281,0.428604,0.07925,0.205681,0.0,0.0,1.0
0.0817617,-0.099,-0.14457,0.448448,0.0570521,0.224271,0.0,0.0,1.0
0.0433652,-0.108568,-0.13877,0.488083,0.0304792,0.220181,0.0,0.0,1.0
-0.0151641,-0.105996,-0.115883,0.459771,-0.0110625,0.236111,0.0,0.0,1.0
-0.0802031,-0.0992578,-0.0985625,0.420333,-0.0598542,0.251542,0.0,0.0,1.0
-0.156715,-0.0768633,-0.113578,0.410688,-0.0927083,0.301736,0.0,0.0,1.0
-0.219434,-0.0612422,-0.0799297,0.331365,-0.128177,0.236576,0.0,0.0,1.0
-0.239109,-0.0270937,-0.0550313,0.108646,-0.188458,0.213792,0.0,0.0,1.0
-0.238031,0.0457383,-0.00332031,-0.178719,-0.19251,0.225826,0.0,0.0,1.0
-0.20117,0.066709,0.0437617,-0.502542,-0.0843958,0.326486,0.0,0.0,1.0
-0.164314,0.0698262,0.0534961,-0.559745,-0.0638906,0.374384,0.0,0.0,1.0
-0.063293,0.0656953,0.0505234,-0.580292,-0.0226458,0.392458,0.0,0.0,1.0
0.00137109,0.0632461,0.0446563,-0.626958,0.0004375,0.254347,0.0,0.0,1.0
0.155461,0.0948984,0.0601562,-0.703979,0.0662292,0.102778,0.0,0.0,1.0
0.34091,0.0328711,0.0960938,-0.258667,0.136917,-0.0555556,0.0,0.0,1.0
0.30515,0.0102012,0.155738,-0.0667708,0.147313,-0.110639,0.0,0.0,1.0
0.324961,0.0234375,0.118922,-0.114583,0.210083,-0.0839167,0.0,0.0,1.0
0.334465,-0.0182695,0.158047,0.102833,0.187792,-0.106889,0.0,0.0,1.0
0.28923,-0.0330703,0.150633,0.20749,0.145677,-0.136951,0.0,0.0,1.0
0.163664,-0.105961,0.139062,0.511396,0.107167,-0.118403,0.0,0.0,1.0
0.112875,-0.118008,0.121094,0.660646,0.0637292,-0.146528,0.0,0.0,1.0
0.141152,-0.0850078,0.109883,0.751188,0.0504792,-0.145111,0.0,0.0,1.0
0.0817383,-0.0992578,0.0953203,0.805858,0.015,-0.194142,0.0,0.0,1.0
-0.0146602,-0.10398,0.111047,0.755583,-0.00298958,-0.244417,0.0,0.0,1.0
-0.223834,-0.114182,0.107895,0.61309,-0.108007,-0.298564,0.0,0.0,1.0
-0.287936,-0.0914355,0.117488,0.515974,-0.161266,-0.306469,0.0,0.0,1.0
-0.375275,-0.0444082,0.109746,0.318177,-0.165531,-0.271535,0.0,0.0,1.0
-0.395836,-0.04125,0.104281,0.193677,-0.266469,-0.267479,0.0,0.0,1.0
-0.437256,0.024123,0.0744648,-0.172562,-0.193208,-0.211264,0.0,0.0,1.0
-0.352547,0.0487148,0.0817266,-0.403073,-0.134656,-0.19616,0.0,0.0,1.0
-0.273797,0.0802734,0.0506875,-0.56899,-0.122094,-0.168882,0.0,0.0,1.0
-0.157172,0.0709336,0.0497891,-0.657208,-0.0536042,-0.177986,0.0,0.0,1.0
-0.0158555,0.0802969,0.0287578,-0.683875,-0.005875,-0.178833,0.0,0.0,1.0
0.0986953,0.0808945,0.0212578,-0.600604,0.0420208,-0.220944,0.0,0.0,1.0
0.236684,0.0747539,0.0094375,-0.596323,0.0937604,-0.190271,0.0,0.0,1.0
0.273059,0.0557695,0.0558125,-0.358104,0.134396,-0.258083,0.0,0.0,1.0
0.388465,0.0256758,0.00114062,-0.152583,0.206625,-0.192083,0.0,0.0,1.0
0.400254,-0.0114609,0.00771094,0.0852187,0.170073,-0.232354,0.0,0.0,1.0
0.337418,-0.0528164,0.00351562,0.30101,0.187115,-0.247174,0.0,0.0,1.0
0.250945,-0.0777305,0.0223984,0.507729,0.121417,-0.251708,0.0,0.0,1.0
0.159732,-0.10776,0.0616523,0.6435,0.0845417,-0.211417,0.0,0.0,1.0
0.0454805,-0.128977,0.0947891,0.660427,0.0280729,-0.182757,0.0,0.0,1.0
-0.0985313,-0.135352,0.120875,0.584917,-0.0720625,-0.136736,0.0,0.0,1.0
-0.158021,-0.0977988,0.139926,0.507396,-0.0962708,-0.0707222,0.0,0.0,1.0
-0.236648,-0.0730312,0.162859,0.330146,-0.165458,0.010875,0.0,0.0,1.0
-0.274102,-0.0373125,0.169828,0.167083,-0.193458,0.0809167,0.0,0.0,1.0
-0.270926,-0.00498047,0.175437,0.0235313,-0.18126,0.181049,0.0,0.0,1.0
-0.340734,0.0221953,0.1875,-0.150688,-0.158646,0.333333,0.0,0.0,1.0
-0.215121,0.0780352,0.213828,-0.339604,-0.156229,0.428222,0.0,0.0,1.0
-0.218479,0.0800332,0.189785,-0.417722,-0.118639,0.471306,0.0,0.0,1.0
-0.147826,0.0685371,0.20948,-0.42745,-0.0650121,0.513207,0.0,0.0,1.0
-0.16991,0.0772031,0.197305,-0.357449,-0.114886,0.52573,0.0,0.0,1.0
-0.161279,0.0805137,0.191832,-0.324792,-0.126354,0.501792,0.0,0.0,1.0
-0.141363,0.0831914,0.206234,-0.348625,-0.106604,0.493181,0.0,0.0,1.0
-0.155719,0.0860859,0.208859,-0.384156,-0.110281,0.491743,0.0,0.0,1.0
-0.125695,0.0850898,0.224867,-0.443333,-0.07625,0.465944,0.0,0.0,1.0
-0.109043,0.085207,0.228656,-0.476635,-0.0584271,0.464983,0.0,0.0,1.0
-0.104836,0.0779531,0.230953,-0.498073,-0.0518646,0.444979,0.0,0.0,1.0
-0.071127,0.0770801,0.237449,-0.523646,-0.0331042,0.435,0.0,0.0,1.0
-0.0910371,0.0739512,0.23116,-0.547658,-0.0353038,0.417582,0.0,0.0,1.0
-0.0770156,0.0721055,0.225445,-0.578142,-0.023184,0.402712,0.0,0.0,1.0
-0.0704531,0.0848906,0.222344,-0.592451,-0.0247014,0.38691,0.0,0.0,1.0
-0.090791,0.0779941,0.215684,-0.720892,-0.0150417,0.27633,0.0,0.0,1.0
-0.0478477,0.0754805,0.22025,-0.66916,-0.00835417,0.328063,0.0,0.0,1.0
-0.0399609,0.0719063,0.226063,-0.676957,-0.00653125,0.320266,0.0,0.0,1.0
-0.032502,0.0664277,0.226879,-0.69166,-0.00484375,0.305562,0.0,0.0,1.0
-0.0218555,0.0686953,0.227633,-0.70276,-0.00329167,0.294462,0.0,0.0,1.0
-0.00870117,0.0717246,0.226527,-0.704878,-0.001375,0.292344,0.0,0.0,1.0
-0.000902344,0.0701836,0.228109,-0.720304,-0.000135417,0.276918,0.0,0.0,1.0
-0.00948633,0.0648691,0.228004,-0.725632,-0.00130208,0.27159,0.0,0.0,1.0
0.00556641,0.0725273,0.230031,-0.734285,0.000854167,0.262937,0.0,0.0,1.0
0.000480469,0.0693164,0.231688,-0.724802,7.29167e-05,0.27242,0.0,0.0,1.0
-0.0109512,0.0642949,0.229207,-0.731271,-0.0015,0.265951,0.0,0.0,1.0
0.00419531,0.0678984,0.23375,-0.730868,0.000614583,0.266354,0.0,0.0,1.0
-1.17188e-05,0.0631055,0.234266,-0.721531,0.0,0.275691,0.0,0.0,1.0
-0.00292969,0.0631172,0.236281,-0.686767,-0.000427083,0.310455,0.0,0.0,1.0
0.00220313,0.0703828,0.241016,-0.721417,0.0006875,0.271764,0.0,0.0,1.0
-0.000972656,0.0653789,0.245266,-0.732931,-0.000135417,0.264292,0.0,0.0,1.0
-0.00539062,0.0646055,0.248492,-0.733955,-0.000729167,0.263267,0.0,0.0,1.0
-0.00133008,0.0676699,0.248426,-0.720431,-0.000197917,0.276792,0.0,0.0,1.0
-0.00457617,0.068127,0.252566,-0.716438,-0.001375,0.271597,0.0,0.0,1.0
0.000849609,0.0691348,0.255043,-0.719774,0.000135417,0.277448,0.0,0.0,1.0
0.00719531,0.0711562,0.257031,-0.729297,0.00109375,0.267925,0.0,0.0,1.0
0.0112852,0.0691406,0.259523,-0.722516,0.0016875,0.274707,0.0,0.0,1.0
0.00885352,0.0691816,0.259027,-0.722851,0.00133333,0.274372,0.0,0.0,1.0
0.00850781,0.067793,0.261148,-0.712469,0.00255208,0.275715,0.0,0.0,1.0
0.000662109,0.0671191,0.258074,-0.701875,0.0001875,0.260736,0.0,0.0,1.0
0.00770508,0.069709,0.257895,-0.711021,0.00239583,0.260333,0.0,0.0,1.0
0.0113203,0.0670078,0.256203,-0.685917,0.0035,0.234806,0.0,0.0,1.0
0.00971484,0.0707109,0.253273,-0.678854,0.00320833,0.228458,0.0,0.0,1.0
0.00519141,0.069457,0.251563,-0.676781,0.00167708,0.223368,0.0,0.0,1.0
0.00569531,0.0721758,0.250227,-0.661563,0.00197917,0.209389,0.0,0.0,1.0
0.00632813,0.0773086,0.249523,-0.657792,0.00235417,0.211708,0.0,0.0,1.0
