164.0975,9.86275,201.2975,9.83125,201.3725,99.76225,164.1725,99.79375
166.5,9.75,205.5,9.75,205.5,101.25,166.5,101.25
166.5,9.75,205.5,9.75,205.5,101.25,166.5,101.25
165.06,6.7175,205.065,4.364,210.54,97.4825,170.535,99.836
170.5,1.25,209.5,1.25,209.5,95.75,170.5,95.75
167.28,1.578375,207.345,1.293375,208.02,96.447375,167.955,96.733875
165.54,1.857875,205.815,1.914875,205.68,97.841375,165.405,97.782875
162.25,2.75,202.75,2.75,202.75,100.25,162.25,100.25
158.52125,2.44,198.82625,2.173,199.48625,102.976,159.19625,103.243
156.175,3.854,196.42,4.3025,195.325,102.842,155.08,102.3935
154.55,2.876375,196.385,3.822875,194.09,105.228875,152.255,104.280875
150.3225,1.0915,194.7825,2.101,192.4875,102.8965,148.0275,101.887
150.1025,0.0,194.1875,1.66775,188.7275,104.62925,144.6425,102.28925
145.5775,0.0,190.5175,0.154875,188.6125,104.848875,143.6725,104.032875
143.8425,3.128375,186.1875,2.310875,188.2275,107.465375,145.8825,108.284375
140.13375,7.306,184.09875,3.277,193.75875,108.544,149.77875,112.573
140.8025,7.777875,190.2875,3.900375,199.1075,116.478375,149.6225,120.360375
150.79,2.112125,202.585,6.501125,192.91,120.717125,141.115,116.332625
143.1925,2.43275,198.3475,2.54975,198.0775,125.26175,142.9225,125.14175
142.3825,5.06675,199.3825,5.39075,198.7075,123.88325,141.7075,123.55325
140.5075,7.349875,199.4425,5.386375,203.4025,124.049875,144.4675,126.014875
140.0,10.5,200.0,10.5,200.0,127.5,140.0,127.5
136.75,10.25,198.25,10.25,198.25,128.75,136.75,128.75
129.44,14.764125,195.335,15.044625,194.84,132.995625,128.945,132.710625
124.81875,18.168875,187.29375,18.047375,187.53375,137.930375,125.04375,138.050375
113.74875,18.48875,182.43375,18.47375,182.46375,141.50225,113.76375,141.51725
107.7075,24.420125,167.2875,16.933625,182.4825,137.880125,122.9025,145.365125
110.82375,27.033,170.98875,20.877,183.27375,141.0525,123.12375,147.2175
123.41375,26.950125,181.76375,26.918625,181.83875,149.266125,123.47375,149.296125
124.755,32.8315,179.64,29.2585,187.245,146.11,132.36,149.68
129.0,42.15925,184.275,37.96825,192.78,150.01525,137.505,154.21525
139.0,51.0,193.0,51.0,193.0,153.0,139.0,153.0
142.25,54.0,194.75,54.0,194.75,156.0,142.25,156.0
143.775,58.555625,194.355,58.473125,194.505,151.548125,143.925,151.638125
146.915,72.724625,193.355,72.954125,192.965,152.424125,146.525,152.184125
149.1575,77.323,192.8825,77.767,192.1325,151.792,148.4075,151.342
147.77,85.574375,191.195,85.521875,191.27,150.092375,147.845,150.152375
150.4825,92.13125,194.0875,93.81125,191.8075,153.25625,148.2025,151.59125
148.75,99.25,192.25,99.25,192.25,157.75,148.75,157.75
150.38625,100.07,193.99125,102.8,190.37625,160.79,146.75625,158.06
148.95,108.49,195.495,109.06,194.85,160.93,148.305,160.36
147.14625,114.30125,192.98625,112.87625,194.62125,165.60125,148.79625,167.01125
147.9775,117.11125,191.2075,117.08125,191.2525,170.85625,148.0225,170.90125
146.75,119.75,190.25,119.75,190.25,175.25,146.75,175.25
146.75,120.75,190.25,120.75,190.25,176.25,146.75,176.25
146.75,119.75,190.25,119.75,190.25,175.25,146.75,175.25
146.75,120.25,190.25,120.25,190.25,172.75,146.75,172.75
146.68625,119.52875,190.56125,119.39375,190.74125,174.42875,146.88125,174.57875
148.48125,122.30625,187.46625,122.15625,187.66125,171.64125,148.66125,171.80625
149.0,117.75,191.0,117.75,191.0,173.25,149.0,173.25
150.71125,116.06375,192.44125,116.58875,191.79625,168.23375,150.08125,167.72375
151.555,110.37,191.2,110.055,191.665,169.35,152.02,169.665
138.3325,101.27375,205.6375,101.67875,205.2775,164.54375,137.9725,164.15375
147.75,95.75,203.25,95.75,203.25,157.25,147.75,157.25
152.195,86.771,201.245,86.969,200.945,159.1295,151.895,158.9345
152.7575,83.441875,202.8725,84.694375,201.0125,158.954875,150.8975,157.709875
153.2675,75.25075,200.8025,75.31675,200.6825,157.78525,153.1475,157.72525
157.5,72.25,202.5,72.25,202.5,148.75,157.5,148.75
155.9275,70.536125,199.3375,70.612625,199.2025,141.052625,155.7925,140.977625
159.12875,71.319375,199.74875,72.376875,198.56375,118.264875,157.92875,117.199875
157.3675,76.228125,194.3725,69.178125,198.3025,89.786625,161.2975,96.838125
155.75,104.0,205.25,104.0,205.25,152.0,155.75,152.0
152.08875,95.4525,201.55875,93.0975,204.40875,153.0975,154.95375,155.4525
153.42,91.385,200.145,91.46,200.04,155.435,153.315,155.36
152.0,90.75,200.0,90.75,200.0,152.25,152.0,152.25
149.5,91.25,200.5,91.25,200.5,149.75,149.5,149.75
152.86125,91.3325,204.37125,97.7675,197.60625,151.8575,146.11125,145.4225
148.56875,87.807125,200.90375,87.916625,200.76875,149.047625,148.44875,148.927625
148.25,81.75,200.75,81.75,200.75,149.25,148.25,149.25
148.25,76.0,200.75,76.0,200.75,148.0,148.25,148.0
149.055,74.641125,198.105,73.067625,200.505,147.851625,151.455,149.426625
150.75,73.25,200.25,73.25,200.25,149.75,150.75,149.75
144.23625,78.073375,198.85125,70.487875,209.47125,147.044875,154.87125,154.634875
148.0025,74.4045,202.3175,75.5205,200.7275,152.4825,146.4125,151.3725
142.6525,77.169,202.3975,77.601,201.8575,152.7105,142.1125,152.2755
141.75,78.5,203.25,78.5,203.25,153.5,141.75,153.5
145.71375,84.527625,198.25875,79.231125,205.57875,151.730625,153.01875,157.025625
142.7625,87.991375,198.7875,80.099875,208.9875,152.525875,152.9625,160.415875
141.82,91.312625,198.445,80.256125,212.38,151.597625,155.755,162.652625
143.0,75.25,203.0,75.25,203.0,157.75,143.0,157.75
146.9175,74.336375,202.4475,79.284875,195.2925,159.552875,139.7625,154.602875
141.85625,66.1755,196.41125,59.4945,208.66625,159.5415,154.09625,166.2165
143.635,64.671125,192.46,57.592625,206.905,157.201625,158.08,164.281625
148.295,62.908125,197.705,57.830625,208.145,159.461625,158.735,164.546625
148.00375,64.12,200.44375,57.985,212.36875,159.892,159.91375,166.027
154.3925,60.335375,210.2975,63.885875,203.8775,164.861375,147.9725,161.306375
153.6025,63.969875,207.0025,65.126375,204.8875,163.005875,151.4875,161.850875
155.03,63.301625,205.625,65.667125,201.11,162.346625,150.515,159.991625
151.3675,64.394875,203.4775,64.501375,203.2825,163.844875,151.1725,163.739875
149.09375,61.282125,199.43375,59.096625,204.03875,164.887125,153.68375,167.077125
150.4175,60.435375,201.6275,60.385875,201.7325,165.657375,150.5225,165.702375
147.51875,60.074625,202.98875,57.664125,207.57875,163.318125,152.12375,165.718125
150.21375,63.395625,205.98375,65.638125,202.14375,161.068125,146.38875,158.833125
149.57,64.42775,205.16,65.44475,203.39,161.81075,147.8,160.79075
150.52,62.234375,204.19,62.376875,203.92,162.813875,150.25,162.663875
151.6325,63.395125,205.8725,63.828625,205.0775,162.773125,150.8375,162.338125
150.935,62.252375,205.28,60.078875,209.465,164.729375,155.12,166.904375
154.32,61.615,207.165,62.935,204.6,165.793,151.755,164.473
154.5275,61.24075,200.9375,60.24175,203.2025,165.74875,156.7925,166.73875
154.21625,62.672125,202.90625,61.491625,205.41125,165.293125,156.73625,166.478125
154.865,62.595125,205.745,64.048625,202.835,165.801125,151.955,164.346125
152.3875,62.685375,203.8975,62.965875,203.3425,163.971375,151.8325,163.686375
152.27,64.3885,200.81,62.7115,204.23,161.47,155.69,163.15
151.49625,63.90775,204.08625,65.29975,201.50625,162.97075,148.90125,161.57575
151.3925,64.379125,200.2025,64.014625,200.9375,162.252625,152.1275,162.612625
151.9225,64.24975,201.6775,64.59775,200.9875,162.62575,151.2325,162.28075
152.61,63.39825,204.9,66.01425,199.95,164.95725,147.66,162.33225
151.82,65.0355,200.735,64.9545,200.9,165.5415,151.985,165.6165
153.1275,66.2415,203.1225,68.0085,199.7025,164.868,149.7075,163.098
151.97,64.843,203.24,65.662,201.65,165.088,150.38,164.263
151.96125,67.482125,200.98125,67.216625,201.52125,164.451125,152.48625,164.721125
151.675,66.02575,203.515,66.42175,202.765,164.89825,150.925,164.50825
152.89,64.55175,200.92,64.45575,201.13,166.45425,153.1,166.54425
152.47375,63.717625,204.55375,64.271125,203.44375,167.556625,151.37875,167.001625
153.77375,64.891375,204.08375,66.224875,201.45875,165.509875,151.13375,164.174875
153.11875,62.872875,201.40375,62.073375,203.09875,165.061875,154.82875,165.856875
152.5775,66.821,202.1675,64.499,206.7725,162.9995,157.1825,165.3245
153.08,62.020375,203.225,62.420875,202.4,165.722875,152.255,165.332875
152.5,64.25,203.5,64.25,203.5,164.75,152.5,164.75
150.65,63.475,202.085,61.57,205.91,164.653,154.475,166.558
150.665,64.3715,203.93,63.2135,206.135,164.546,152.87,165.701
150.0,66.25,204.0,66.25,204.0,166.75,150.0,166.75
150.95125,65.065875,202.61125,65.070375,202.61125,167.047875,150.93625,167.032875
152.51375,63.798375,201.32375,63.907875,201.08375,169.689375,152.28875,169.569375
151.31625,59.405375,200.09625,59.370875,200.18625,169.005875,151.39125,169.050875
153.485,56.596375,205.61,59.489875,199.535,168.932875,147.41,166.037875
151.315,59.951,205.225,61.679,201.865,166.4375,147.955,164.7125
150.88875,60.00925,203.05875,60.16825,202.74375,165.14275,150.55875,164.97775
147.475,59.11225,201.685,58.06525,203.665,160.79725,149.455,161.84725
150.385,58.556625,200.185,58.897125,199.495,161.341125,149.695,160.996125
151.92,55.181,195.0,55.589,193.98,162.893,150.9,162.473
156.0,55.253125,186.12,55.200625,186.3,159.878125,156.18,159.923125
157.21125,50.91025,185.60625,51.44725,183.49125,163.92625,155.08125,163.38625
154.47875,62.941125,184.29875,60.047625,190.35875,122.483625,160.55375,125.378625
155.185,54.703125,185.545,53.660625,189.235,161.066625,158.875,162.116625
159.0075,51.54225,188.7825,52.82025,183.9225,165.98325,154.1475,164.70825
157.20125,52.074,186.99125,52.536,185.20625,167.4495,155.43125,166.9845
156.4725,57.742875,199.2525,60.873375,191.1975,170.922375,148.4175,167.802375
154.58125,58.793375,197.30125,60.552875,192.74125,171.348875,150.00625,169.593875
155.75,58.66375,197.045,61.48375,189.47,172.40725,148.175,169.58725
158.41125,58.170875,196.64625,61.850375,185.95125,173.057375,147.70125,169.382375
155.935,59.06075,196.465,61.96175,188.425,174.28325,147.895,171.38825
155.2925,59.889,193.8725,61.671,188.6375,174.9825,150.0575,173.1975
157.075,60.3805,194.965,63.0445,187.105,174.8605,149.215,172.1905
153.33,61.2685,193.695,61.4965,193.05,174.8995,152.685,174.6595
153.08375,61.0605,188.82875,60.9495,189.17375,172.575,153.44375,172.695
153.86875,60.566875,192.43375,61.399375,190.00375,174.319375,151.42375,173.479375
154.72,61.959625,190.33,62.969125,187.18,174.173125,151.57,173.153125
155.46375,63.073625,195.06375,65.190125,189.16875,175.713125,149.55375,173.598125
153.89,64.6945,191.69,65.6755,188.87,174.3685,151.07,173.3935
152.1925,64.11675,188.9275,64.57575,187.5175,176.70375,150.7825,176.25375
150.7325,67.417875,186.6575,68.568375,183.1175,178.996875,147.1925,177.841875
143.3625,74.181875,180.6675,73.724375,181.9875,181.518875,144.6825,181.983875
144.5025,74.047875,182.9025,76.368375,176.4075,183.838875,138.0075,181.513875
142.68,71.8435,182.295,73.2115,178.5,183.211,138.885,181.846
140.5575,71.067,178.4625,70.893,178.9725,182.67,141.0675,182.85
141.8075,72.0415,179.9375,72.5335,178.5425,180.5545,140.4125,180.0745
141.8075,73.436375,179.9975,73.899875,178.6625,183.743375,140.4725,183.293375
142.06875,74.0965,181.21875,74.6335,179.76375,181.225,140.59875,180.685
143.6725,72.759125,183.4225,73.969625,180.1375,181.792625,140.3875,180.577625
144.6125,73.46125,183.8825,75.96625,177.1175,181.97575,137.8475,179.47075
144.8275,72.782,179.5075,73.223,178.1425,180.4325,143.4625,179.9825
146.4,73.729,183.105,75.211,178.8,181.5145,142.095,180.0295
146.7975,71.854125,186.6525,74.069625,180.8325,178.901625,140.9775,176.681625
148.68125,68.638875,187.18625,71.607375,178.68125,182.004375,140.16125,179.034375
148.14875,66.706875,187.77875,69.699375,179.40875,180.385875,139.79375,177.400875
149.02625,65.5845,186.96125,68.7405,178.02125,176.0625,140.10125,172.9125
148.865,65.833,185.99,68.302,179.555,165.106,142.43,162.631
151.12375,63.38925,189.49375,67.13325,180.08875,163.57875,141.70375,159.82875
149.3675,67.162,185.3225,69.343,179.8625,159.223,143.9075,157.048
148.7475,68.317,184.6725,69.643,181.6425,151.672,145.7175,150.352
149.1,68.7135,181.65,69.5865,179.52,149.049,146.97,148.179
148.75625,67.446125,182.64125,68.242625,180.81125,145.990625,146.94125,145.195625
148.88625,68.96625,185.56125,71.53125,180.40125,145.21875,143.74125,142.65375
148.60625,67.384625,180.73625,68.379125,178.32125,146.172125,146.20625,145.167125
148.57625,66.711875,182.70125,67.559375,180.87125,140.880875,146.76125,140.040875
148.215,65.050375,189.42,67.925875,183.885,147.142375,142.68,144.262375
149.20875,63.032625,190.57875,65.986125,184.90875,145.193625,143.55375,142.238625
152.4725,58.598625,191.0675,64.450125,179.1575,142.949625,140.5625,137.084625
149.4,54.865125,187.935,57.473625,182.34,140.119125,143.805,137.509125
149.6775,52.369125,184.5525,54.764625,178.9125,136.766625,144.0375,134.366625
149.675,52.5795,183.2,54.7755,178.025,133.7715,144.5,131.5815
149.9875,54.405625,182.7625,55.493125,180.1225,135.254125,147.3475,134.174125
152.2475,52.281,190.0625,56.694,178.6625,154.3635,140.8475,149.9535
150.94625,53.665,191.17625,56.2,185.05625,153.547,144.81125,151.012
154.605,53.6465,191.28,56.7785,182.955,154.307,146.28,151.172
156.27375,52.891,189.78375,55.429,182.22375,155.0455,148.72875,152.5105
156.0925,49.306,194.3575,53.899,182.1775,155.3305,143.9125,150.7405
152.0825,46.438625,189.8525,48.585125,183.9875,151.824125,146.2175,149.679125
150.61,46.847875,192.085,51.463375,180.73,153.506875,139.255,148.886875
152.10375,48.5255,196.15875,57.5495,175.47375,158.462,131.43375,149.447
141.875,49.701375,194.0,56.524875,180.485,159.727875,128.36,152.902875
135.6,51.502625,186.84,52.806125,184.14,158.683625,132.9,157.378625
133.85125,48.08975,188.66125,48.66275,187.55125,156.36575,132.72625,155.79575
142.59875,45.599875,194.75375,53.506375,178.55375,160.415875,126.38375,152.510875
130.4325,50.352875,189.5325,50.528375,189.2175,156.837875,130.1175,156.657875
133.95375,51.649125,191.76375,56.294625,183.54375,158.569125,125.74875,153.934125
132.51,52.225375,190.29,55.790875,183.93,158.695375,126.15,155.125375
125.75,54.0,187.25,54.0,187.25,156.0,125.75,156.0
129.2175,51.542,185.2725,55.163,178.3725,162.047,122.3175,158.432
129.2825,52.905875,184.4225,58.160375,174.2675,164.739875,119.1275,159.474875
124.88625,58.773,183.32625,64.032,174.23625,165.246,115.78125,159.981
121.72375,60.18975,180.67375,61.19775,178.93375,162.60975,119.99875,161.60475
121.2975,58.80675,178.9125,60.24075,176.3325,163.99125,118.7175,162.55125
133.16625,59.916875,180.11625,67.529375,164.26125,165.257375,117.32625,157.637375
136.305,60.735125,177.135,67.573625,160.575,166.413125,119.745,159.573125
134.58,60.707875,165.885,61.798375,162.18,168.278875,130.875,167.183875
135.1675,58.006875,172.9975,60.624375,165.6625,166.585875,127.8325,163.975875
129.885,64.00575,169.53,62.73675,171.975,139.10775,132.33,140.36775
134.7975,56.790875,173.5425,60.200375,164.3925,164.201375,125.6475,160.796375
132.8425,57.914,171.1825,60.521,164.3275,161.2775,125.9875,158.6675
131.8675,56.480625,169.0975,58.288125,164.8825,145.148625,127.6525,143.333625
128.1475,52.04675,168.5425,51.84575,169.0825,159.60725,128.6875,159.80225
129.20125,52.914375,168.87625,53.131875,168.32125,156.360375,128.63125,156.150375
131.0125,52.7115,168.0325,54.1785,163.9375,157.35,126.9175,155.88
130.76625,52.367125,168.67125,53.526625,165.52125,156.434125,127.63125,155.279125
132.4875,50.4045,171.0675,53.5905,162.0825,162.3345,123.5025,159.1545
131.4625,51.16425,167.6725,52.53825,163.6075,159.48375,127.3975,158.10375
129.47375,49.416125,164.61875,48.307625,168.03875,156.412625,132.87875,157.522625
130.3675,47.958125,170.1925,48.430625,168.9025,157.053125,129.0775,156.573125
131.13125,48.52025,167.59625,48.03725,169.03625,157.09475,132.58625,157.58975
130.5675,44.044625,168.0825,43.884125,168.5625,155.794625,131.0475,155.959625
130.5625,43.739875,170.0275,44.056375,169.1275,156.265375,129.6625,155.935375
131.5375,44.5485,169.2625,45.2265,167.3125,153.882,129.5875,153.207
133.1075,44.36575,169.5725,46.33675,163.5425,157.73425,127.0775,155.76925
