0.225,2.77556e-17,0.28913,0.0,0.208494,-0.166023,0.0,0.0,1.0
0.175043,0.00913044,0.3,-0.0247876,0.203629,-0.142857,0.0,0.0,1.0
0.175239,0.00730435,0.29913,-0.0198069,0.204672,-0.124324,0.0,0.0,1.0
0.175435,0.00547826,0.298261,-0.0148263,0.205598,-0.105792,0.0,0.0,1.0
0.175663,0.00365217,0.29737,-0.00990347,0.206583,-0.0872587,0.0,0.0,1.0
0.175891,0.00182609,0.296522,-0.00492278,0.20751,-0.0687259,0.0,0.0,1.0
0.176087,2.77556e-17,0.295652,0.0,0.208494,-0.050193,0.0,0.0,1.0
0.175891,0.0033913,0.291043,-0.00912162,0.20806,-0.0403282,0.0,0.0,1.0
0.175696,0.00678261,0.286478,-0.0182432,0.207568,-0.0304633,0.0,0.0,1.0
0.175484,0.0101902,0.28188,-0.0273649,0.207191,-0.0205985,0.0,0.0,1.0
0.175288,0.0135815,0.277293,-0.0364865,0.206757,-0.0107336,0.0,0.0,1.0
0.175092,0.0169728,0.27662,-0.0456371,0.206293,-0.014749,0.0,0.0,1.0
0.174897,0.0203641,0.275946,-0.0547587,0.205859,-0.0187838,0.0,0.0,1.0
0.174685,0.0237717,0.275261,-0.0638513,0.205396,-0.0228378,0.0,0.0,1.0
0.174522,0.027163,0.274587,-0.0730019,0.20499,-0.0268533,0.0,0.0,1.0
0.174293,0.0305543,0.273913,-0.0821236,0.204556,-0.030888,0.0,0.0,1.0
0.173576,0.0315326,0.269087,-0.0854826,0.202471,-0.03861,0.0,0.0,1.0
0.172859,0.0325435,0.264239,-0.0888417,0.200502,-0.046332,0.0,0.0,1.0
0.172125,0.033538,0.259424,-0.0921429,0.198475,-0.0540541,0.0,0.0,1.0
0.171391,0.0345326,0.254587,-0.0955019,0.19639,-0.0617761,0.0,0.0,1.0
0.170674,0.0355109,0.249761,-0.09889,0.194392,-0.0695174,0.0,0.0,1.0
0.169957,0.0365217,0.244913,-0.10222,0.192336,-0.0772201,0.0,0.0,1.0
0.169223,0.0375163,0.240098,-0.105521,0.190309,-0.0849421,0.0,0.0,1.0
0.168489,0.0385109,0.235261,-0.108938,0.188282,-0.0926641,0.0,0.0,1.0
0.167804,0.0395217,0.230435,-0.112239,0.186255,-0.100386,0.0,0.0,1.0
0.16231,0.0430598,0.22275,-0.124749,0.1789,-0.109305,0.0,0.0,1.0
0.156848,0.0465978,0.215065,-0.13723,0.171573,-0.118243,0.0,0.0,1.0
0.151402,0.0501196,0.207391,-0.149681,0.164218,-0.127162,0.0,0.0,1.0
0.145924,0.0536739,0.199717,-0.162133,0.156863,-0.136081,0.0,0.0,1.0
0.140446,0.0571957,0.192022,-0.174614,0.149537,-0.144981,0.0,0.0,1.0
0.134967,0.06075,0.184348,-0.187066,0.142181,-0.153938,0.0,0.0,1.0
0.129522,0.0642717,0.176674,-0.199575,0.134826,-0.162857,0.0,0.0,1.0
0.124043,0.0678261,0.169,-0.212056,0.1275,-0.171757,0.0,0.0,1.0
0.118582,0.0713641,0.161315,-0.224479,0.120116,-0.180695,0.0,0.0,1.0
0.11312,0.0749022,0.13913,-0.236988,0.112819,-0.146718,0.0,0.0,1.0
0.13637,0.0766957,0.136957,-0.248282,0.132915,-0.167954,0.0,0.0,1.0
0.107576,0.0702717,0.134783,-0.232992,0.102336,-0.173745,0.0,0.0,1.0
0.105652,0.0719348,0.130304,-0.242983,0.0992954,-0.166236,0.0,0.0,1.0
0.103728,0.0735652,0.125848,-0.253031,0.0962548,-0.158726,0.0,0.0,1.0
0.101821,0.0752446,0.12138,-0.263108,0.0932432,-0.151236,0.0,0.0,1.0
0.099913,0.0768913,0.116913,-0.273127,0.0902317,-0.143707,0.0,0.0,1.0
0.0980217,0.0785217,0.118304,-0.283176,0.0871911,-0.132722,0.0,0.0,1.0
0.0961141,0.0802011,0.119707,-0.293224,0.0842085,-0.121737,0.0,0.0,1.0
0.0942065,0.0818478,0.121109,-0.303243,0.081139,-0.110772,0.0,0.0,1.0
0.0922989,0.0834946,0.122511,-0.313292,0.0780985,-0.0997876,0.0,0.0,1.0
0.0903913,0.0851739,0.123913,-0.32334,0.0751158,-0.0888031,0.0,0.0,1.0
0.0850109,0.0840652,0.125848,-0.325425,0.0700193,-0.0879537,0.0,0.0,1.0
0.0796304,0.0829565,0.127783,-0.32751,0.0648649,-0.0870656,0.0,0.0,1.0
0.07425,0.0818478,0.129717,-0.329595,0.0597683,-0.0862162,0.0,0.0,1.0
0.0688533,0.0807554,0.131641,-0.33168,0.0546718,-0.0853668,0.0,0.0,1.0
0.0634891,0.079663,0.133565,-0.333822,0.0495174,-0.0845174,0.0,0.0,1.0
0.0581087,0.0785543,0.1355,-0.335907,0.0444208,-0.083668,0.0,0.0,1.0
0.0527283,0.0774456,0.137435,-0.337992,0.0393243,-0.0828185,0.0,0.0,1.0
0.0473478,0.076337,0.13937,-0.340077,0.0342278,-0.0819691,0.0,0.0,1.0
0.0419348,0.0752609,0.141304,-0.342191,0.0291023,-0.0811004,0.0,0.0,1.0
0.0406467,0.0746902,0.145728,-0.335444,0.02861,-0.0949807,0.0,0.0,1.0
0.0393261,0.0741196,0.150152,-0.328668,0.0280888,-0.10888,0.0,0.0,1.0
0.0380217,0.0735652,0.154565,-0.321892,0.0275676,-0.12278,0.0,0.0,1.0
0.0393261,0.0741848,0.154848,-0.320444,0.0289575,-0.114633,0.0,0.0,1.0
0.0406141,0.0748207,0.15512,-0.318996,0.0302896,-0.106448,0.0,0.0,1.0
0.0419022,0.0754565,0.155413,-0.317548,0.0316795,-0.0983012,0.0,0.0,1.0
0.0431902,0.0760924,0.155685,-0.316071,0.0330405,-0.0901351,0.0,0.0,1.0
0.0444946,0.076712,0.155967,-0.314595,0.0344595,-0.0819691,0.0,0.0,1.0
0.0457826,0.0773804,0.156239,-0.313147,0.0357915,-0.0737838,0.0,0.0,1.0
0.047087,0.078,0.156522,-0.31167,0.0371525,-0.0656178,0.0,0.0,1.0
0.0473804,0.0760435,0.157065,-0.307268,0.0369208,-0.0632239,0.0,0.0,1.0
0.0477065,0.0740543,0.157609,-0.302896,0.0366602,-0.0608108,0.0,0.0,1.0
0.0480326,0.0721304,0.158152,-0.298552,0.0364286,-0.0583784,0.0,0.0,1.0
0.0483587,0.0701413,0.158696,-0.294151,0.0361969,-0.0559846,0.0,0.0,1.0
0.0486522,0.0681848,0.159239,-0.289807,0.0359653,-0.0535521,0.0,0.0,1.0
0.0490109,0.0662283,0.159783,-0.285405,0.0357336,-0.0511583,0.0,0.0,1.0
0.0493043,0.0642717,0.160326,-0.281033,0.035473,-0.0487452,0.0,0.0,1.0
0.0495978,0.0623152,0.16087,-0.27666,0.0352703,-0.046332,0.0,0.0,1.0
0.0494348,0.0615326,0.161587,-0.275212,0.0348649,-0.0479537,0.0,0.0,1.0
0.0492391,0.0607826,0.162304,-0.273793,0.0344884,-0.049556,0.0,0.0,1.0
0.0490435,0.06,0.163043,-0.272375,0.0340541,-0.0511583,0.0,0.0,1.0
0.0488478,0.05925,0.163761,-0.270956,0.0336776,-0.0527606,0.0,0.0,1.0
0.0486848,0.0585,0.1645,-0.269479,0.0333012,-0.0543629,0.0,0.0,1.0
0.0484891,0.05775,0.165217,-0.268089,0.0329537,-0.0559846,0.0,0.0,1.0
0.0483098,0.0569511,0.165946,-0.26667,0.0325193,-0.0575869,0.0,0.0,1.0
0.0481141,0.0562011,0.166663,-0.265251,0.0321429,-0.0591892,0.0,0.0,1.0
0.0479348,0.0554348,0.167391,-0.263803,0.0317375,-0.0608108,0.0,0.0,1.0
0.0477228,0.0546685,0.16812,-0.262384,0.031361,-0.0624131,0.0,0.0,1.0
0.0475435,0.0539022,0.168848,-0.260936,0.0309556,-0.0640348,0.0,0.0,1.0
0.0473478,0.0531522,0.169565,-0.259459,0.0305791,-0.0656371,0.0,0.0,1.0
0.0484565,0.0532174,0.169696,-0.262413,0.0309846,-0.0656371,0.0,0.0,1.0
0.0495652,0.0532826,0.169826,-0.265309,0.031332,-0.0656371,0.0,0.0,1.0
0.0506739,0.0533152,0.169978,-0.268205,0.0316795,-0.0656371,0.0,0.0,1.0
0.0517826,0.0533804,0.170109,-0.2711,0.032027,-0.0656371,0.0,0.0,1.0
0.0528913,0.0534783,0.170261,-0.273996,0.0323745,-0.0656371,0.0,0.0,1.0
0.054,0.0535435,0.170391,-0.27695,0.0327799,-0.0656371,0.0,0.0,1.0
0.0551087,0.0536087,0.170522,-0.279846,0.0331274,-0.0656371,0.0,0.0,1.0
0.0562174,0.0536739,0.170652,-0.282741,0.0334749,-0.0656371,0.0,0.0,1.0
0.0573261,0.0537391,0.170783,-0.285637,0.0338224,-0.0656371,0.0,0.0,1.0
0.0584185,0.0538207,0.170924,-0.288533,0.0341699,-0.0656371,0.0,0.0,1.0
0.0595272,0.0538859,0.171054,-0.291371,0.0345753,-0.0656371,0.0,0.0,1.0
0.0606522,0.0539674,0.171196,-0.294324,0.0349807,-0.0656371,0.0,0.0,1.0
0.0617446,0.0540163,0.171337,-0.29722,0.0353282,-0.0656371,0.0,0.0,1.0
0.0628533,0.0540815,0.171467,-0.300116,0.0356757,-0.0656371,0.0,0.0,1.0
0.0639457,0.054163,0.171609,-0.303012,0.0360232,-0.0656371,0.0,0.0,1.0
0.0650543,0.0542283,0.171739,-0.305907,0.0363707,-0.0656371,0.0,0.0,1.0
0.0511467,0.0556141,0.174641,-0.301274,0.0273938,-0.0704633,0.0,0.0,1.0
0.0372228,0.0570163,0.177533,-0.296641,0.018417,-0.0752896,0.0,0.0,1.0
0.0233152,0.0584022,0.180435,-0.292008,0.00944015,-0.0801158,0.0,0.0,1.0
0.0093913,0.0598043,0.178696,-0.287375,0.00046332,-0.0849421,0.0,0.0,1.0
-0.00453261,0.0612065,0.176957,-0.282741,-0.00851351,-0.0897683,0.0,0.0,1.0
-0.0184402,0.0625924,0.175228,-0.278108,-0.0174903,-0.0945946,0.0,0.0,1.0
-0.0323641,0.063962,0.173467,-0.273446,-0.0264961,-0.0994015,0.0,0.0,1.0
-0.0463043,0.0653478,0.171739,-0.268842,-0.0355019,-0.104247,0.0,0.0,1.0
-0.0547011,0.0654293,0.168946,-0.257896,-0.0466216,-0.104247,0.0,0.0,1.0
-0.0630978,0.0654783,0.166152,-0.24695,-0.0577992,-0.104247,0.0,0.0,1.0
-0.0715109,0.0655761,0.163348,-0.236004,-0.0689768,-0.104247,0.0,0.0,1.0
-0.0798913,0.0656413,0.160543,-0.225058,-0.0801544,-0.104247,0.0,0.0,1.0
-0.0883043,0.0657065,0.157761,-0.214054,-0.0912741,-0.104247,0.0,0.0,1.0
-0.0967011,0.065788,0.154967,-0.203108,-0.102452,-0.104247,0.0,0.0,1.0
-0.105098,0.065837,0.152174,-0.192162,-0.113629,-0.104247,0.0,0.0,1.0
-0.107641,0.0676304,0.148109,-0.189585,-0.122519,-0.101834,0.0,0.0,1.0
-0.110152,0.0694239,0.144022,-0.18695,-0.131409,-0.0994209,0.0,0.0,1.0
-0.112696,0.0712174,0.139957,-0.18443,-0.140299,-0.0970077,0.0,0.0,1.0
-0.115239,0.0729783,0.13587,-0.181853,-0.149189,-0.0945946,0.0,0.0,1.0
-0.117766,0.074788,0.131793,-0.179247,-0.158108,-0.0921622,0.0,0.0,1.0
-0.120293,0.0765652,0.127717,-0.176641,-0.166969,-0.0897683,0.0,0.0,1.0
-0.122837,0.0783587,0.123652,-0.174093,-0.175888,-0.0873745,0.0,0.0,1.0
-0.12538,0.0801196,0.119565,-0.171544,-0.184749,-0.0849421,0.0,0.0,1.0
-0.128332,0.0773315,0.113663,-0.16749,-0.186197,-0.0827413,0.0,0.0,1.0
-0.131299,0.0745272,0.107772,-0.163494,-0.187587,-0.0805405,0.0,0.0,1.0
-0.134283,0.0717391,0.10187,-0.15944,-0.188977,-0.0783012,0.0,0.0,1.0
-0.137217,0.0689348,0.0959565,-0.155415,-0.190396,-0.0761197,0.0,0.0,1.0
-0.140185,0.0661304,0.0900652,-0.15139,-0.191815,-0.0738996,0.0,0.0,1.0
-0.143168,0.0633424,0.084163,-0.147365,-0.193234,-0.0717181,0.0,0.0,1.0
-0.14612,0.0605543,0.0782609,-0.14334,-0.194653,-0.0694981,0.0,0.0,1.0
-0.146609,0.0602609,0.0677826,-0.143514,-0.194189,-0.0678378,0.0,0.0,1.0
-0.147082,0.0600163,0.0572935,-0.143716,-0.193755,-0.0661583,0.0,0.0,1.0
-0.147554,0.0597717,0.0468261,-0.143861,-0.19332,-0.0644788,0.0,0.0,1.0
-0.148043,0.0595109,0.0363261,-0.144035,-0.192857,-0.0628185,0.0,0.0,1.0
-0.1485,0.05925,0.0258478,-0.144237,-0.192365,-0.061139,0.0,0.0,1.0
-0.149185,0.058337,0.0201739,-0.142645,-0.192162,-0.0573359,0.0,0.0,1.0
-0.149853,0.0574076,0.0145109,-0.141081,-0.191931,-0.0535135,0.0,0.0,1.0
-0.150538,0.056462,0.00883696,-0.139517,-0.191699,-0.0496911,0.0,0.0,1.0
-0.151207,0.0555326,0.00317391,-0.137954,-0.191525,-0.0459073,0.0,0.0,1.0
-0.151891,0.054587,-0.00247826,-0.13639,-0.191293,-0.0420849,0.0,0.0,1.0
-0.152543,0.0536413,-0.00815217,-0.134768,-0.19112,-0.0382625,0.0,0.0,1.0
-0.153228,0.0527283,-0.0138261,-0.133205,-0.190888,-0.0344402,0.0,0.0,1.0
-0.153897,0.0517663,-0.0194891,-0.131641,-0.190656,-0.0306178,0.0,0.0,1.0
-0.154565,0.050837,-0.0251522,-0.130077,-0.190483,-0.026834,0.0,0.0,1.0
-0.154598,0.0521413,-0.0308261,-0.134189,-0.18944,-0.0230116,0.0,0.0,1.0
-0.15463,0.053413,-0.0364783,-0.138301,-0.188456,-0.0192278,0.0,0.0,1.0
-0.154679,0.0547011,-0.042163,-0.142384,-0.187442,-0.0153861,0.0,0.0,1.0
-0.154696,0.0559565,-0.0478261,-0.146467,-0.186429,-0.011583,0.0,0.0,1.0
-0.153978,0.0567065,-0.0529783,-0.15388,-0.180811,-0.00451737,0.0,0.0,1.0
-0.153228,0.0574565,-0.0581522,-0.161236,-0.175135,0.00254826,0.0,0.0,1.0
-0.152478,0.0581739,-0.0633043,-0.168649,-0.169459,0.00965251,0.0,0.0,1.0
-0.151728,0.0589239,-0.0684783,-0.175975,-0.163813,0.0167375,0.0,0.0,1.0
-0.150978,0.0596413,-0.0736304,-0.183359,-0.158166,0.0238224,0.0,0.0,1.0
-0.150228,0.0603913,-0.0788044,-0.190743,-0.152519,0.0308687,0.0,0.0,1.0
-0.149495,0.0610924,-0.0839674,-0.198127,-0.146815,0.0328185,0.0,0.0,1.0
-0.148761,0.0618261,-0.0891304,-0.205483,-0.141197,0.034749,0.0,0.0,1.0
-0.147196,0.0611739,-0.0931739,-0.204382,-0.138996,0.036332,0.0,0.0,1.0
-0.14563,0.0604891,-0.0972391,-0.203282,-0.136795,0.0379151,0.0,0.0,1.0
-0.144065,0.059837,-0.101283,-0.202153,-0.134566,0.0394788,0.0,0.0,1.0
-0.1425,0.0591522,-0.105348,-0.201052,-0.132365,0.0410618,0.0,0.0,1.0
-0.140935,0.0584674,-0.107674,-0.199923,-0.130135,0.0335521,0.0,0.0,1.0
-0.139402,0.0577826,-0.110022,-0.198822,-0.127934,0.0260232,0.0,0.0,1.0
-0.137837,0.0571304,-0.11237,-0.197751,-0.125705,0.0185135,0.0,0.0,1.0
-0.136272,0.0564457,-0.114696,-0.196651,-0.123504,0.0109846,0.0,0.0,1.0
-0.134707,0.0557935,-0.117043,-0.195521,-0.121274,0.0034749,0.0,0.0,1.0
-0.133141,0.0550761,-0.119391,-0.194421,-0.119073,-0.00405405,0.0,0.0,1.0
-0.131576,0.0544239,-0.121739,-0.19332,-0.116873,-0.011583,0.0,0.0,1.0
-0.13319,0.0547011,-0.127467,-0.196216,-0.117162,-0.0196525,0.0,0.0,1.0
-0.134804,0.0550109,-0.133196,-0.199083,-0.117539,-0.0277413,0.0,0.0,1.0
-0.136435,0.0552717,-0.138935,-0.201979,-0.117886,-0.0358108,0.0,0.0,1.0
-0.138033,0.0555652,-0.144674,-0.204846,-0.118205,-0.043861,0.0,0.0,1.0
-0.139663,0.0558587,-0.150391,-0.207712,-0.118523,-0.0519498,0.0,0.0,1.0
-0.141261,0.0561522,-0.15613,-0.210608,-0.118871,-0.0600193,0.0,0.0,1.0
-0.142859,0.0564457,-0.16187,-0.213475,-0.119189,-0.0681081,0.0,0.0,1.0
-0.144473,0.0567228,-0.167598,-0.216342,-0.119508,-0.0761583,0.0,0.0,1.0
-0.146087,0.0570326,-0.173326,-0.219266,-0.119884,-0.0842471,0.0,0.0,1.0
-0.147685,0.0572935,-0.179043,-0.222104,-0.120232,-0.0923166,0.0,0.0,1.0
-0.149315,0.0575543,-0.184783,-0.225,-0.120521,-0.100386,0.0,0.0,1.0
-0.135946,0.0584022,-0.188913,-0.233079,-0.109373,-0.104923,0.0,0.0,1.0
-0.122543,0.0592174,-0.193043,-0.241187,-0.0982529,-0.10944,0.0,0.0,1.0
-0.109174,0.06,-0.197174,-0.249324,-0.0871042,-0.113938,0.0,0.0,1.0
-0.0958043,0.0608478,-0.201304,-0.257403,-0.0759556,-0.118475,0.0,0.0,1.0
-0.0824348,0.0616304,-0.205435,-0.265512,-0.0648359,-0.122992,0.0,0.0,1.0
-0.0690326,0.0624457,-0.209565,-0.273591,-0.0536873,-0.127529,0.0,0.0,1.0
-0.055663,0.0632283,-0.213696,-0.281699,-0.0425097,-0.132046,0.0,0.0,1.0
-0.0538696,0.0622174,-0.217826,-0.282191,-0.0395849,-0.129208,0.0,0.0,1.0
-0.0520109,0.0612065,-0.221957,-0.282683,-0.0366023,-0.126371,0.0,0.0,1.0
-0.0501848,0.060163,-0.226087,-0.283147,-0.0336486,-0.123552,0.0,0.0,1.0
-0.0450815,0.0606359,-0.22888,-0.279961,-0.0304054,-0.126293,0.0,0.0,1.0
-0.0399457,0.0611087,-0.231674,-0.276834,-0.0271622,-0.129073,0.0,0.0,1.0
-0.0348261,0.0615652,-0.234478,-0.27362,-0.0239479,-0.131834,0.0,0.0,1.0
-0.0296739,0.0620217,-0.237261,-0.270405,-0.0206757,-0.134595,0.0,0.0,1.0
-0.0245543,0.0624783,-0.240065,-0.26722,-0.0174324,-0.137336,0.0,0.0,1.0
-0.0194185,0.0629511,-0.242859,-0.264035,-0.0141892,-0.140077,0.0,0.0,1.0
-0.0143152,0.0634239,-0.245652,-0.260849,-0.0110039,-0.142857,0.0,0.0,1.0
0.0,0.0652174,-0.252174,-0.23166,0.0,-0.181467,0.0,0.0,1.0
0.00569022,0.0639293,-0.253533,-0.233542,0.00396718,-0.177124,0.0,0.0,1.0
0.0113804,0.0626739,-0.254891,-0.235425,0.00799228,-0.17278,0.0,0.0,1.0
0.0170707,0.0613533,-0.25625,-0.237336,0.0119884,-0.168456,0.0,0.0,1.0
0.0227609,0.0600652,-0.257609,-0.239189,0.0159846,-0.164093,0.0,0.0,1.0
0.0284348,0.0587935,-0.258978,-0.2411,0.0199807,-0.159768,0.0,0.0,1.0
0.0341087,0.0574891,-0.260326,-0.243012,0.0239189,-0.155405,0.0,0.0,1.0
0.0398152,0.0562174,-0.261674,-0.244894,0.027944,-0.151062,0.0,0.0,1.0
0.0454891,0.0549457,-0.263043,-0.246776,0.0319112,-0.146718,0.0,0.0,1.0
0.0465978,0.0544239,-0.263043,-0.24417,0.0327799,-0.146409,0.0,0.0,1.0
0.0477065,0.0539674,-0.263043,-0.241506,0.0336486,-0.146062,0.0,0.0,1.0
0.0487826,0.0534783,-0.263043,-0.2389,0.0345174,-0.145753,0.0,0.0,1.0
0.0498913,0.0529565,-0.263043,-0.236264,0.0353571,-0.145425,0.0,0.0,1.0
0.051,0.0525,-0.263043,-0.233658,0.0362259,-0.145116,0.0,0.0,1.0
0.0520761,0.0520109,-0.263043,-0.230965,0.0370656,-0.144788,0.0,0.0,1.0
0.0531848,0.0514891,-0.263043,-0.228388,0.0379054,-0.144459,0.0,0.0,1.0
0.0542935,0.0510326,-0.263043,-0.225753,0.0387452,-0.144131,0.0,0.0,1.0
0.0553696,0.0505435,-0.263043,-0.223147,0.0396139,-0.143822,0.0,0.0,1.0
0.0564783,0.0500217,-0.263043,-0.220512,0.0404537,-0.143494,0.0,0.0,1.0
0.057587,0.0495652,-0.263043,-0.217876,0.0413514,-0.143166,0.0,0.0,1.0
0.0586957,0.0490435,-0.263043,-0.21527,0.0422201,-0.142857,0.0,0.0,1.0
0.0590707,0.049712,-0.263446,-0.216718,0.0427413,-0.143243,0.0,0.0,1.0
0.0594783,0.0503478,-0.26387,-0.218224,0.0432625,-0.143591,0.0,0.0,1.0
0.0598533,0.0510163,-0.264293,-0.21973,0.0438417,-0.143977,0.0,0.0,1.0
0.0602446,0.0516685,-0.264707,-0.221207,0.0443919,-0.144344,0.0,0.0,1.0
0.0606522,0.052337,-0.265109,-0.222712,0.044971,-0.144691,0.0,0.0,1.0
0.0610272,0.0529728,-0.265533,-0.224189,0.0455212,-0.145058,0.0,0.0,1.0
0.0614348,0.0536413,-0.265935,-0.225695,0.0460425,-0.145405,0.0,0.0,1.0
0.0618261,0.0542935,-0.26637,-0.227172,0.0465927,-0.145811,0.0,0.0,1.0
0.0622174,0.0549457,-0.266761,-0.228649,0.0471429,-0.146178,0.0,0.0,1.0
0.0626087,0.0555978,-0.267196,-0.230154,0.0476641,-0.146525,0.0,0.0,1.0
0.063,0.05625,-0.267587,-0.23166,0.0482432,-0.146911,0.0,0.0,1.0
0.063375,0.0569185,-0.268011,-0.233137,0.0487934,-0.147278,0.0,0.0,1.0
0.0637663,0.0575707,-0.268424,-0.234643,0.0493726,-0.147625,0.0,0.0,1.0
0.0641576,0.0582228,-0.268837,-0.23612,0.0499228,-0.147992,0.0,0.0,1.0
0.0645489,0.058875,-0.26925,-0.237568,0.050444,-0.148378,0.0,0.0,1.0
0.0649402,0.0595272,-0.269663,-0.239102,0.0509942,-0.148745,0.0,0.0,1.0
0.0653478,0.0601957,-0.270087,-0.240579,0.0515444,-0.149112,0.0,0.0,1.0
0.0657228,0.0608315,-0.270489,-0.242056,0.0520946,-0.149479,0.0,0.0,1.0
0.0661304,0.0615,-0.270913,-0.243591,0.0526448,-0.149846,0.0,0.0,1.0
0.0665054,0.0621359,-0.271315,-0.245039,0.0532239,-0.150193,0.0,0.0,1.0
0.066913,0.0628043,-0.271739,-0.246544,0.0538031,-0.150579,0.0,0.0,1.0
0.0718696,0.0617609,-0.271739,-0.243504,0.0573069,-0.153958,0.0,0.0,1.0
0.0768587,0.0606848,-0.271739,-0.240463,0.0608687,-0.157336,0.0,0.0,1.0
0.0817826,0.0596087,-0.271739,-0.237423,0.0644305,-0.160714,0.0,0.0,1.0
0.0867717,0.0585326,-0.271739,-0.234324,0.0679923,-0.164093,0.0,0.0,1.0
0.0917283,0.0574891,-0.271739,-0.231313,0.0715251,-0.167452,0.0,0.0,1.0
0.0967174,0.056413,-0.271739,-0.228301,0.0751158,-0.170849,0.0,0.0,1.0
0.101674,0.0553696,-0.271739,-0.225232,0.0786486,-0.174247,0.0,0.0,1.0
0.106663,0.0542935,-0.271739,-0.22222,0.0821815,-0.177606,0.0,0.0,1.0
0.111554,0.0533478,-0.270543,-0.215647,0.087944,-0.180598,0.0,0.0,1.0
0.116446,0.0524348,-0.269326,-0.209073,0.0937066,-0.183629,0.0,0.0,1.0
0.121353,0.0515054,-0.26812,-0.2025,0.0994112,-0.186622,0.0,0.0,1.0
0.126228,0.0505761,-0.266913,-0.195927,0.105174,-0.189614,0.0,0.0,1.0
0.131136,0.0496467,-0.265707,-0.189382,0.110907,-0.192625,0.0,0.0,1.0
0.136027,0.0487011,-0.264489,-0.182809,0.116612,-0.195618,0.0,0.0,1.0
0.140935,0.0477717,-0.263283,-0.176236,0.122375,-0.19861,0.0,0.0,1.0
0.14581,0.0468424,-0.262076,-0.169691,0.128108,-0.201622,0.0,0.0,1.0
0.150717,0.045913,-0.26087,-0.163147,0.133842,-0.204633,0.0,0.0,1.0
0.155071,0.0434185,-0.259511,-0.155502,0.135695,-0.2061,0.0,0.0,1.0
0.159391,0.0409239,-0.258152,-0.147857,0.13749,-0.207529,0.0,0.0,1.0
0.163761,0.0384457,-0.256804,-0.14027,0.139402,-0.208996,0.0,0.0,1.0
0.16813,0.0359348,-0.255435,-0.132625,0.141197,-0.210425,0.0,0.0,1.0
0.172451,0.0334402,-0.254076,-0.125039,0.14305,-0.211853,0.0,0.0,1.0
0.176804,0.0309457,-0.252717,-0.117394,0.144903,-0.21332,0.0,0.0,1.0
0.181158,0.0284511,-0.251359,-0.109807,0.146757,-0.214749,0.0,0.0,1.0
0.185478,0.0259565,-0.25,-0.10222,0.148552,-0.216216,0.0,0.0,1.0
0.185185,0.0277826,-0.251457,-0.109228,0.148436,-0.216873,0.0,0.0,1.0
0.184908,0.0295924,-0.252902,-0.116322,0.148291,-0.21751,0.0,0.0,1.0
0.184598,0.0314022,-0.254348,-0.123359,0.148147,-0.218147,0.0,0.0,1.0
0.184288,0.0332446,-0.255793,-0.130425,0.147973,-0.218803,0.0,0.0,1.0
0.183978,0.0350543,-0.257239,-0.13749,0.147857,-0.219421,0.0,0.0,1.0
0.183685,0.0368804,-0.258696,-0.144556,0.147683,-0.220077,0.0,0.0,1.0
0.183375,0.0387228,-0.260141,-0.151593,0.147539,-0.220714,0.0,0.0,1.0
0.183065,0.0405326,-0.261587,-0.158658,0.147365,-0.221371,0.0,0.0,1.0
0.182772,0.0423587,-0.263043,-0.165695,0.147278,-0.222008,0.0,0.0,1.0
0.182462,0.0441685,-0.264489,-0.172761,0.147104,-0.222664,0.0,0.0,1.0
0.182152,0.0460109,-0.265935,-0.179797,0.146959,-0.223301,0.0,0.0,1.0
0.181859,0.047837,-0.267391,-0.186892,0.146815,-0.223938,0.0,0.0,1.0
0.183408,0.0460272,-0.265946,-0.179681,0.148234,-0.222645,0.0,0.0,1.0
0.184989,0.0442174,-0.2645,-0.172471,0.14971,-0.221351,0.0,0.0,1.0
0.186554,0.0424239,-0.263043,-0.16529,0.151158,-0.220077,0.0,0.0,1.0
0.188152,0.0405978,-0.261587,-0.158021,0.152577,-0.218784,0.0,0.0,1.0
0.189734,0.0388207,-0.260141,-0.15084,0.154025,-0.21751,0.0,0.0,1.0
0.191315,0.0370109,-0.258696,-0.143571,0.155502,-0.216216,0.0,0.0,1.0
0.19037,0.0377283,-0.258457,-0.145396,0.155531,-0.216274,0.0,0.0,1.0
0.189457,0.038413,-0.258217,-0.147162,0.15556,-0.216332,0.0,0.0,1.0
0.188543,0.0391304,-0.258,-0.1489,0.155618,-0.216371,0.0,0.0,1.0
0.187598,0.0398478,-0.257761,-0.150695,0.155676,-0.216448,0.0,0.0,1.0
0.186685,0.0405326,-0.257522,-0.152432,0.155676,-0.216525,0.0,0.0,1.0
0.185755,0.0412663,-0.257293,-0.154228,0.155734,-0.216602,0.0,0.0,1.0
0.184842,0.0419837,-0.257054,-0.155965,0.155792,-0.216641,0.0,0.0,1.0
0.183929,0.0427011,-0.256815,-0.157761,0.155792,-0.21668,0.0,0.0,1.0
0.183,0.0434022,-0.256587,-0.159556,0.155849,-0.216757,0.0,0.0,1.0
0.182071,0.0441033,-0.256359,-0.161293,0.155907,-0.216795,0.0,0.0,1.0
0.171,0.0471848,-0.254239,-0.171776,0.14722,-0.210193,0.0,0.0,1.0
0.159929,0.0502663,-0.25212,-0.182317,0.138533,-0.203552,0.0,0.0,1.0
0.148891,0.0533478,-0.25,-0.192857,0.129846,-0.196911,0.0,0.0,1.0
0.149772,0.0576848,-0.248913,-0.198591,0.136737,-0.19305,0.0,0.0,1.0
0.150587,0.0620217,-0.247826,-0.204382,0.143687,-0.189189,0.0,0.0,1.0
0.151467,0.0663587,-0.246739,-0.210116,0.150579,-0.185328,0.0,0.0,1.0
0.15238,0.0707283,-0.245652,-0.215849,0.157471,-0.181467,0.0,0.0,1.0
0.151565,0.0700761,-0.245935,-0.214344,0.156313,-0.181467,0.0,0.0,1.0
0.150799,0.0694402,-0.246228,-0.212838,0.155154,-0.181467,0.0,0.0,1.0
0.15,0.0688043,-0.246522,-0.21139,0.153938,-0.181467,0.0,0.0,1.0
0.149234,0.0681685,-0.246815,-0.209942,0.152838,-0.181467,0.0,0.0,1.0
0.148435,0.0675326,-0.247109,-0.208436,0.15168,-0.181467,0.0,0.0,1.0
0.147685,0.0668804,-0.247391,-0.206931,0.150521,-0.181467,0.0,0.0,1.0
0.146902,0.0662609,-0.247674,-0.205425,0.149363,-0.181467,0.0,0.0,1.0
0.146103,0.065625,-0.247967,-0.203977,0.148263,-0.181467,0.0,0.0,1.0
0.145337,0.0649891,-0.248261,-0.202471,0.147104,-0.181467,0.0,0.0,1.0
0.144538,0.0643533,-0.248554,-0.200965,0.145946,-0.181467,0.0,0.0,1.0
0.143772,0.0637174,-0.248848,-0.199459,0.144788,-0.181467,0.0,0.0,1.0
0.142973,0.0630815,-0.249141,-0.198012,0.143687,-0.181467,0.0,0.0,1.0
0.14219,0.0624293,-0.249424,-0.196506,0.142529,-0.181467,0.0,0.0,1.0
0.141408,0.0618098,-0.249707,-0.195,0.141371,-0.181467,0.0,0.0,1.0
0.140609,0.0611739,-0.25,-0.193494,0.140212,-0.181467,0.0,0.0,1.0
0.148761,0.0542935,-0.246804,-0.172587,0.144846,-0.177799,0.0,0.0,1.0
0.15688,0.047413,-0.243587,-0.151708,0.14945,-0.174112,0.0,0.0,1.0
0.165033,0.0405652,-0.24037,-0.130801,0.154083,-0.170444,0.0,0.0,1.0
0.173152,0.0336848,-0.237152,-0.109865,0.158687,-0.166757,0.0,0.0,1.0
0.181304,0.0268043,-0.233957,-0.0889575,0.16332,-0.163089,0.0,0.0,1.0
0.189424,0.0199239,-0.230739,-0.0680792,0.167925,-0.159402,0.0,0.0,1.0
0.197543,0.0130435,-0.232609,-0.0472008,0.172529,-0.173745,0.0,0.0,1.0
0.198783,0.0121304,-0.226087,-0.0441313,0.171139,-0.170695,0.0,0.0,1.0
0.199989,0.0111848,-0.219565,-0.0411197,0.169749,-0.167683,0.0,0.0,1.0
0.201228,0.0102717,-0.213043,-0.0381081,0.168301,-0.164633,0.0,0.0,1.0
0.202435,0.00932609,-0.206522,-0.0350965,0.166911,-0.161622,0.0,0.0,1.0
0.203658,0.00839674,-0.205076,-0.0320849,0.165521,-0.163089,0.0,0.0,1.0
0.20488,0.00746739,-0.203609,-0.0290734,0.164131,-0.164556,0.0,0.0,1.0
0.206087,0.00652174,-0.202174,-0.0261197,0.162683,-0.166023,0.0,0.0,1.0
0.203918,0.00640761,-0.196902,-0.0253668,0.162857,-0.165483,0.0,0.0,1.0
0.201717,0.00632609,-0.191609,-0.0247008,0.163002,-0.164923,0.0,0.0,1.0
0.199516,0.00621196,-0.186337,-0.0239768,0.163147,-0.164363,0.0,0.0,1.0
0.197315,0.00609783,-0.181043,-0.0232819,0.163263,-0.163822,0.0,0.0,1.0
0.19513,0.006,-0.175783,-0.0226448,0.163436,-0.163282,0.0,0.0,1.0
0.192946,0.00586957,-0.1705,-0.0219208,0.163581,-0.162722,0.0,0.0,1.0
0.190728,0.00577174,-0.165217,-0.0212548,0.163726,-0.162162,0.0,0.0,1.0
0.195652,-1.38778e-17,-0.16087,0.0,0.179537,-0.162162,0.0,0.0,1.0
0.190728,6.52174e-05,-0.153457,-0.000222973,0.178393,-0.176535,0.0,0.0,1.0
0.183799,-0.020038,-0.153054,0.0631882,0.183953,-0.180434,0.0,0.0,1.0
0.177016,-0.0277337,-0.147511,0.0833774,0.185794,-0.184867,0.0,0.0,1.0
0.190859,-0.0161739,-0.142022,0.0522249,0.186298,-0.198948,0.0,0.0,1.0
0.157467,-0.0457174,-0.129196,0.129903,0.174788,-0.192703,0.0,0.0,1.0
0.166076,-0.0433043,-0.125152,0.133439,0.169984,-0.185523,0.0,0.0,1.0
0.170641,-0.0291196,-0.107826,0.0938224,0.1639,-0.184556,0.0,0.0,1.0
0.141391,-0.0617609,-0.106217,0.169876,0.162116,-0.181707,0.0,0.0,1.0
0.141783,-0.0638152,-0.103891,0.175708,0.162446,-0.182892,0.0,0.0,1.0
0.150114,-0.0426685,-0.0973152,0.128899,0.156756,-0.19794,0.0,0.0,1.0
0.140837,-0.0621196,-0.0943043,0.17153,0.160931,-0.178098,0.0,0.0,1.0
0.114522,-0.0761413,-0.0881957,0.210339,0.130764,-0.168643,0.0,0.0,1.0
0.114065,-0.0623804,-0.0761956,0.20892,0.107441,-0.171828,0.0,0.0,1.0
0.095625,-0.0709728,-0.0717283,0.223462,0.0958002,-0.169207,0.0,0.0,1.0
0.068837,-0.0752935,-0.0645652,0.260974,0.0626149,-0.152863,0.0,0.0,1.0
0.0730435,-0.0798261,-0.0608261,0.251389,0.0731612,-0.15211,0.0,0.0,1.0
0.0706467,-0.0786359,-0.0596196,0.258741,0.0677143,-0.150139,0.0,0.0,1.0
0.0640435,-0.0750326,-0.0520652,0.271222,0.0558938,-0.148035,0.0,0.0,1.0
0.0530543,-0.0778043,-0.0498043,0.268248,0.0485415,-0.150569,0.0,0.0,1.0
0.051,-0.0756522,-0.0425652,0.282391,0.0430975,-0.129959,0.0,0.0,1.0
0.0508043,-0.0668478,-0.0406522,0.27609,0.0388407,-0.139234,0.0,0.0,1.0
0.0214239,-0.064663,-0.0369565,0.284566,0.0196042,-0.126776,0.0,0.0,1.0
0.0331304,-0.0644348,-0.0346957,0.285463,0.0235772,-0.120232,0.0,0.0,1.0
0.024163,-0.0644022,-0.0297826,0.289448,0.0169575,-0.128293,0.0,0.0,1.0
0.0199239,-0.0582717,-0.0311304,0.300744,0.0121708,-0.110689,0.0,0.0,1.0
0.0175109,-0.0643696,-0.0270652,0.303327,0.0117133,-0.107624,0.0,0.0,1.0
-0.011413,-0.0614348,-0.0326087,0.304286,-0.0072973,-0.0694981,0.0,0.0,1.0
-0.0164185,-0.0621359,-0.0312935,0.30168,-0.0114093,-0.062471,0.0,0.0,1.0
-0.0214239,-0.0628696,-0.0299783,0.299073,-0.0155212,-0.055444,0.0,0.0,1.0
-0.026462,-0.0635707,-0.028663,0.296467,-0.0196911,-0.0484556,0.0,0.0,1.0
-0.0314674,-0.0643043,-0.0313261,0.293861,-0.0238031,-0.0414286,0.0,0.0,1.0
-0.0364728,-0.0650054,-0.0339891,0.291255,-0.027973,-0.0343629,0.0,0.0,1.0
-0.0414946,-0.0657554,-0.036663,0.288649,-0.0321429,-0.0273745,0.0,0.0,1.0
-0.0465326,-0.0664565,-0.0393261,0.286042,-0.0362548,-0.0203475,0.0,0.0,1.0
-0.0515217,-0.0671739,-0.042,0.283465,-0.0403958,-0.0133398,0.0,0.0,1.0
-0.0565435,-0.0678913,-0.0446522,0.28083,-0.0445367,-0.00633205,0.0,0.0,1.0
-0.0615489,-0.068625,-0.047337,0.278253,-0.0486776,0.000714286,0.0,0.0,1.0
-0.066587,-0.0693261,-0.05,0.275676,-0.0528185,0.00772201,0.0,0.0,1.0
-0.0732228,-0.0671902,-0.0523587,0.265598,-0.059305,0.011583,0.0,0.0,1.0
-0.0798913,-0.0650543,-0.0547174,0.255521,-0.0656757,0.015444,0.0,0.0,1.0
-0.0865435,-0.0629022,-0.0570652,0.245502,-0.0721042,0.019305,0.0,0.0,1.0
-0.093212,-0.0607989,-0.0594239,0.235425,-0.0785907,0.023166,0.0,0.0,1.0
-0.0998641,-0.0586467,-0.0617717,0.225405,-0.0850193,0.027027,0.0,0.0,1.0
-0.106533,-0.0565109,-0.0641304,0.215386,-0.0914479,0.030888,0.0,0.0,1.0
-0.113185,-0.0543587,-0.0664783,0.205367,-0.0978764,0.034749,0.0,0.0,1.0
-0.119821,-0.0522228,-0.068837,0.19529,-0.104363,0.03861,0.0,0.0,1.0
-0.126489,-0.050087,-0.0711957,0.185212,-0.110734,0.042471,0.0,0.0,1.0
-0.133141,-0.0479348,-0.0735435,0.175193,-0.117162,0.046332,0.0,0.0,1.0
-0.139793,-0.0458152,-0.075913,0.165174,-0.123591,0.050193,0.0,0.0,1.0
-0.146446,-0.043663,-0.0782609,0.155097,-0.130077,0.0540541,0.0,0.0,1.0
-0.151516,-0.0404837,-0.08075,0.143137,-0.136129,0.0578185,0.0,0.0,1.0
-0.156603,-0.0373207,-0.0832283,0.13112,-0.142239,0.0615444,0.0,0.0,1.0
-0.161674,-0.0341413,-0.0857174,0.11916,-0.148349,0.0653089,0.0,0.0,1.0
-0.166728,-0.0309783,-0.0881957,0.107172,-0.154431,0.0690541,0.0,0.0,1.0
-0.171799,-0.0277663,-0.0906848,0.0951834,-0.160512,0.0727992,0.0,0.0,1.0
-0.176853,-0.0246033,-0.093163,0.083166,-0.166622,0.0711583,0.0,0.0,1.0
-0.194217,-0.0407609,-0.0713478,0.15805,-0.15805,0.0634749,0.0,0.0,1.0
-0.182625,-0.0169402,-0.0970109,0.0560039,-0.172297,0.0671043,0.0,0.0,1.0
-0.183326,-0.0124891,-0.0983696,0.0408301,-0.171892,0.0646718,0.0,0.0,1.0
-0.184011,-0.00798913,-0.0997391,0.0255985,-0.171429,0.0622394,0.0,0.0,1.0
-0.184696,-0.00352174,-0.101087,0.0104247,-0.170965,0.0598456,0.0,0.0,1.0
-0.192033,-0.000391304,-0.0985,0.00133205,-0.183822,0.0517761,0.0,0.0,1.0
-0.192212,-0.00207065,-0.101293,0.00692085,-0.180782,0.0543822,0.0,0.0,1.0
-0.186766,0.00992935,-0.105163,-0.0351255,-0.16972,0.0526062,0.0,0.0,1.0
-0.188772,0.00423913,-0.0978043,-0.0132046,-0.191699,0.0516602,0.0,0.0,1.0
-0.187728,0.0174783,-0.110152,-0.0639672,-0.166651,0.0480502,0.0,0.0,1.0
-0.188054,0.0205435,-0.113761,-0.0776351,-0.163986,0.045888,0.0,0.0,1.0
-0.188348,0.0236087,-0.117391,-0.0912741,-0.161351,0.0437838,0.0,0.0,1.0
-0.188625,0.0266902,-0.121011,-0.104884,-0.158745,0.0416216,0.0,0.0,1.0
-0.188902,0.0297391,-0.12463,-0.118552,-0.156081,0.0394595,0.0,0.0,1.0
-0.189196,0.0328043,-0.128261,-0.132191,-0.153446,0.0373166,0.0,0.0,1.0
-0.189489,0.0358696,-0.131891,-0.14583,-0.150753,0.0351737,0.0,0.0,1.0
-0.189783,0.0389674,-0.1355,-0.159498,-0.148147,0.0330502,0.0,0.0,1.0
-0.190076,0.0420326,-0.13913,-0.173108,-0.145541,0.030888,0.0,0.0,1.0
-0.19337,0.0402065,-0.143848,-0.166506,-0.146873,0.0273745,0.0,0.0,1.0
-0.196679,0.0383967,-0.148554,-0.159903,-0.148205,0.0237838,0.0,0.0,1.0
-0.199957,0.036587,-0.153261,-0.153301,-0.149537,0.0202703,0.0,0.0,1.0
-0.20325,0.0347609,-0.157978,-0.14667,-0.150898,0.0167375,0.0,0.0,1.0
-0.20656,0.0329511,-0.162685,-0.140068,-0.15223,0.0131853,0.0,0.0,1.0
-0.206478,0.0326739,-0.167391,-0.139981,-0.1511,0.00965251,0.0,0.0,1.0
-0.206446,0.0323804,-0.172087,-0.139865,-0.149942,0.00610039,0.0,0.0,1.0
-0.20638,0.032087,-0.176804,-0.139778,-0.148813,0.00256757,0.0,0.0,1.0
-0.206315,0.0317935,-0.181522,-0.139691,-0.147625,-0.000965251,0.0,0.0,1.0
-0.206283,0.0315,-0.186217,-0.139575,-0.146525,-0.00447876,0.0,0.0,1.0
-0.206217,0.0312065,-0.190935,-0.139488,-0.145396,-0.00805019,0.0,0.0,1.0
-0.206152,0.030913,-0.195652,-0.139402,-0.144266,-0.011583,0.0,0.0,1.0
-0.205761,0.0323152,-0.196196,-0.140734,-0.148726,-0.015444,0.0,0.0,1.0
-0.205337,0.03375,-0.196739,-0.142008,-0.153243,-0.019305,0.0,0.0,1.0
-0.204913,0.0351196,-0.197283,-0.14334,-0.157703,-0.023166,0.0,0.0,1.0
-0.204489,0.0365543,-0.197826,-0.144672,-0.162162,-0.027027,0.0,0.0,1.0
-0.204098,0.0379565,-0.19837,-0.145946,-0.16668,-0.030888,0.0,0.0,1.0
-0.203674,0.0393913,-0.198913,-0.147278,-0.171139,-0.034749,0.0,0.0,1.0
-0.20325,0.0407609,-0.199457,-0.148552,-0.175656,-0.03861,0.0,0.0,1.0
-0.202826,0.0421957,-0.2,-0.149884,-0.180116,-0.042471,0.0,0.0,1.0
-0.202582,0.0410707,-0.200967,-0.145888,-0.179884,-0.0459073,0.0,0.0,1.0
-0.202353,0.039962,-0.201924,-0.141921,-0.179681,-0.0493243,0.0,0.0,1.0
-0.202109,0.038837,-0.202891,-0.137954,-0.179479,-0.0527799,0.0,0.0,1.0
-0.201864,0.037712,-0.203859,-0.133958,-0.179247,-0.0562162,0.0,0.0,1.0
-0.201636,0.0366033,-0.204837,-0.12999,-0.179044,-0.0596332,0.0,0.0,1.0
-0.201391,0.0354783,-0.205783,-0.125994,-0.178813,-0.0630695,0.0,0.0,1.0
-0.20113,0.034337,-0.206761,-0.121998,-0.178639,-0.0665058,0.0,0.0,1.0
-0.200902,0.0332283,-0.207739,-0.118031,-0.178436,-0.0699228,0.0,0.0,1.0
-0.200674,0.032087,-0.208696,-0.114035,-0.178205,-0.0733591,0.0,0.0,1.0
-0.195212,0.0256467,-0.213359,-0.0931274,-0.182201,-0.0772201,0.0,0.0,1.0
-0.18975,0.0191739,-0.218022,-0.0721042,-0.186197,-0.0810811,0.0,0.0,1.0
-0.18887,-0.000293478,-0.197413,0.000897683,-0.204875,-0.075888,0.0,0.0,1.0
-0.178859,0.00626087,-0.227326,-0.0302317,-0.194131,-0.0888031,0.0,0.0,1.0
-0.180424,-0.00883696,-0.218174,0.0271622,-0.185212,-0.0835135,0.0,0.0,1.0
-0.162897,-0.0348098,-0.23225,0.100656,-0.177683,-0.0787645,0.0,0.0,1.0
-0.156701,-0.0467772,-0.240859,0.132559,-0.174431,-0.0836622,0.0,0.0,1.0
-0.157272,-0.0303913,-0.240891,0.0817963,-0.184248,-0.0983533,0.0,0.0,1.0
-0.146935,-0.0409239,-0.250587,0.121271,-0.156484,-0.0839363,0.0,0.0,1.0
-0.138228,-0.0461413,-0.267391,0.166042,-0.135058,-0.0859073,0.0,0.0,1.0
-0.130109,-0.0571304,-0.276087,0.210463,-0.111429,-0.0810811,0.0,0.0,1.0
-0.120293,-0.0595435,-0.283152,0.215386,-0.103668,-0.0801158,0.0,0.0,1.0
-0.125902,-0.0638478,-0.278717,0.198119,-0.128042,-0.0648591,0.0,0.0,1.0
-0.121304,-0.0641739,-0.286522,0.213843,-0.114808,-0.06511,0.0,0.0,1.0
-0.118239,-0.0589239,-0.292326,0.201756,-0.108918,-0.0795618,0.0,0.0,1.0
-0.0808696,-0.069163,-0.311413,0.234846,-0.0727413,-0.0762548,0.0,0.0,1.0
-0.0710217,-0.0715435,-0.318478,0.23971,-0.0650386,-0.0752896,0.0,0.0,1.0
-0.0611739,-0.0739239,-0.325543,0.244633,-0.057278,-0.0743243,0.0,0.0,1.0
-0.0512935,-0.076337,-0.332609,0.249498,-0.0495753,-0.0733591,0.0,0.0,1.0
-0.0749348,-0.065413,-0.328522,0.261828,-0.0590676,-0.0676023,0.0,0.0,1.0
-0.0580598,-0.0508207,-0.347011,0.269351,-0.0345637,-0.0466332,0.0,0.0,1.0
-0.0909293,-0.0608967,-0.345076,0.269128,-0.0649199,-0.05189,0.0,0.0,1.0
-0.0679565,-0.0590217,-0.353522,0.249614,-0.0506757,-0.0406564,0.0,0.0,1.0
-0.0874239,-0.0601957,-0.356022,0.273336,-0.0607297,-0.0445405,0.0,0.0,1.0
-0.0608804,-0.066587,-0.361587,0.246747,-0.0512838,-0.0604826,0.0,0.0,1.0
-0.0624783,-0.0649891,-0.366413,0.246313,-0.0515444,-0.0583398,0.0,0.0,1.0
-0.0640761,-0.0633587,-0.371261,0.245849,-0.051834,-0.0562162,0.0,0.0,1.0
-0.0656739,-0.0617609,-0.376087,0.245386,-0.0520656,-0.0540541,0.0,0.0,1.0
-0.0250109,-0.0824022,-0.379391,0.262856,-0.0247384,-0.0816853,0.0,0.0,1.0
-0.0658533,-0.0610598,-0.384163,0.247587,-0.0512548,-0.0617761,0.0,0.0,1.0
-0.0574565,-0.0737283,-0.383109,0.261368,-0.0511361,-0.0853263,0.0,0.0,1.0
-0.112826,-0.0482609,-0.38513,0.208908,-0.0822481,-0.0610483,0.0,0.0,1.0
-0.118728,-0.0516522,-0.388804,0.219663,-0.0880801,-0.0613842,0.0,0.0,1.0
-0.112696,-0.0478043,-0.395522,0.18805,-0.0903475,-0.0610425,0.0,0.0,1.0
-0.0663261,-0.0593478,-0.404348,0.252915,-0.0490541,-0.0810811,0.0,0.0,1.0
-0.0688207,-0.0604076,-0.406293,0.254653,-0.0516023,-0.0810811,0.0,0.0,1.0
-0.095788,-0.0596576,-0.407185,0.241905,-0.0745309,-0.0797645,0.0,0.0,1.0
-0.0738587,-0.0625109,-0.410217,0.258069,-0.0567568,-0.0810811,0.0,0.0,1.0
-0.076337,-0.0635543,-0.412174,0.259691,-0.059305,-0.0810811,0.0,0.0,1.0
-0.0788478,-0.0646304,-0.41413,0.261429,-0.0618533,-0.0810811,0.0,0.0,1.0
-0.081375,-0.0656902,-0.416076,0.263108,-0.0644595,-0.0810811,0.0,0.0,1.0
-0.0839022,-0.06675,-0.418043,0.264846,-0.0670077,-0.0810811,0.0,0.0,1.0
-0.0863804,-0.0677935,-0.42,0.266583,-0.069556,-0.0810811,0.0,0.0,1.0
-0.0888913,-0.0688696,-0.421957,0.268205,-0.0721042,-0.0810811,0.0,0.0,1.0
-0.0914022,-0.0699457,-0.423913,0.269942,-0.0746525,-0.0810811,0.0,0.0,1.0
-0.10081,-0.0682337,-0.428533,0.258243,-0.0864093,-0.0757915,0.0,0.0,1.0
-0.110217,-0.0665543,-0.433152,0.246544,-0.0981081,-0.0704633,0.0,0.0,1.0
-0.119609,-0.0648913,-0.437783,0.234846,-0.109807,-0.0651351,0.0,0.0,1.0
-0.136326,-0.0648147,-0.438318,0.173638,-0.160491,-0.0486158,0.0,0.0,1.0
-0.138424,-0.0615326,-0.447,0.211477,-0.133234,-0.0545367,0.0,0.0,1.0
-0.155317,-0.0589908,-0.443653,0.159788,-0.180869,-0.0427799,0.0,0.0,1.0
-0.157223,-0.0581902,-0.45625,0.188108,-0.15666,-0.0438996,0.0,0.0,1.0
-0.16424,-0.0617185,-0.445776,0.167366,-0.191053,-0.0438166,0.0,0.0,1.0
-0.171099,-0.0618277,-0.458327,0.196155,-0.170152,-0.0498436,0.0,0.0,1.0
-0.175891,-0.0484239,-0.4705,0.151216,-0.181564,-0.0396911,0.0,0.0,1.0
-0.180522,-0.044413,-0.475304,0.138591,-0.188108,-0.0402703,0.0,0.0,1.0
-0.185152,-0.0403696,-0.48013,0.125965,-0.19471,-0.0408108,0.0,0.0,1.0
-0.213595,-0.0101332,-0.479375,0.0287259,-0.237104,-0.0433205,0.0,0.0,1.0
-0.194446,-0.0322826,-0.489761,0.100772,-0.207915,-0.0419305,0.0,0.0,1.0
-0.199076,-0.0282717,-0.494565,0.0882046,-0.214459,-0.042471,0.0,0.0,1.0
-0.203707,-0.0242283,-0.499391,0.0755792,-0.221062,-0.0430116,0.0,0.0,1.0
-0.208353,-0.0201685,-0.504185,0.0630116,-0.227664,-0.0435907,0.0,0.0,1.0
-0.212967,-0.0161413,-0.509,0.0503861,-0.234266,-0.0441313,0.0,0.0,1.0
-0.217614,-0.0121141,-0.513815,0.0377896,-0.24084,-0.0446911,0.0,0.0,1.0
-0.222245,-0.00807065,-0.518641,0.0251931,-0.247413,-0.0452124,0.0,0.0,1.0
-0.220265,-0.0431413,-0.509952,0.124688,-0.240403,-0.0399208,0.0,0.0,1.0
-0.225362,-0.0397565,-0.514263,0.113499,-0.24902,-0.0381371,0.0,0.0,1.0
-0.237293,-0.00623478,-0.522609,0.0170705,-0.273924,-0.0507625,0.0,0.0,1.0
-0.231717,-0.00251087,-0.543717,0.00715251,-0.259894,-0.0426834,0.0,0.0,1.0
-0.219039,-0.0535109,-0.53483,0.153666,-0.240597,-0.0423668,0.0,0.0,1.0
-0.231946,-0.00498913,-0.559174,0.014305,-0.259112,-0.0390348,0.0,0.0,1.0
-0.23206,-0.00624457,-0.566902,0.0178958,-0.258764,-0.0371815,0.0,0.0,1.0
-0.232158,-0.0075163,-0.57462,0.0214575,-0.258388,-0.0353861,0.0,0.0,1.0
-0.181528,-0.0819473,-0.571084,0.210347,-0.223089,-0.0279537,0.0,0.0,1.0
-0.195859,-0.0735766,-0.575703,0.197076,-0.230667,-0.0250135,0.0,0.0,1.0
-0.178577,-0.102817,-0.573073,0.260502,-0.222336,-0.0174903,0.0,0.0,1.0
-0.175753,-0.10072,-0.587712,0.263169,-0.212146,-0.0127819,0.0,0.0,1.0
-0.171181,-0.112824,-0.589164,0.279675,-0.217821,-0.00394015,0.0,0.0,1.0
-0.195127,-0.087062,-0.602867,0.240229,-0.223086,-0.0115039,0.0,0.0,1.0
-0.191434,-0.0974658,-0.610297,0.26206,-0.224589,-0.00281467,0.0,0.0,1.0
-0.187358,-0.110304,-0.610884,0.283451,-0.229937,0.00516409,0.0,0.0,1.0
-0.25003,-0.0265565,-0.620557,0.0809073,-0.258996,-0.0169498,0.0,0.0,1.0
-0.16637,-0.114955,-0.621111,0.281684,-0.214213,0.00769305,0.0,0.0,1.0
-0.190422,-0.120323,-0.62595,0.302079,-0.239241,0.0370309,0.0,0.0,1.0
-0.246571,-0.0192554,-0.651707,0.0558301,-0.268263,-0.00625483,0.0,0.0,1.0
-0.248332,-0.0201033,-0.657467,0.0583494,-0.269681,-0.00353282,0.0,0.0,1.0
-0.250076,-0.0209348,-0.663239,0.0608398,-0.271071,-0.000830116,0.0,0.0,1.0
-0.198435,-0.0999277,-0.65061,0.255191,-0.245056,0.0129228,0.0,0.0,1.0
-0.247252,0.0158413,-0.665661,-0.0442732,-0.278887,-0.017971,0.0,0.0,1.0
-0.232141,-0.0175761,-0.678261,0.0494884,-0.257809,-0.00276062,0.0,0.0,1.0
-0.228163,-0.0185543,-0.682609,0.0506178,-0.26056,-0.00552124,0.0,0.0,1.0
-0.224185,-0.0195326,-0.686957,0.0517181,-0.26334,-0.00826255,0.0,0.0,1.0
-0.220207,-0.0205109,-0.691304,0.0528764,-0.26612,-0.0110425,0.0,0.0,1.0
-0.216196,-0.0215217,-0.695652,0.0540058,-0.268871,-0.0138031,0.0,0.0,1.0
-0.212217,-0.0225,-0.7,0.0551351,-0.271622,-0.0165251,0.0,0.0,1.0
-0.208239,-0.0234783,-0.704348,0.0562934,-0.274402,-0.019305,0.0,0.0,1.0
-0.182967,-0.0175109,-0.71087,0.0487645,-0.272606,-0.0205791,0.0,0.0,1.0
-0.132344,0.0984734,-0.704397,-0.138246,-0.297339,-0.0188822,0.0,0.0,1.0
-0.120933,0.0970337,-0.714207,-0.123533,-0.299595,-0.0101158,0.0,0.0,1.0
-0.116126,0.0959446,-0.721246,-0.110291,-0.318669,-0.00294788,0.0,0.0,1.0
-0.103945,0.0975277,-0.726842,-0.105591,-0.302849,-0.0010888,0.0,0.0,1.0
-0.10274,0.0882685,-0.73413,-0.0892008,-0.320629,0.0101853,0.0,0.0,1.0
-0.100066,0.0724272,-0.736587,-0.065557,-0.348762,0.0279556,0.0,0.0,1.0
-0.0926087,0.0381196,-0.739761,-0.0340541,-0.330463,0.0138224,0.0,0.0,1.0
-0.0916304,0.0362283,-0.737891,-0.0318533,-0.333417,0.0225869,0.0,0.0,1.0
-0.0906522,0.034337,-0.736022,-0.0296525,-0.336371,0.0314286,0.0,0.0,1.0
-0.0897065,0.032413,-0.734152,-0.0274517,-0.339324,0.0402703,0.0,0.0,1.0
-0.0887446,0.030538,-0.732293,-0.0251931,-0.342278,0.0490734,0.0,0.0,1.0
-0.0877826,0.0286304,-0.730435,-0.0229923,-0.345232,0.0579151,0.0,0.0,1.0
-0.0881087,0.037337,-0.732413,-0.0297104,-0.347259,0.0730116,0.0,0.0,1.0
-0.0884348,0.0459783,-0.734391,-0.0364575,-0.349257,0.0880888,0.0,0.0,1.0
-0.0887609,0.0546848,-0.73637,-0.0432625,-0.351313,0.103205,0.0,0.0,1.0
-0.0891033,0.0633424,-0.738337,-0.0499807,-0.35334,0.118301,0.0,0.0,1.0
-0.0894293,0.0720163,-0.740315,-0.0567568,-0.355367,0.133359,0.0,0.0,1.0
-0.0897554,0.0806902,-0.742293,-0.0635328,-0.357394,0.148494,0.0,0.0,1.0
-0.0900815,0.0893641,-0.744272,-0.0702799,-0.35945,0.163571,0.0,0.0,1.0
-0.0903913,0.0980543,-0.746239,-0.077027,-0.361448,0.178649,0.0,0.0,1.0
-0.0907337,0.106712,-0.748228,-0.0838031,-0.363533,0.193745,0.0,0.0,1.0
-0.0910435,0.115402,-0.750196,-0.0905212,-0.36556,0.208842,0.0,0.0,1.0
-0.0914022,0.124076,-0.752174,-0.0972973,-0.367529,0.223938,0.0,0.0,1.0
-0.0963587,0.131185,-0.752174,-0.109662,-0.36889,0.234421,0.0,0.0,1.0
-0.101348,0.138326,-0.752174,-0.121969,-0.370251,0.244903,0.0,0.0,1.0
-0.105293,0.144489,-0.751196,-0.134363,-0.371583,0.255367,0.0,0.0,1.0
-0.10725,0.148598,-0.748163,-0.146699,-0.372915,0.265869,0.0,0.0,1.0
-0.10919,0.15269,-0.745147,-0.159006,-0.374218,0.276351,0.0,0.0,1.0
-0.111147,0.156799,-0.742114,-0.171371,-0.375579,0.286795,0.0,0.0,1.0
-0.113087,0.160891,-0.739098,-0.183707,-0.376911,0.297297,0.0,0.0,1.0
-0.107766,0.168418,-0.738103,-0.191699,-0.365791,0.306564,0.0,0.0,1.0
-0.102397,0.175962,-0.737125,-0.199633,-0.35473,0.31583,0.0,0.0,1.0
-0.0970272,0.183505,-0.736147,-0.207683,-0.343668,0.325097,0.0,0.0,1.0
-0.0916726,0.191064,-0.735156,-0.215676,-0.332548,0.334363,0.0,0.0,1.0
-0.0863043,0.198609,-0.734174,-0.22361,-0.321486,0.343629,0.0,0.0,1.0
-0.0851902,0.20206,-0.730505,-0.224797,-0.315608,0.349826,0.0,0.0,1.0
-0.0840598,0.205495,-0.726853,-0.225927,-0.309788,0.355985,0.0,0.0,1.0
-0.0829457,0.208946,-0.723185,-0.227085,-0.30388,0.362162,0.0,0.0,1.0
-0.0817989,0.212429,-0.719516,-0.228243,-0.298089,0.36834,0.0,0.0,1.0
-0.0806685,0.215864,-0.715864,-0.229402,-0.292181,0.374517,0.0,0.0,1.0
-0.0760666,0.217099,-0.717865,-0.231429,-0.271853,0.378764,0.0,0.0,1.0
-0.0714321,0.218334,-0.719867,-0.233456,-0.251467,0.382973,0.0,0.0,1.0
-0.0668315,0.219571,-0.721864,-0.235483,-0.231139,0.38722,0.0,0.0,1.0
-0.0634946,0.230321,-0.714658,-0.249006,-0.219701,0.38693,0.0,0.0,1.0
-0.060144,0.24109,-0.707459,-0.2625,-0.208234,0.38666,0.0,0.0,1.0
-0.0568247,0.251825,-0.700265,-0.275994,-0.196766,0.38639,0.0,0.0,1.0
-0.0534891,0.262576,-0.693054,-0.289517,-0.18527,0.3861,0.0,0.0,1.0
-0.0504783,0.264261,-0.69263,-0.289459,-0.171255,0.391081,0.0,0.0,1.0
-0.0474674,0.265946,-0.692207,-0.289373,-0.15721,0.396042,0.0,0.0,1.0
-0.0444905,0.267632,-0.691779,-0.289344,-0.143166,0.401004,0.0,0.0,1.0
-0.0414946,0.269299,-0.691342,-0.289257,-0.129122,0.405965,0.0,0.0,1.0
-0.0384837,0.270984,-0.690919,-0.289228,-0.115077,0.410927,0.0,0.0,1.0
-0.0341087,0.271304,-0.68913,-0.289112,-0.101004,0.415907,0.0,0.0,1.0
-0.0293804,0.271272,-0.686957,-0.289054,-0.0869305,0.420849,0.0,0.0,1.0
-0.0276359,0.270636,-0.683076,-0.287751,-0.0818629,0.422066,0.0,0.0,1.0
-0.0259239,0.270033,-0.679174,-0.28639,-0.0767374,0.42332,0.0,0.0,1.0
-0.0241793,0.269429,-0.675294,-0.285058,-0.0716409,0.424517,0.0,0.0,1.0
-0.0224674,0.268826,-0.671413,-0.283726,-0.0664865,0.425753,0.0,0.0,1.0
-0.0207391,0.268207,-0.6675,-0.282423,-0.061361,0.426969,0.0,0.0,1.0
-0.0190109,0.267587,-0.66363,-0.281091,-0.0562645,0.428205,0.0,0.0,1.0
-0.0172826,0.267,-0.659739,-0.279759,-0.051168,0.42944,0.0,0.0,1.0
-0.0155543,0.26638,-0.65587,-0.278398,-0.0460425,0.430656,0.0,0.0,1.0
-0.0138261,0.265761,-0.651956,-0.277066,-0.040888,0.431892,0.0,0.0,1.0
-0.0297375,0.267758,-0.635418,-0.289286,-0.0868726,0.422664,0.0,0.0,1.0
-0.0103696,0.264554,-0.639978,-0.274402,-0.030695,0.432432,0.0,0.0,1.0
-0.0086413,0.263935,-0.631848,-0.27307,-0.0255405,0.431815,0.0,0.0,1.0
-0.0391647,0.262743,-0.622358,-0.285608,-0.113658,0.434961,0.0,0.0,1.0
-0.00518478,0.262696,-0.61563,-0.270405,-0.0153475,0.430502,0.0,0.0,1.0
-0.00345652,0.262109,-0.607522,-0.269073,-0.010251,0.429846,0.0,0.0,1.0
-0.00172826,0.261457,-0.599413,-0.267741,-0.00509652,0.429228,0.0,0.0,1.0
-0.00472826,0.269146,-0.583235,-0.299797,-0.0134073,0.434305,0.0,0.0,1.0
-0.00327717,0.253288,-0.584054,-0.264498,-0.00874517,0.428571,0.0,0.0,1.0
-0.00655435,0.245739,-0.576804,-0.262645,-0.0174324,0.428571,0.0,0.0,1.0
-0.00984783,0.238174,-0.569565,-0.260734,-0.0261776,0.428571,0.0,0.0,1.0
-0.0131087,0.230609,-0.562304,-0.25888,-0.0348649,0.428571,0.0,0.0,1.0
-0.0163859,0.223027,-0.555076,-0.257027,-0.043668,0.428571,0.0,0.0,1.0
-0.019663,0.215446,-0.547826,-0.255116,-0.0524131,0.428571,0.0,0.0,1.0
-0.023788,0.206788,-0.545815,-0.243736,-0.0644884,0.428012,0.0,0.0,1.0
-0.0276033,0.198571,-0.543793,-0.233629,-0.0754633,0.427452,0.0,0.0,1.0
-0.0314348,0.19037,-0.541783,-0.223523,-0.0864961,0.42693,0.0,0.0,1.0
-0.0352663,0.182168,-0.53975,-0.213417,-0.097529,0.426371,0.0,0.0,1.0
-0.0389022,0.174,-0.537717,-0.204064,-0.107809,0.425811,0.0,0.0,1.0
-0.0427174,0.16575,-0.535717,-0.193929,-0.118813,0.42527,0.0,0.0,1.0
-0.0465326,0.157533,-0.533696,-0.183822,-0.129846,0.42471,0.0,0.0,1.0
-0.0504457,0.149152,-0.531674,-0.173745,-0.140849,0.42417,0.0,0.0,1.0
-0.0545217,0.140902,-0.529674,-0.163291,-0.152346,0.42361,0.0,0.0,1.0
-0.0584511,0.132832,-0.527641,-0.152838,-0.163784,0.42305,0.0,0.0,1.0
-0.0622663,0.124647,-0.52562,-0.142761,-0.174788,0.42251,0.0,0.0,1.0
-0.0658043,0.116543,-0.523609,-0.132741,-0.185444,0.42193,0.0,0.0,1.0
-0.0696196,0.108326,-0.521587,-0.122664,-0.196448,0.42139,0.0,0.0,1.0
-0.0739565,0.100239,-0.519565,-0.112239,-0.208378,0.420849,0.0,0.0,1.0
-0.0751304,0.0918913,-0.515652,-0.101062,-0.218977,0.422394,0.0,0.0,1.0
-0.0762554,0.0835598,-0.51175,-0.0898842,-0.229575,0.423938,0.0,0.0,1.0
-0.077413,0.0751957,-0.507826,-0.0787066,-0.240174,0.425483,0.0,0.0,1.0
-0.0785543,0.0668804,-0.503913,-0.067529,-0.250772,0.427027,0.0,0.0,1.0
-0.0797283,0.0585326,-0.5,-0.0563514,-0.261371,0.428571,0.0,0.0,1.0
-0.0782609,-1.11022e-16,-0.504348,0.0,-0.243243,0.405405,0.0,0.0,1.0
-0.107609,5.55112e-17,-0.476087,0.0,-0.220077,0.428571,0.0,0.0,1.0
-0.0815217,-0.0913043,-0.445652,0.144788,-0.162162,0.455598,0.0,0.0,1.0
-0.012163,-0.15525,-0.43913,0.241795,-0.0276255,0.46139,0.0,0.0,1.0
-0.0243261,-0.189783,-0.432609,0.263514,-0.055251,0.478764,0.0,0.0,1.0
-0.0219457,-0.20687,-0.415761,0.264035,-0.0528185,0.489382,0.0,0.0,1.0
-0.0195815,-0.22394,-0.398902,0.26444,-0.0503861,0.5,0.0,0.0,1.0
-0.0172174,-0.241011,-0.382065,0.264903,-0.0480116,0.510618,0.0,0.0,1.0
-0.014837,-0.258098,-0.365217,0.265367,-0.0455212,0.521236,0.0,0.0,1.0
-0.0133043,-0.261163,-0.339674,0.256911,-0.0421042,0.529923,0.0,0.0,1.0
-0.0117391,-0.264196,-0.31413,0.248456,-0.0386873,0.53861,0.0,0.0,1.0
-0.0102065,-0.267261,-0.288587,0.24,-0.0352703,0.547297,0.0,0.0,1.0
-0.0086413,-0.270293,-0.263043,0.231602,-0.0317954,0.555985,0.0,0.0,1.0
-0.00792391,-0.270065,-0.2375,0.22778,-0.0295367,0.560811,0.0,0.0,1.0
-0.00720652,-0.269772,-0.211957,0.223958,-0.0271622,0.565637,0.0,0.0,1.0
-0.00645652,-0.269511,-0.186413,0.220135,-0.0249035,0.570463,0.0,0.0,1.0
-0.00573913,-0.269217,-0.16087,0.216313,-0.022529,0.57529,0.0,0.0,1.0
-0.00490761,-0.269429,-0.140054,0.217645,-0.0193436,0.579151,0.0,0.0,1.0
-0.00407609,-0.269641,-0.119261,0.219035,-0.0161004,0.583012,0.0,0.0,1.0
-0.00327717,-0.269853,-0.0984457,0.220425,-0.0128571,0.586873,0.0,0.0,1.0
-0.00246196,-0.270049,-0.0776413,0.221757,-0.00967181,0.590734,0.0,0.0,1.0
-0.00164674,-0.270245,-0.056837,0.223147,-0.00642857,0.594595,0.0,0.0,1.0
-0.000815217,-0.270457,-0.0360217,0.224479,-0.00324324,0.598456,0.0,0.0,1.0
0.0,-0.270652,-0.0152174,0.225869,0.0,0.602317,0.0,0.0,1.0
-0.0193043,-0.278283,-0.000652174,0.244749,-0.0692085,0.597645,0.0,0.0,1.0
0.00125543,-0.270734,0.0247717,0.227085,0.00451737,0.606911,0.0,0.0,1.0
-0.00886957,-0.273098,0.037587,0.233745,-0.0327799,0.600541,0.0,0.0,1.0
0.00213587,-0.271679,0.0627717,0.225927,0.00810811,0.604286,0.0,0.0,1.0
-0.0018913,-0.286728,0.0743696,0.229517,-0.00741313,0.595483,0.0,0.0,1.0
0.00375,-0.270946,0.104783,0.229488,0.0134653,0.61612,0.0,0.0,1.0
0.0018913,-0.275217,0.118783,0.205048,0.00796332,0.617896,0.0,0.0,1.0
0.00498913,-0.271043,0.144761,0.230676,0.0179537,0.620734,0.0,0.0,1.0
0.01875,-0.272054,0.15487,0.220888,0.0729151,0.627066,0.0,0.0,1.0
0.00482609,-0.271337,0.178891,0.232008,0.0171429,0.621853,0.0,0.0,1.0
0.00471196,-0.271484,0.195946,0.232703,0.0167375,0.622432,0.0,0.0,1.0
0.00463043,-0.27163,0.213,0.233427,0.0163031,0.622992,0.0,0.0,1.0
0.00453261,-0.271761,0.230065,0.234151,0.0159266,0.623552,0.0,0.0,1.0
0.00446739,-0.271924,0.24713,0.234817,0.0154923,0.624112,0.0,0.0,1.0
0.00435326,-0.272071,0.264207,0.235483,0.0151158,0.624672,0.0,0.0,1.0
0.00423913,-0.272217,0.281261,0.236149,0.0146815,0.625232,0.0,0.0,1.0
0.00417391,-0.27238,0.298326,0.236844,0.0142761,0.625811,0.0,0.0,1.0
0.00407609,-0.272511,0.315391,0.237568,0.0138417,0.626371,0.0,0.0,1.0
0.00595109,-0.272168,0.331402,0.237799,0.0206178,0.627722,0.0,0.0,1.0
0.00782609,-0.271859,0.347413,0.238089,0.027278,0.629035,0.0,0.0,1.0
0.00968478,-0.2715,0.363413,0.238349,0.0340251,0.630367,0.0,0.0,1.0
0.0115435,-0.271174,0.379435,0.238581,0.0407432,0.631718,0.0,0.0,1.0
0.0134185,-0.270864,0.395446,0.238871,0.0474614,0.63307,0.0,0.0,1.0
0.0152935,-0.270522,0.411457,0.23916,0.0541795,0.634382,0.0,0.0,1.0
0.0171685,-0.270212,0.427467,0.239421,0.0608687,0.635714,0.0,0.0,1.0
0.0190435,-0.26987,0.443478,0.239653,0.0676448,0.637066,0.0,0.0,1.0
0.0138913,-0.269022,0.463043,0.252915,0.0466216,0.617761,0.0,0.0,1.0
