244.75,81.0,348.25,81.0,348.25,135.0,244.75,135.0
256.64,87.84,337.16,81.42,341.36,134.16,260.84,140.58
256.815,89.46,337.425,84.33,340.785,137.34,260.175,142.47
256.99,91.095,337.69,87.255,340.21,140.505,259.51,144.345
257.1525,92.73,337.9575,90.165,339.6375,143.67,258.8325,146.235
257.325,94.365,338.235,93.09,339.075,146.835,258.165,148.11
257.5,96.0,338.5,96.0,338.5,150.0,257.5,150.0
255.705,98.51125,336.615,96.15625,338.175,150.03625,257.265,152.40625
253.92,101.0375,334.74,96.3125,337.86,150.0725,257.04,154.7975
252.12375,103.54875,332.85375,96.45375,337.53375,150.12375,256.81875,157.20375
250.34125,106.06,330.96625,96.61,337.22125,150.16,256.58125,159.61
249.44375,106.785,329.99375,94.965,337.79375,148.395,257.25875,160.215
248.56125,107.49625,329.00625,93.32125,338.38125,146.63125,257.92125,160.82125
247.665,108.20875,328.02,91.67875,338.955,144.86875,258.6,161.41375
246.7675,108.93375,327.0475,90.01875,339.5425,143.11875,259.2625,162.01875
245.885,109.645,326.06,88.375,340.115,141.355,259.94,162.625
244.715,109.35,324.56,87.21,339.065,139.65,259.22,161.79
243.5325,109.04,323.0475,86.03,338.0175,137.96,258.5025,160.97
242.36125,108.73,321.54625,84.865,336.96625,136.27,257.79625,160.135
241.1925,108.435,320.0325,83.7,335.9175,134.565,257.0775,159.3
240.0225,108.12625,318.5325,82.52125,334.8675,132.86125,256.3575,158.48125
238.84,107.83,317.02,81.355,333.82,131.17,255.64,157.645
237.66875,107.52,315.51875,80.19,332.76875,129.48,254.93375,156.81
236.5,107.225,314.005,79.01,331.72,127.775,254.215,155.99
235.315,106.915,312.505,77.845,330.685,126.085,253.495,155.155
233.99375,108.3325,308.66375,76.0225,328.46375,122.3575,253.80875,154.6675
232.6725,109.73625,304.8225,74.20125,326.2575,118.63125,254.1075,154.18125
231.35,111.15375,300.995,72.37875,324.05,114.91875,254.405,153.67875
230.0275,112.55625,297.1525,70.57125,321.8425,111.19125,254.7175,153.19125
228.7075,113.9725,293.3125,68.7475,319.6225,107.4775,255.0175,152.7025
227.385,115.3775,289.47,66.9275,317.415,103.7525,255.33,152.2025
226.0625,116.795,285.6425,65.105,315.2075,100.025,255.6275,151.715
224.74,118.21125,281.8,63.28125,313.0,96.31125,255.94,151.22625
223.41875,119.615,277.95875,61.475,310.79375,92.585,256.23875,150.725
218.755,126.58,270.79,65.2,305.245,94.42,253.21,155.8
212.495,122.69,275.225,58.385,310.505,92.81,247.775,157.115
220.095,123.92,269.58,63.575,301.905,90.08,252.42,150.425
219.125,126.58375,267.725,63.64375,300.815,89.36875,252.215,152.29375
218.1675,129.2475,265.8825,63.7125,299.7225,88.6425,252.0075,154.1775
217.19625,131.9125,264.02625,63.7675,298.64625,87.9175,251.80125,156.0625
216.225,134.575,262.185,63.835,297.555,87.205,251.595,157.945
216.605,137.68875,261.695,64.35375,297.815,86.92875,252.725,160.27875
216.98375,140.8025,261.18875,64.8575,298.08875,86.6675,253.86875,162.6125
217.3625,143.9175,260.6975,65.3775,298.3475,86.3925,255.0125,164.9325
217.74125,147.03125,260.20625,65.89625,298.60625,86.11625,256.15625,167.26625
218.12,150.145,259.7,66.4,298.88,85.855,257.3,169.6
220.0575,151.185,259.1625,66.9,297.8325,85.035,258.7275,169.32
221.995,152.2375,258.625,67.4125,296.785,84.2125,260.155,169.0375
223.9325,153.2775,258.0875,67.9125,295.7375,83.3925,261.5825,168.7575
225.87125,154.3175,257.53625,68.4125,294.69125,82.5725,263.01125,168.4775
227.795,155.3725,257.0,68.9125,293.645,81.7375,264.44,168.1975
229.7325,156.4125,256.4625,69.4125,292.5975,80.9175,265.8675,167.9175
231.67,157.4525,255.925,69.9125,291.55,80.0975,267.295,167.6375
233.6075,158.4925,255.3875,70.4125,290.5025,79.2775,268.7225,167.3575
235.545,159.54625,254.835,70.91125,289.455,78.45625,270.165,167.07625
236.98625,156.935,255.69125,70.055,290.04125,77.465,271.35125,164.345
238.4425,154.325,256.5325,69.2,290.6275,76.475,272.5375,161.6
239.885,151.715,257.375,68.345,291.215,75.485,273.725,158.855
239.5075,152.4025,257.5975,69.4075,291.7225,76.9075,273.6325,159.9025
239.13125,153.1025,257.80625,70.4825,292.23125,78.3275,273.54125,160.9475
238.7525,153.79,258.0275,71.545,292.7375,79.75,273.4625,161.995
238.37625,154.47625,258.23625,72.62125,293.24625,81.17125,273.37125,163.04125
237.99875,155.1625,258.45875,73.6825,293.75375,82.6075,273.27875,164.0875
237.6075,155.8625,258.6675,74.7575,294.2625,84.0275,273.2025,165.1325
237.23,156.54875,258.89,75.83375,294.77,85.44875,273.11,166.17875
237.7375,156.31875,259.5325,76.74375,294.5125,86.29875,272.7175,165.88875
238.245,156.1025,260.19,77.6525,294.255,87.1475,272.31,165.5975
238.7375,155.885,260.8325,78.56,294.0125,87.995,271.9175,165.32
239.245,155.655,261.49,79.47,293.755,88.845,271.51,165.03
239.7525,155.4375,262.1325,80.3775,293.4975,89.6925,271.1175,164.7525
240.245,155.2075,262.79,81.2875,293.255,90.5425,270.71,164.4625
240.7525,154.99125,263.4325,82.19625,292.9975,91.39125,270.3175,164.17125
241.26,154.76,264.075,83.105,292.74,92.24,269.925,163.895
241.6425,154.415,264.3825,83.135,292.6875,92.165,269.9475,163.445
242.025,154.06875,264.675,83.16375,292.635,92.08875,269.985,163.00875
242.42,153.7375,264.98,83.1925,292.58,92.0125,270.02,162.5575
242.8025,153.39125,265.2725,83.22125,292.5275,91.93625,270.0575,162.12125
243.1825,153.045,265.5775,83.25,292.4875,91.875,270.0925,161.67
243.565,152.7,265.87,83.265,292.435,91.8,270.13,161.235
243.96125,152.36875,266.17625,83.29375,292.38125,91.72375,270.15125,160.78375
244.34375,152.0225,266.46875,83.3225,292.32875,91.6475,270.18875,160.3475
244.725,151.6775,266.775,83.3525,292.275,91.5725,270.225,159.8975
245.12125,151.33125,267.06625,83.38125,292.22125,91.49625,270.26125,159.46125
245.5025,150.98625,267.3725,83.41125,292.1675,91.42125,270.2975,159.01125
245.885,150.64,267.665,83.44,292.115,91.36,270.335,158.56
245.645,150.97,267.935,83.005,292.415,91.03,270.125,158.995
245.405,151.3,268.205,82.585,292.715,90.7,269.915,159.415
245.1775,151.63,268.4875,82.165,293.0125,90.37,269.7025,159.835
244.9375,151.96,268.7575,81.745,293.3125,90.04,269.4925,160.255
244.695,152.29,269.025,81.325,293.625,89.71,269.295,160.675
244.455,152.62,269.295,80.89,293.925,89.38,269.085,161.11
244.215,152.95,269.565,80.47,294.225,89.05,268.875,161.53
243.975,153.28,269.835,80.05,294.525,88.72,268.665,161.95
243.735,153.61,270.105,79.63,294.825,88.39,268.455,162.37
243.49375,153.94,270.37375,79.21,295.12375,88.06,268.25875,162.79
243.25375,154.255,270.64375,78.79,295.42375,87.745,268.04875,163.21
243.0125,154.585,270.9125,78.355,295.7375,87.415,267.8375,163.645
242.78625,154.915,271.18125,77.935,296.03625,87.085,267.62625,164.065
242.54625,155.245,271.45125,77.515,296.33625,86.755,267.41625,164.485
242.305,155.575,271.72,77.095,296.635,86.425,267.22,164.905
242.065,155.905,271.99,76.675,296.935,86.095,267.01,165.325
245.61625,155.8425,269.13625,77.8125,294.72625,84.9075,271.19125,162.9375
249.15375,155.78,266.28375,78.95,292.50375,83.72,275.38875,160.55
252.705,155.7175,263.43,80.0875,290.295,82.5325,279.57,158.1625
255.185,155.655,259.505,81.225,287.015,81.345,282.695,155.775
257.665,155.5925,255.58,82.3625,283.735,80.1575,285.82,153.3875
260.14375,155.53,251.66875,83.5,280.45375,78.97,288.94375,151.0
262.62625,155.46625,247.74625,84.65125,277.16125,77.78125,292.05625,148.61125
265.12,155.405,243.82,85.79,273.88,76.58,295.18,146.225
266.38625,155.435,241.23125,88.64,271.32125,76.565,296.49125,143.36
267.6675,155.465,238.6425,91.505,268.7625,76.535,297.7875,140.495
268.935,155.495,236.04,94.37,266.205,76.505,299.1,137.63
270.2025,155.525,233.4525,97.235,263.6475,76.475,300.3975,134.765
271.4825,155.54,230.8625,100.1,261.0875,76.46,301.7075,131.9
272.74875,155.57,228.27375,102.965,258.52875,76.43,303.01875,129.035
274.03,155.6,225.685,105.83,255.97,76.4,304.315,126.17
273.2675,156.73375,223.7525,107.62375,254.8625,75.89875,304.3775,124.99375
272.4925,157.8525,221.8225,109.4325,253.7575,75.3975,304.4275,123.8175
271.73,158.98625,219.89,111.22625,252.65,74.88125,304.49,122.65625
270.97,160.12,217.96,113.02,251.53,74.38,304.54,121.48
270.19375,161.2525,216.02875,114.8275,250.42375,73.8775,304.60375,120.3025
269.4325,162.3725,214.0975,116.6225,249.3175,73.3775,304.6525,119.1275
268.67,163.5075,212.165,118.4175,248.21,72.8625,304.715,117.9525
267.91,164.64,210.235,120.21,247.09,72.36,304.765,116.79
267.86875,164.5875,208.84375,121.2075,244.40875,72.9825,303.44875,116.3625
267.84125,164.535,207.45125,122.19,241.72625,73.605,302.13125,115.95
267.815,164.48,206.045,123.185,239.045,74.24,300.815,115.535
267.775,164.42875,204.655,124.16875,236.365,74.86375,299.485,115.10875
267.7475,164.375,203.2625,125.165,233.6825,75.485,298.1675,114.695
267.72125,164.32375,201.85625,126.14875,231.00125,76.10875,296.85125,114.26875
267.68,164.27,200.465,127.145,228.32,76.73,295.535,113.855
265.45,164.4475,198.01,127.2775,225.73,76.9825,293.17,114.1525
263.20625,164.63875,195.54125,127.40875,223.15625,77.23375,290.80625,114.44875
260.96,164.815,193.085,127.555,220.58,77.485,288.455,114.745
258.7175,164.9925,190.6175,127.6875,217.9925,77.7375,286.0925,115.0425
256.4725,165.16875,188.1625,127.81875,215.4175,77.98875,283.7275,115.35375
255.535,165.4325,186.91,128.4875,213.745,78.7175,282.37,115.6625
254.59625,165.695,185.67125,129.155,212.07125,79.445,281.01125,115.985
253.67375,165.9575,184.41875,129.8225,210.39875,80.1725,279.63875,116.3075
252.735,166.2225,183.18,130.4925,208.725,80.8875,278.28,116.6175
251.81,166.485,181.94,131.16,207.05,81.615,276.92,116.94
250.8725,166.7475,180.7025,131.8425,205.3775,82.3425,275.5475,117.2475
249.935,167.01,179.45,132.51,203.705,83.07,274.19,117.57
249.01125,167.2725,178.21125,133.1775,202.03125,83.7975,272.81625,117.8925
248.0725,167.5375,176.9725,133.8475,200.3575,84.5125,271.4575,118.2025
246.475,168.43,175.36,133.675,199.345,84.61,270.46,119.365
244.89,169.325,173.76,133.505,198.33,84.695,269.46,120.515
243.29375,170.21625,172.14875,133.34625,197.30375,84.79125,268.46375,121.67625
241.71,171.11,170.55,133.175,196.29,84.89,267.45,122.825
240.1875,172.2575,169.3575,132.4025,195.4425,85.5725,266.2725,125.4275
238.6525,173.39,168.1675,131.63,194.5975,86.27,265.0825,128.03
237.13,174.535,166.99,130.855,193.75,86.965,263.89,130.645
235.595,175.66625,165.8,130.09625,192.905,87.66125,262.7,133.24625
234.0725,176.8125,164.6225,129.3225,192.0575,88.3575,261.5075,135.8475
232.5375,177.94625,163.4325,128.55125,191.2125,89.04125,260.3175,138.45125
231.01625,178.42,162.25625,127.105,190.35125,89.08,259.12625,140.395
229.495,178.895,161.065,125.675,189.505,89.105,257.935,142.325
228.355,178.6725,160.645,125.7375,188.785,89.7375,256.495,142.6725
227.2175,178.45,160.2275,125.8,188.0525,90.37,255.0425,143.02
226.0775,178.21375,159.8075,125.86375,187.3325,91.00375,253.6025,143.36875
224.94,177.99125,159.39,125.92625,186.6,91.63625,252.15,143.71625
224.2025,176.5875,159.3725,124.8075,186.2675,91.1025,251.0975,142.8825
223.4675,175.185,159.3425,123.69,185.9225,90.555,250.0475,142.05
222.7175,173.78125,159.3125,122.57125,185.5925,90.00625,248.9975,141.23125
221.98,172.37875,159.295,121.45375,185.26,89.45875,247.945,140.39875
221.23,170.975,159.265,120.335,184.93,88.925,246.895,139.565
220.495,169.5725,159.25,119.2175,184.585,88.3775,245.83,138.7325
219.745,168.17,159.22,118.1,184.255,87.83,244.78,137.9
218.73875,167.5375,157.46375,116.7175,182.63375,86.3725,243.89375,137.1925
217.7175,166.90625,155.7075,115.35125,181.0125,84.90125,243.0225,136.47125
216.7125,166.28875,153.9525,113.96875,179.3775,83.44375,242.1375,135.74875
215.6925,165.655,152.1975,112.6,177.7575,81.985,241.2525,135.04
214.685,165.02375,150.44,111.21875,176.135,80.52875,240.38,134.31875
213.665,164.39125,148.685,109.85125,174.515,79.05625,239.495,133.61125
212.645,163.76,146.93,108.47,172.895,77.6,238.61,132.89
211.63875,163.12625,145.17375,107.10125,171.27375,76.14125,237.72375,132.18125
210.6175,162.51,143.4175,105.72,169.6525,74.67,236.8525,131.46
209.61,161.8775,141.675,104.3525,168.03,73.2125,235.965,130.7375
208.605,161.245,139.92,102.97,166.395,71.755,235.08,130.03
204.385,160.26375,141.85,99.88875,168.715,71.56875,231.25,131.92875
200.165,159.28125,143.795,96.82125,171.035,71.36625,227.405,133.84125
195.96,158.3125,145.74,93.7375,173.34,71.1775,223.56,135.7525
191.74,157.33125,147.67,90.65625,175.66,70.99125,219.73,137.65125
187.535,156.34875,149.615,87.58875,177.965,70.78875,215.885,139.56375
183.315,155.3675,151.56,84.5075,180.285,70.6025,212.04,141.4625
179.11,154.385,153.505,81.425,182.59,70.415,208.195,143.375
177.98,154.44125,153.2,81.34625,181.82,71.10125,206.6,144.18125
176.835,154.4825,152.91,81.2675,181.065,71.7875,204.99,145.0025
175.705,154.525,152.62,81.19,180.295,72.475,203.38,145.81
173.77625,153.3375,153.04625,80.8275,180.93125,72.9525,201.67625,145.4625
171.8475,152.1525,153.4725,80.4525,181.5825,73.4175,199.9575,145.1175
169.92,150.96625,153.9,80.09125,182.22,73.89625,198.24,144.75625
167.99,149.765,154.34,79.73,182.87,74.375,196.52,144.41
166.0625,148.5775,154.7675,79.3675,183.5075,74.8525,194.8025,144.0625
164.13375,147.39,155.19375,79.005,184.15875,75.33,193.08375,143.715
162.205,146.205,155.62,78.645,184.795,75.795,191.38,143.355
157.0,136.0,157.0,76.0,187.0,76.0,187.0,136.0
155.67125,136.28875,158.29625,75.80875,187.69625,76.82875,185.08625,137.32375
154.3425,136.5775,159.5775,75.6025,188.4075,77.6725,183.1725,138.6475
153.02875,136.8675,160.87375,75.3975,189.10375,78.5025,181.24375,139.9725
151.7,137.155,162.17,75.205,189.8,79.345,179.33,141.295
150.3725,137.445,163.4525,75.0,190.4975,80.175,177.4175,142.62
149.0575,137.7475,164.7475,74.8075,191.1925,81.0025,175.5025,143.9425
147.7275,138.03625,166.0425,74.60125,191.9025,81.84625,173.5875,145.26625
146.4,138.325,167.325,74.41,192.6,82.675,171.675,146.59
146.265,137.915,167.7,74.675,192.735,83.165,171.3,146.405
146.115,137.5025,168.06,74.9525,192.885,83.6675,170.94,146.2175
145.98,137.0925,168.42,75.2175,193.02,84.1575,170.58,146.0325
145.845,136.68125,168.795,75.49625,193.155,84.64625,170.205,145.84625
145.695,136.27125,169.155,75.76125,193.305,85.13625,169.845,145.66125
145.56,135.86,169.515,76.04,193.44,85.64,169.485,145.46
145.425,135.46375,169.89,76.30375,193.575,86.12875,169.11,145.27375
145.275,135.0525,170.25,76.5825,193.725,86.6175,168.75,145.0875
145.14,134.6425,170.61,76.8475,193.86,87.1075,168.39,144.9025
145.005,134.23125,170.985,77.12625,193.995,87.59625,168.015,144.71625
144.855,133.82,171.345,77.39,194.145,88.1,167.655,144.53
144.72,133.41,171.72,77.655,194.28,88.59,167.28,144.345
144.39125,133.48,171.55625,77.35,194.43125,88.42,167.25125,144.55
144.05,133.5625,171.41,77.0425,194.57,88.2475,167.21,144.7675
143.70875,133.6325,171.24875,76.7225,194.70875,88.0775,167.18375,144.9875
143.38125,133.70125,171.08625,76.41625,194.86125,87.90625,167.14125,145.20625
143.0375,133.78375,170.9375,76.09375,195.0125,87.74875,167.1125,145.42375
142.71125,133.8525,170.77625,75.7875,195.15125,87.5775,167.07125,145.6425
142.3675,133.935,170.6275,75.48,195.3025,87.405,167.0425,145.86
142.0275,134.00625,170.4675,75.16125,195.4425,87.23625,167.0025,146.06625
141.6975,134.075,170.3175,74.855,195.5925,87.065,166.9725,146.285
141.3575,134.1575,170.1575,74.5475,195.7325,86.8925,166.9325,146.5025
141.0275,134.2275,170.0075,74.2275,195.8825,86.7225,166.9025,146.7225
140.68625,134.29625,169.84625,73.92125,196.02125,86.55125,166.87625,146.94125
140.35875,134.37875,169.68375,73.59875,196.17375,86.39375,166.83375,147.15875
140.01625,134.4475,169.53625,73.2925,196.31125,86.2225,166.80625,147.3775
139.68875,134.5175,169.37375,72.9875,196.46375,86.0525,166.76375,147.5825
139.34625,134.60125,169.22625,72.66625,196.60125,85.88125,166.73625,147.80125
139.005,134.67,169.065,72.36,196.755,85.71,166.695,148.02
138.67625,134.73875,168.91625,72.05375,196.89125,85.53875,166.66625,148.23875
138.335,134.8225,168.755,71.7325,197.045,85.3675,166.625,148.4575
138.00625,134.89,168.60625,71.425,197.18125,85.21,166.59625,148.675
137.665,134.96,168.445,71.105,197.335,85.04,166.555,148.895
136.765,133.67875,169.825,70.60375,198.235,85.45375,165.175,148.51375
135.865,132.3825,171.22,70.1025,199.135,85.8675,163.78,148.1475
134.98,131.08625,172.6,69.60125,200.02,86.28125,162.4,147.78125
134.08,129.79,173.995,69.1,200.92,86.71,161.005,147.4
133.18,128.5075,175.375,68.5975,201.82,87.1225,159.625,147.0325
132.28,127.2125,176.77,68.0825,202.72,87.5375,158.23,146.6675
131.38,125.9175,178.15,67.5825,203.62,87.9525,156.85,146.2875
130.48,124.635,179.545,67.08,204.52,88.365,155.455,145.92
129.8475,122.65375,181.1625,66.79375,205.7025,89.57875,154.3875,145.42375
129.2125,120.66,182.7775,66.51,206.8975,90.78,153.3325,144.93
128.57875,118.67875,184.39375,66.23875,208.09375,91.97875,152.26375,144.43375
127.945,116.6975,186.01,65.9525,209.275,93.1925,151.21,143.9375
127.31125,114.7175,187.62625,65.6675,210.47125,94.3925,150.14125,143.4425
126.67625,112.73625,189.25625,65.39625,211.65125,95.59125,149.08625,142.94625
126.0425,110.755,190.8725,65.11,212.8475,96.805,148.0175,142.45
125.40875,108.775,192.48875,64.825,214.02875,98.005,146.96375,141.955
124.775,106.795,194.105,64.54,215.225,99.205,145.895,141.46
124.66375,105.375,195.98875,65.1,215.96875,100.245,144.62875,140.52
124.5525,103.9675,197.8725,65.6725,216.6975,101.2825,143.3775,139.5775
124.4275,102.5475,199.7575,66.2175,217.4425,102.3225,142.1125,138.6525
124.315,101.14,201.655,66.79,218.185,103.36,140.845,137.71
124.20375,99.7325,203.53875,67.3475,218.91375,104.3975,139.59375,136.7825
124.0925,98.3125,205.4225,67.9075,219.6575,105.4375,138.3275,135.8425
123.98125,96.905,207.30625,68.465,220.40125,106.475,137.06125,134.915
123.87,95.5,209.19,69.025,221.13,107.5,135.81,133.975
123.1825,96.3375,208.3675,68.0475,221.1475,106.4925,135.9625,134.7825
122.49375,97.18875,207.55875,67.06875,221.16375,105.46875,136.11375,135.60375
121.82,98.04,206.735,66.09,221.18,104.46,136.265,136.41
121.13125,98.8925,205.91125,65.1125,221.19625,103.4375,136.43125,137.2175
120.4575,99.7425,205.0875,64.1325,221.2125,102.4275,136.5825,138.0375
119.77,100.595,204.265,63.155,221.23,101.405,136.735,138.845
119.08125,101.44625,203.44125,62.17625,221.24625,100.39625,136.90125,139.65125
118.4075,102.29875,202.6175,61.19875,221.2625,99.37375,137.0525,140.45875
117.72,103.135,201.795,60.22,221.28,98.365,137.205,141.28
117.04625,103.9875,200.97125,59.2425,221.29625,97.3425,137.35625,142.0875
116.3575,104.83875,200.1475,58.26375,221.3125,96.33375,137.5225,142.89375
115.67,105.69,199.325,57.285,221.33,95.31,137.675,143.715
116.05875,104.73625,200.43375,58.20625,221.59875,96.59125,137.23875,143.13625
116.4475,103.7825,201.5425,59.1125,221.8825,97.8875,136.7875,142.5575
116.835,102.83,202.65,60.02,222.165,99.17,136.35,141.98
117.2225,101.87625,203.7725,60.94125,222.4475,100.46625,135.8975,141.38625
117.59625,100.92375,204.88125,61.84875,222.73125,101.74875,135.46125,140.80875
117.985,99.955,205.99,62.77,223.015,103.045,135.01,140.23
118.0925,100.18375,205.6625,62.51875,223.0175,102.80875,135.4475,140.45875
118.2,100.3975,205.35,62.2825,223.02,102.5725,135.87,140.6875
118.295,100.61,205.025,62.045,223.025,102.35,136.295,140.915
118.4025,100.825,204.6975,61.795,223.0275,102.115,136.7325,141.145
118.51,101.04,204.385,61.56,223.03,101.88,137.155,141.36
118.60375,101.255,204.05875,61.31,223.03375,101.645,137.59375,141.59
118.71125,101.4675,203.73125,61.0725,223.05125,101.4225,138.01625,141.8175
118.80375,101.695,203.41875,60.835,223.05375,101.185,138.45375,142.045
118.9125,101.91,203.0925,60.585,223.0575,100.95,138.8775,142.275
119.02125,102.1225,202.76625,60.3475,223.06125,100.7275,139.30125,142.5025
121.3425,105.46,200.0025,60.97,221.7075,99.1,143.0475,143.59
123.66375,108.81,197.23875,61.59,220.35375,97.47,146.79375,144.69
125.985,112.16,194.475,62.21,219.015,95.84,150.525,145.79
125.035,112.51,193.93,61.075,220.465,96.49,151.57,147.925
124.1,112.86,193.37,59.925,221.9,97.14,152.63,150.075
123.15,113.21,192.825,58.79,223.35,97.79,153.675,152.21
122.185,113.56,192.28,57.655,224.815,98.44,154.72,154.345
122.4575,113.515,192.1775,58.0,224.4125,98.485,154.6925,154.0
122.71625,113.47,192.07625,58.345,224.02625,98.53,154.65125,153.655
122.975,113.44,191.975,58.69,223.625,98.56,154.625,153.31
123.23375,113.395,191.87375,59.02,223.23875,98.605,154.58375,152.98
123.4925,113.35,191.7725,59.365,222.8375,98.65,154.5575,152.635
123.75,113.305,191.685,59.71,222.45,98.695,154.515,152.29
124.0075,113.26,191.5825,60.055,222.0625,98.74,154.4875,151.945
124.26625,113.215,191.48125,60.385,221.66125,98.785,154.46125,151.615
124.525,113.17,191.38,60.73,221.275,98.83,154.42,151.27
124.78375,113.125,191.27875,61.075,220.87375,98.875,154.39375,150.925
125.0425,113.08,191.1775,61.42,220.4875,98.92,154.3525,150.58
125.30125,113.035,191.07625,61.75,220.08625,98.965,154.32625,150.25
125.57375,112.99,190.97375,62.095,219.69875,99.01,154.28375,149.905
125.83125,112.945,190.87125,62.44,219.31125,99.055,154.25625,149.56
126.09,112.9,190.77,62.785,218.91,99.1,154.23,149.215
126.5325,110.0675,194.9625,65.3675,219.9375,102.8825,151.5075,147.5825
126.9875,107.24875,199.1525,67.94875,220.9625,106.66375,148.7975,145.94875
127.4275,104.41625,203.3425,70.53125,222.0025,110.44625,146.0875,144.31625
127.8825,101.5825,207.5325,73.1275,223.0275,114.2275,143.3775,142.6825
128.325,98.75,211.725,75.71,224.055,118.01,140.655,141.05
128.78,95.93125,215.915,78.29125,225.08,121.79125,137.945,139.41625
128.065,90.77,218.935,78.545,224.935,123.23,134.065,135.455
129.49,90.9475,220.93,79.5175,226.51,123.8425,135.07,135.2725
130.93,91.1275,222.925,80.4775,228.07,124.4425,136.075,135.0925
132.355,91.32,224.92,81.45,229.645,125.04,137.08,134.91
133.795,91.5,226.915,82.41,231.205,125.64,138.085,134.73
134.06375,91.1,227.73875,82.79,231.60875,125.66,137.91875,133.97
134.33,90.7,228.575,83.17,232.01,125.68,137.765,133.21
134.6,90.315,229.4,83.55,232.4,125.685,137.6,132.45
136.33375,90.265,230.14375,83.695,233.08375,125.875,139.28875,132.445
138.08,90.22875,230.87,83.83875,233.78,126.04875,140.99,132.45375
139.82875,90.1925,231.59875,83.9825,234.46375,126.2375,142.67875,132.4475
141.575,90.1575,232.34,84.1275,235.145,126.4125,144.38,132.4425
143.31,90.1225,233.07,84.2575,235.83,126.5875,146.07,132.4525
145.0575,90.08625,233.8125,84.40125,236.5125,126.77625,147.7575,132.44625
146.805,90.05,234.54,84.545,237.195,126.95,149.46,132.455
148.0,85.25,238.0,85.25,238.0,131.75,148.0,131.75
150.8225,83.564625,238.5575,83.509125,238.5875,129.710625,150.8525,129.770625
157.13625,74.128625,241.67625,90.495125,232.46625,138.138125,147.91125,121.773125
161.73375,70.704625,243.16875,92.294125,230.40375,140.420125,148.98375,118.820125
157.1575,72.849375,244.9525,86.371875,237.5125,134.626875,149.7175,121.096875
174.5825,65.0875,247.0175,98.7325,225.9875,144.0025,153.5525,110.3575
172.9775,66.181125,249.3725,100.742625,229.4525,144.767625,153.0575,110.207625
172.65,72.225,251.145,96.525,237.75,138.975,159.255,114.675
187.255,62.9745,252.295,106.9755,223.885,148.9605,158.845,104.9655
188.1725,62.02525,253.3925,107.53225,224.0375,149.60725,158.8175,104.09725
182.90125,66.877125,251.96125,100.256625,232.32625,140.861625,163.28125,107.471625
190.205,63.384375,254.99,107.806875,226.415,149.491875,161.63,105.061875
200.8875,63.489125,253.5675,117.964625,218.5425,151.834625,165.8625,97.354625
200.5875,66.278375,253.0575,120.390875,224.3625,148.215875,171.8925,94.107875
207.82875,66.242125,251.82375,124.121125,219.16875,148.931125,175.18875,91.056625
216.635,67.798375,248.3,135.392875,213.665,151.607875,182.0,84.017875
217.57,67.770625,251.17,132.884125,214.45,151.829125,180.85,86.723125
218.12125,67.7795,250.62625,134.7965,214.44625,152.3315,181.95625,85.3205
220.5525,67.96725,250.0125,138.21525,215.4975,152.69025,186.0375,82.44525
224.2375,68.975875,248.6425,138.454375,212.8525,151.024375,188.4475,81.550375
225.88,70.518375,249.34,143.659875,214.54,154.819875,191.08,81.682875
224.34,70.688375,247.71,142.190375,216.96,152.255375,193.59,80.742875
231.445,73.68875,241.3,147.39875,211.555,152.46875,201.7,78.77375
229.22,73.9085,244.46,147.845,214.82,153.95,199.58,80.0165
232.405,73.208,243.52,148.172,213.895,152.567,202.78,77.597
231.66,74.642125,240.825,152.537125,214.02,155.687125,204.855,77.796625
234.5525,74.763125,242.6075,153.328625,212.9975,156.358625,204.9425,77.800625
239.255,82.04,234.005,160.85,205.745,158.96,210.995,80.15
240.87375,83.82,233.31375,161.955,204.73875,159.0,212.28375,80.865
242.4925,85.6,232.6375,163.06,203.7175,159.04,213.5725,81.58
244.11125,87.3825,231.94625,164.1675,202.69625,159.0675,214.87625,82.2825
244.8225,89.1625,230.3475,165.2725,200.7675,159.1075,215.2425,82.9975
245.51875,90.955,228.74875,166.39,198.83875,159.145,215.62375,83.71
246.23125,92.7375,227.15125,167.4975,196.89625,159.1725,215.99125,84.4125
246.9425,94.5175,225.5375,168.6025,194.9675,159.2125,216.3725,85.1275
247.64,96.29875,223.94,169.70875,193.04,159.25375,216.74,85.82875
248.35,98.08,222.34,170.815,191.11,159.28,217.12,86.545
249.04875,99.85875,220.74375,171.93375,189.16875,159.31875,217.48875,87.25875
249.76,101.64,219.13,173.04,187.24,159.36,217.87,87.96
250.25625,104.285,216.56625,173.075,185.66625,157.715,219.34125,88.925
250.7525,106.915,214.0025,173.095,184.0775,156.085,220.8275,89.905
251.2475,109.545,211.4375,173.13,182.5025,154.455,222.3125,90.87
251.75875,112.19,208.87375,173.165,180.91375,152.81,223.78375,91.835
252.25375,114.82,206.30875,173.2,179.33875,151.18,225.26875,92.8
252.75,117.45,203.745,173.235,177.75,149.55,226.755,93.765
253.245,120.08,201.18,173.27,176.175,147.92,228.24,94.73
253.74125,122.725,198.61625,173.305,174.60125,146.275,229.71125,95.695
254.2375,125.355,196.0525,173.325,173.0125,144.645,231.1975,96.675
254.7325,127.985,193.4875,173.36,171.4375,143.015,232.6825,97.64
255.23,130.615,190.925,173.395,169.85,141.385,234.155,98.605
255.725,133.26,188.36,173.43,168.275,139.74,235.64,99.57
255.59125,136.07625,185.88625,173.15625,167.27125,137.89125,236.96125,100.82625
255.45625,138.91,183.42625,172.87,166.25125,136.03,238.29625,102.07
255.3225,141.74125,180.9525,172.59625,165.2475,134.18125,239.6175,103.31125
255.1875,144.55875,178.4925,172.32375,164.2425,132.31875,240.9375,104.56875
255.03875,147.39125,176.01875,172.03625,163.23875,130.47125,242.27375,105.81125
254.90375,149.5225,173.55875,171.0625,162.23375,127.9075,243.59375,106.3675
267.635,137.72,178.295,178.655,159.545,137.72,248.885,96.785
253.59125,153.25,169.57625,167.755,161.79125,123.13,245.79125,108.625
252.4125,154.8475,168.0825,165.4225,162.3375,120.9025,246.6675,110.3275
251.22,156.445,166.575,163.075,162.9,118.675,247.545,112.045
250.04,158.04,165.08,160.74,163.46,116.46,248.42,113.76
251.6025,159.8375,163.2675,160.1825,163.0875,112.5725,251.4225,112.2275
251.38375,159.05375,162.97375,160.85375,162.01375,114.02375,250.43875,112.23875
246.48875,162.84375,160.56875,153.73875,165.14375,109.78875,251.04875,118.87875
249.9475,162.725,163.1125,159.305,165.0625,109.655,251.8975,113.075
243.8225,165.58375,157.4675,149.02375,165.5075,105.85375,251.8625,122.42875
242.3625,166.72875,155.8575,146.62875,165.3075,104.14875,251.8125,124.26375
240.89,167.885,154.25,144.245,165.11,102.455,251.75,126.095
239.41625,169.03,152.64125,141.865,164.92625,100.75,251.68625,127.915
237.9425,170.175,151.0475,139.47,164.7275,99.045,251.6225,129.75
236.47,171.31875,149.44,137.08875,164.53,97.33875,251.56,131.58375
234.9975,172.4625,147.8325,134.6925,164.3325,95.6475,251.4975,133.4175
233.5225,173.62,146.2225,132.31,164.1475,93.94,251.4475,135.25
232.05,174.765,144.615,129.93,163.95,92.235,251.385,137.07
232.1425,173.6275,143.1925,130.5025,161.6875,92.4625,250.6375,135.5875
232.23375,172.48,141.76875,131.065,159.42375,92.68,249.90375,134.095
232.325,171.3425,140.345,131.6375,157.175,92.9075,249.155,132.6125
232.4175,170.20625,138.9225,132.21125,154.9125,93.13625,248.4075,131.11625
232.50875,169.05625,137.49875,132.78625,152.64875,93.35125,247.67375,129.63625
231.475,168.445,136.495,132.19,151.525,93.055,246.505,129.31
230.455,167.82,135.49,131.595,150.385,92.76,245.35,128.985
229.4225,167.20875,134.4875,130.99875,149.2475,92.46375,244.1825,128.65875
228.39,166.5825,133.485,130.4025,148.11,92.1675,243.015,128.3475
227.37,165.97,132.48,129.82,146.97,91.87,241.86,128.02
226.3375,165.34625,131.4775,129.22625,145.8325,91.56125,240.6925,127.69625
225.305,164.735,130.475,128.63,144.695,91.265,239.525,127.37
224.7675,164.985,130.1175,128.535,144.9825,90.015,239.6325,126.465
224.215,165.235,129.76,128.455,145.285,88.765,239.74,125.545
223.6775,165.485,129.4175,128.36,145.5725,87.515,239.8325,124.64
223.125,165.735,129.06,128.265,145.875,86.265,239.94,123.735
222.5875,165.985,128.7025,128.185,146.1625,85.015,240.0475,122.815
222.035,166.235,128.345,128.09,146.465,83.765,240.155,121.91
221.4975,166.485,128.0025,128.01,146.7525,82.515,240.2475,120.99
220.945,166.735,127.645,127.915,147.055,81.265,240.355,120.085
220.92125,165.7425,127.74125,127.9575,146.62625,81.3675,239.82125,119.1525
220.91125,164.76375,127.82125,127.99875,146.21125,81.46875,239.28625,118.21875
220.8875,163.7725,127.9175,128.0425,145.7825,81.5575,238.7525,117.2875
220.86375,162.78,128.01375,128.085,145.35375,81.66,238.21875,116.355
220.84125,161.80125,128.09625,128.12625,144.92625,81.76125,237.68625,115.42125
220.83,160.80875,128.19,128.16875,144.51,81.86375,237.15,114.48875
220.8075,159.81625,128.2875,128.22625,144.0825,81.95125,236.6025,113.55625
220.785,158.8375,128.37,128.2675,143.655,82.0525,236.07,112.6225
220.775,157.845,128.465,128.31,143.225,82.155,235.535,111.69
219.93125,155.155,130.12625,131.035,141.93125,83.845,231.72125,107.965
219.0875,152.45,131.8025,133.775,140.6225,85.55,227.9075,104.225
228.1025,146.08375,141.2225,146.32375,141.0875,93.25375,227.9675,93.02875
217.4125,147.055,135.1375,139.225,138.0175,88.945,220.2925,96.775
223.35,139.1525,140.355,146.1875,136.29,98.2175,219.285,91.1825
222.05875,129.275,147.11875,155.345,131.11375,109.325,206.03875,83.255
221.39875,124.087125,149.32375,158.422125,127.79875,113.242125,199.88875,78.911625
217.7575,130.033375,145.4125,151.213375,131.4325,103.498375,203.7775,82.307875
215.5725,123.189875,147.9825,154.599875,129.1575,114.069875,196.7475,82.661375
210.905,114.3625,147.32,157.3675,126.095,122.3875,189.68,79.3825
209.565,106.175,149.715,160.685,123.435,131.825,183.285,77.315
206.2375,104.6575,150.9025,160.4425,123.5125,133.5925,178.8475,77.8075
209.5375,112.024625,151.6225,163.339625,122.2525,130.174625,180.1675,78.864125
206.76,108.245875,150.96,163.625875,121.44,133.895875,177.24,78.505375
203.5125,107.171625,149.1225,159.431625,122.0175,131.216625,176.4075,78.967125
192.8825,98.6325,155.6825,159.4575,123.8675,140.6175,161.0675,79.7925
189.54,97.13,156.87,159.215,123.96,142.37,156.63,80.285
186.1975,95.6125,158.0575,158.9725,124.0525,144.1375,152.1925,80.7775
182.855,94.11,159.26,158.73,124.145,145.89,147.74,81.27
186.72,94.48725,152.25,162.30225,122.16,147.00225,156.63,79.19025
175.22625,93.0545,148.52625,162.8195,125.14125,153.8645,151.85625,84.1055
185.54875,96.334875,143.72875,166.039875,115.70875,149.224875,157.54375,79.521375
177.895,98.4725,146.635,163.1225,119.485,149.9975,150.745,85.3475
182.0675,96.204,141.8525,166.989,114.1625,151.269,154.3775,80.466
176.1525,96.35125,148.1475,160.26625,117.5175,146.97625,145.5225,83.07625
175.0425,96.7225,146.3025,160.5175,116.4075,147.1675,145.1475,83.3725
173.92,97.095,144.445,160.77,115.3,147.345,144.775,83.67
172.81,97.465,142.6,161.02,114.19,147.535,144.4,83.98
167.445,88.086625,155.94,156.164125,118.035,149.759125,129.54,81.677125
170.82875,96.075,140.54375,160.2,112.44875,146.925,142.74875,82.8
172.0575,91.224875,145.6275,158.919875,111.7125,145.674875,138.1425,77.981375
178.47,105.192875,126.57,159.297875,104.37,137.997875,156.27,83.888375
179.7625,104.509625,125.1475,161.404625,101.3875,138.589625,156.0025,81.699125
175.945,108.9425,124.105,157.6475,102.115,134.2475,153.955,85.5425
165.905,92.6,135.395,158.105,108.095,145.4,138.605,79.895
166.27875,92.705,134.61375,158.66,106.83375,145.295,138.48375,79.34
172.09625,97.49475,128.04125,160.14975,100.59125,140.84475,144.66125,78.19275
167.015,92.93,133.04,159.77,104.285,145.07,138.26,78.23
167.375,93.05,132.26,160.31,103.025,144.95,138.14,77.69
167.75,93.155,131.48,160.865,101.75,144.845,138.02,77.135
168.12375,93.275,130.69875,161.42,100.47375,144.725,137.91375,76.58
168.5,93.38,129.905,161.975,99.2,144.62,137.795,76.025
168.86,93.485,129.125,162.53,97.94,144.515,137.675,75.47
169.235,93.605,128.345,163.07,96.665,144.395,137.555,74.93
169.61,93.71,127.565,163.625,95.39,144.29,137.435,74.375
170.32125,97.4325,123.94125,164.3175,92.56125,141.9375,138.92625,75.0525
171.0325,101.1525,120.3325,165.0075,89.7175,139.5975,140.4175,75.7425
171.745,104.8725,116.725,165.6975,86.875,137.2575,141.895,76.4325
175.451625,121.502875,112.736625,166.472875,82.927125,124.907875,145.631625,79.933375
173.18,112.30125,109.505,167.08125,81.2,132.56625,144.875,77.80125
177.250125,126.69,105.805125,168.075,78.668625,121.23,150.115125,79.845
174.60375,119.7425,102.28875,168.4625,75.51375,127.8875,147.84375,79.1675
179.44425,126.892125,103.88925,170.242125,75.50325,120.757125,151.04925,77.411625
178.157625,119.677375,99.452625,170.482375,71.011125,126.412375,149.717625,75.608875
173.3775,128.29,92.4675,167.455,70.1925,120.43,151.1025,81.265
172.415,130.6975,89.375,166.5925,68.945,117.8725,151.985,81.9775
171.44,133.1175,86.27,165.7425,67.7,115.3125,152.87,82.6875
171.203125,150.875,72.945625,158.315,68.288125,96.905,166.538125,89.465
169.5025,137.945,80.0575,164.045,65.2075,110.195,154.6525,84.095
168.54,140.35,76.965,163.195,63.96,107.65,155.535,84.805
167.565,142.77,73.86,162.345,62.715,105.09,156.42,85.515
166.60125,145.1775,70.75125,161.4975,61.48125,102.5325,157.31625,86.2125
165.625,147.5975,67.66,160.6475,60.235,99.9725,158.2,86.9225
164.66375,150.00375,64.55375,159.79875,58.98875,97.41375,159.08375,87.63375
163.68875,152.4225,61.44875,158.9475,57.74375,94.8675,159.96875,88.3425
173.2945,139.314875,71.9725,171.609875,52.1275,109.344875,153.4495,77.051375
172.69525,142.109375,69.03175,171.509375,50.74075,107.009375,154.41025,77.616875
165.81,156.186875,56.658,160.611875,53.787,89.661875,162.945,85.244375
158.8175,156.69875,52.2275,158.55875,51.0725,91.23875,157.6625,89.39375
169.6755,135.27325,68.9175,175.06825,44.3025,112.75825,145.0605,72.95425
155.885,156.1475,49.19,159.8525,46.895,92.7425,153.59,89.0375
154.41875,155.8775,47.67875,160.5125,44.79875,93.4925,151.55375,88.8575
152.96625,155.59625,46.16625,161.16125,42.71625,94.23125,149.50125,88.68125
159.249625,127.53,75.747625,182.01,38.051125,124.23,121.554625,69.75
159.555875,130.609625,69.465875,181.654625,35.615375,121.909625,125.715875,70.869125
162.913375,122.2925,80.768875,189.7625,33.472375,132.1775,115.618375,64.7075
158.416875,121.237625,77.566875,189.397625,31.239375,134.452625,112.081875,66.291125
159.813875,120.980125,81.069875,193.415125,29.171375,137.000125,107.913875,64.563625
156.24475,125.789875,66.48475,188.009875,26.43775,130.229875,116.19475,68.011375
156.079125,124.28225,68.018625,192.15725,23.185125,133.98725,111.244125,66.11525
157.961625,123.240625,71.771625,196.650625,21.037125,137.100625,107.216625,63.683125
150.884,150.3675,35.876,171.3225,23.654,104.2425,138.674,83.2875
151.84775,121.756875,75.32075,194.716875,22.43825,139.231875,98.97125,66.279375
157.50425,126.15725,69.90725,204.39725,14.56175,142.43225,102.15275,64.19525
141.25125,156.2,27.82125,170.66,18.97125,101.18,132.38625,86.72
140.51875,156.41375,26.29375,171.51875,17.03875,101.67875,131.27875,86.55875
139.7875,156.61375,24.7525,172.37875,15.1225,102.16375,130.1575,86.41375
148.985125,129.86325,57.701125,195.95325,11.738125,132.48825,103.014625,66.38925
130.121,169.018625,16.388,157.558625,23.672,85.320125,137.411,96.793625
131.435,156.12375,24.65,168.93375,16.565,102.16875,123.35,89.34375
129.745,155.9725,24.79,169.0825,16.255,101.5975,121.21,88.4875
128.055,155.835,24.93,169.23,15.945,101.025,119.07,87.63
126.365,155.685,25.07,169.38,15.635,100.455,116.93,86.76
124.675,155.53375,25.225,169.52875,15.325,99.88375,114.775,85.90375
122.985,155.395,25.365,169.675,15.015,99.325,112.635,85.045
121.295,155.245,25.505,169.825,14.705,98.755,110.495,84.175
112.61,155.8225,28.445,168.4525,20.39,97.8475,104.555,85.2175
75.780125,183.462625,14.899625,147.657625,60.199625,70.646125,121.075625,106.452625
71.22925,182.985,15.60025,150.99,60.23575,73.395,115.86475,105.39
68.75525,184.665875,15.33725,156.105875,59.47175,73.565375,112.88975,102.135875
64.301875,182.2505,16.487875,154.9055,61.349875,76.4645,109.165375,103.8155
64.4785,183.8905,17.218,160.7905,57.8215,77.7445,105.082,100.8505
66.942,186.774875,20.9115,169.794875,54.228,79.466375,100.2585,96.444875
72.3875,178.495,29.7875,169.675,47.3225,84.085,89.9225,92.905
73.0275,179.7275,30.8775,171.4775,47.5425,85.1225,89.6925,93.3725
73.6675,180.97,31.9675,173.29,47.7625,86.17,89.4625,93.85
74.3225,182.2125,33.0575,175.1025,47.9675,87.2175,89.2325,94.3275
74.96375,183.4425,34.13375,176.9175,48.18875,88.2675,89.00375,94.7925
75.605,184.685,35.225,178.73,48.395,89.315,88.775,95.27
73.2225,187.7725,32.6925,180.0775,49.8675,90.1375,90.3975,97.8325
70.855,190.86125,30.175,181.41125,51.325,90.96125,92.005,100.39625
68.4725,193.9625,27.6425,182.7575,52.7975,91.7675,93.6275,102.9725
66.10375,197.05,25.12375,184.105,54.25375,92.59,95.24875,105.535
63.73625,200.14,22.59125,185.44,55.72625,93.4,96.85625,108.1
61.35375,203.24,20.07375,186.785,57.18375,94.22,98.47875,110.675
58.98625,206.32875,17.54125,188.13375,58.65625,95.02875,100.08625,113.23875
56.6025,209.4175,15.0225,189.4675,60.1275,95.8525,101.7075,115.8025
54.23625,212.52,12.49125,190.815,61.58625,96.66,103.31625,118.365
51.8525,215.6075,9.9725,192.1625,63.0575,97.4825,104.9375,120.9275
49.485,218.695,7.44,193.495,64.515,98.305,106.56,123.505
48.99,221.82625,4.665,193.43125,65.01,97.88125,109.335,126.29125
48.495,224.9575,1.875,193.3675,65.505,97.4725,112.125,129.0625
47.985,228.09,0.0,193.29,66.015,97.05,114.9,131.85
47.49,231.22,0.0,193.225,66.51,96.64,117.69,134.635
46.995,234.33625,0.0,193.16125,67.005,96.23125,120.465,137.42125
46.5,237.47,0.0,193.085,67.5,95.81,123.255,140.195
46.005,240.6,0.0,193.02,67.995,95.4,126.03,142.98
43.0,241.395,0.0,191.745,70.9,97.005,127.045,146.655
39.98,242.19,0.0,190.485,73.82,98.61,128.045,150.315
36.96,243.0,0.0,189.21,76.74,100.2,129.045,153.99
33.93875,243.795,0.0,187.935,79.65875,101.805,130.05875,157.665
30.92,244.59,0.0,186.675,82.58,103.41,131.06,161.325
31.02,244.78875,0.0,186.55875,84.78,104.82375,132.135,163.03875
31.12,244.975,0.0,186.46,86.98,106.225,133.195,164.74
31.22,245.16,0.0,186.345,89.18,107.64,134.27,166.455
31.305,245.36,0.0,186.245,91.395,109.04,135.345,168.155
31.405,245.545,0.0,186.13,93.595,110.455,136.405,169.87
29.91625,243.725,0.0,183.785,94.79125,113.375,134.85625,173.315
28.4275,241.8925,0.0,181.4275,96.0025,116.2975,133.2925,176.7625
26.94,240.0725,0.0,179.0825,97.2,119.2175,131.745,180.2075
25.31,240.30125,0.0,175.81625,102.05,118.90625,135.155,183.40625
23.6675,240.52875,0.0,172.54875,106.9025,118.60875,138.5675,186.60375
22.03875,240.75625,0.0,169.28125,111.73875,118.31125,141.97875,189.80125
20.41,240.985,0.0,166.0,116.59,118.015,145.39,193.0
19.83,239.8075,0.0,164.8375,118.17,120.4825,144.78,195.4525
19.25,238.61625,0.0,163.67625,119.75,122.95125,144.17,197.90625
18.67125,237.44,0.0,162.5,121.31625,125.42,143.57625,200.36
18.105,236.24875,0.0,161.33875,122.895,127.88875,142.965,202.81375
17.525,235.0725,0.0,160.1625,124.475,130.3575,142.355,205.2675
16.945,233.88,1.255,159.0,126.055,132.84,141.745,207.72
16.365,232.69,2.85,157.825,127.635,135.31,141.15,210.175
16.99875,232.02625,4.29375,157.49125,128.77875,136.29625,141.49875,210.81625
17.645,231.345,5.72,157.17,129.935,137.295,141.86,211.47
18.27875,230.6675,7.14875,156.8375,131.09375,138.2825,142.20875,212.1125
18.9125,229.9875,8.5775,156.5025,132.2375,139.2825,142.5725,212.7675
19.5575,229.30875,10.0175,156.16875,133.3925,140.26875,142.9325,213.42375
20.1925,228.64375,11.4475,155.83375,134.5375,141.26875,143.2825,214.06375
20.825,227.96375,12.875,155.51375,135.695,142.25375,143.645,214.71875
21.46,227.285,14.305,155.18,136.84,143.255,143.995,215.36
22.105,226.605,15.745,154.845,137.995,144.255,144.355,216.015
29.108625,232.9475,15.430125,158.0225,138.598125,135.5225,152.278125,210.4475
24.3425,225.01,19.5725,153.94,141.2675,145.99,146.0375,217.06
25.9575,224.09,21.9825,153.365,143.3925,146.75,147.3675,217.475
35.435125,237.53625,17.418625,163.55625,138.281125,134.12625,156.296125,208.09125
29.1775,222.255,26.7925,152.22,147.6325,148.245,150.0175,218.28
30.78,221.3375,29.19,151.6475,149.76,148.9925,151.35,218.6825
32.3975,220.4175,31.6025,151.0725,151.8725,149.7525,152.6675,219.0975
35.04,226.29875,32.865,148.65875,156.672,145.17875,158.847,222.83375
38.16125,220.385,36.66125,151.88,153.16625,149.615,154.68125,218.12
42.3225,221.27,39.3075,153.245,152.3475,148.73,155.3625,216.755
46.485,222.155,41.955,154.625,151.515,147.845,156.045,215.375
50.645,223.04,44.615,155.99,150.695,146.96,156.725,214.01
54.80875,223.94,47.26375,157.37,149.86375,146.06,157.39375,212.63
58.97,224.825,49.925,158.75,149.03,145.175,158.075,211.25
62.36875,224.84625,51.43375,161.71125,146.54875,145.01625,157.49875,208.13625
65.60125,224.8825,52.91125,164.3725,144.24625,144.8275,156.95125,205.3375
68.835,224.93125,54.375,167.04625,141.945,144.63625,156.405,202.53625
72.06625,224.9825,55.85125,169.7075,139.64125,144.4475,155.87125,199.7225
75.2525,225.03375,57.3575,172.17375,137.3975,144.25875,155.2925,197.10375
78.4875,225.06875,58.8375,174.84875,135.0825,144.06875,154.7325,194.30375
81.72,225.12,60.315,177.51,132.78,143.88,154.185,191.49
85.0125,225.17,61.8075,180.17,130.4175,143.69,153.6225,188.69
88.3075,225.23625,63.2275,182.93625,128.0425,143.48625,153.1225,185.77125
91.53875,225.2875,64.64375,185.7025,125.75375,143.2825,152.63375,182.8675
94.75625,225.3375,66.12125,188.3625,123.45125,143.0925,152.10125,180.0675
97.9,225.345,67.63,190.965,121.24,142.935,151.51,177.315
101.1325,225.395,69.1075,193.625,118.9375,142.745,150.9625,174.515
104.455,225.52,70.435,196.45,116.545,142.48,150.565,171.55
107.545,225.645,72.985,199.47,115.255,142.755,149.815,168.93
110.62125,225.77,75.53625,202.49,113.98125,143.03,149.05125,166.31
113.71,225.895,78.1,205.51,112.69,143.305,148.3,163.69
116.785,226.02,80.65,208.53,111.415,143.58,147.55,161.07
119.875,226.145,83.2,211.55,110.125,143.855,146.8,158.45
132.0,213.5,96.0,213.5,96.0,150.5,132.0,150.5
145.25,213.5,95.75,213.5,95.75,156.5,145.25,156.5
167.25,190.75,129.75,228.25,87.75,186.25,125.25,148.75
167.505,161.515,161.91,224.14,90.495,216.985,96.09,154.36
179.745,164.53,168.555,232.78,81.255,218.47,92.445,150.22
187.0025,165.5225,176.9075,233.9075,81.7475,220.2275,91.8425,151.8425
194.25875,166.53,185.25875,235.02,82.23875,221.97,91.25375,153.48
201.5175,167.5375,193.5975,236.1475,82.7325,223.7125,90.6525,155.1025
208.775,168.53,201.95,237.26,83.225,225.47,90.05,156.74
215.0025,170.3075,208.8825,236.8475,88.7475,225.9425,94.8675,159.4025
221.215,172.085,215.815,236.435,94.285,226.415,99.685,162.065
227.4425,173.8625,222.7475,236.0225,99.8075,226.8875,104.5025,164.7275
233.655,175.625,229.68,235.61,105.345,227.375,109.32,167.39
239.3125,176.4525,235.6675,235.4475,111.4375,227.7975,115.0825,168.8025
244.955,177.265,241.64,235.27,117.545,228.235,120.86,170.23
250.5975,178.0925,247.6275,235.1075,123.6525,228.6575,126.6225,171.6425
256.24,178.905,253.6,234.93,129.76,229.095,132.4,173.07
260.88125,178.82,258.63125,235.19,134.68625,230.18,136.95125,173.81
265.525,178.72,263.65,235.45,139.615,231.28,141.49,174.55
270.18125,178.62,268.66625,235.71,144.54125,232.38,146.04125,175.29
274.82375,178.535,273.68375,235.97,149.46875,233.465,150.59375,176.03
279.46625,178.435,278.70125,236.23,154.39625,234.565,155.14625,176.77
284.1075,178.35,283.7325,236.49,159.3225,235.65,159.6975,177.51
288.75,178.25,288.75,236.75,164.25,236.75,164.25,178.25
298.295,184.1625,289.415,247.5525,161.405,229.6275,170.285,166.2375
297.68125,178.1025,298.25125,236.9175,173.72125,238.0875,173.13625,179.2725
303.4975,181.245,299.4175,241.785,173.7925,233.295,177.8725,172.755
306.43625,177.4475,307.41125,235.9625,182.44625,238.0625,181.45625,179.5475
313.4875,177.8525,312.6175,237.2975,180.7225,235.3775,181.5925,175.9325
315.555,177.82125,317.28,237.26625,192.645,240.74625,190.92,181.31625
320.185,181.93625,321.055,235.03625,194.455,237.10625,193.585,183.99125
324.4875,177.6875,326.7825,237.4325,202.1025,242.0825,199.8075,182.3375
323.88,172.6575,332.505,229.8675,207.36,248.7525,198.735,191.5425
332.4425,177.765,334.6625,237.855,209.8475,242.295,207.6275,182.205
336.42125,177.8025,338.59625,238.0725,213.70625,242.4075,211.54625,182.1375
340.4,177.84125,342.53,238.29125,217.58,242.52125,215.45,182.05625
344.3775,177.865,346.4625,238.51,221.4525,242.635,219.3675,181.99
348.355,177.90375,350.41,238.72875,225.325,242.73375,223.27,181.92375
352.34625,177.9425,354.34125,238.9325,229.19625,242.8475,227.18625,181.8575
356.325,177.98125,358.275,239.15125,233.055,242.94625,231.105,181.79125
360.3025,178.01875,362.2225,239.36875,236.9275,243.05875,235.0075,181.72375
364.28,178.0575,366.155,239.5875,240.8,243.1725,238.925,181.6425
367.44875,177.325,370.19375,238.915,244.98875,244.255,242.25875,182.665
370.6325,176.595,374.2325,238.26,249.1775,245.325,245.5775,183.66
373.8025,175.86375,378.2575,237.58875,253.3675,246.40875,248.9125,184.66875
376.985,175.13125,382.295,236.93125,257.555,247.47625,252.245,185.69125
380.16875,174.39875,386.33375,236.27375,261.74375,248.55875,255.56375,186.69875
383.3375,173.66875,390.3725,235.60375,265.9325,249.64375,258.8975,187.69375
386.52125,172.9375,394.41125,234.9475,270.12125,250.7125,262.21625,188.7025
389.69,172.205,398.45,234.275,274.31,251.795,265.55,189.725
395.18,170.71,401.57,236.215,277.82,248.29,271.43,182.785
