262.0,90.0,331.0,90.0,331.0,126.0,262.0,126.0
270.76,95.56,324.44,91.28,327.24,126.44,273.56,130.72
270.81,97.44,324.55,94.02,326.79,129.36,273.05,132.78
270.86,99.33,324.66,96.77,326.34,132.27,272.54,134.83
270.9,101.22,324.77,99.51,325.89,135.18,272.02,136.89
270.95,103.11,324.89,102.26,325.45,138.09,271.51,138.94
271.0,105.0,325.0,105.0,325.0,141.0,271.0,141.0
269.45,107.1,323.39,105.53,324.43,141.45,270.49,143.03
267.91,109.21,321.79,106.06,323.87,141.9,269.99,145.05
266.36,111.31,320.18,106.58,323.3,142.36,269.49,147.08
264.82,113.41,318.57,107.11,322.74,142.81,268.98,149.11
264.17,113.72,317.87,105.84,323.07,141.46,269.38,149.34
263.53,114.02,317.16,104.57,323.41,140.11,269.77,149.57
262.88,114.32,316.45,103.3,323.74,138.76,270.17,149.79
262.23,114.63,315.75,102.02,324.08,137.42,270.56,150.02
261.59,114.93,315.04,100.75,324.41,136.07,270.96,150.25
260.44,114.4,313.67,99.64,323.34,134.6,270.11,149.36
259.28,113.86,312.29,98.52,322.27,133.14,269.26,148.48
258.13,113.32,310.92,97.41,321.2,131.68,268.42,147.59
256.98,112.79,309.54,96.3,320.13,130.21,267.57,146.7
255.83,112.25,308.17,95.18,319.06,128.74,266.72,145.82
254.67,111.72,306.79,94.07,317.99,127.28,265.87,144.93
253.52,111.18,305.42,92.96,316.92,125.82,265.03,144.04
252.37,110.65,304.04,91.84,315.85,124.35,264.18,143.16
251.21,110.11,302.67,90.73,314.79,122.89,263.33,142.27
249.74,110.67,299.52,89.13,312.72,120.02,262.95,141.56
248.27,111.22,296.37,87.53,310.66,117.15,262.56,140.85
246.8,111.78,293.23,85.93,308.6,114.29,262.17,140.13
245.33,112.33,290.08,84.34,306.54,111.42,261.79,139.42
243.86,112.89,286.93,82.74,304.47,108.56,261.4,138.71
242.39,113.44,283.78,81.14,302.41,105.69,261.02,137.99
240.92,114.0,280.64,79.54,300.35,102.82,260.63,137.28
239.45,114.56,277.49,77.94,298.29,99.96,260.25,136.57
237.98,115.11,274.34,76.35,296.23,97.09,259.86,135.85
233.17,121.22,267.86,80.3,290.83,99.78,256.14,140.7
228.83,117.71,270.65,74.84,294.17,97.79,252.35,140.66
233.73,118.28,266.72,78.05,288.27,95.72,255.28,135.95
232.74,120.38,265.14,78.42,287.2,95.57,254.8,137.52
231.76,122.48,263.57,78.79,286.13,95.41,254.32,139.1
230.77,124.58,261.99,79.15,285.07,95.25,253.84,140.68
229.78,126.68,260.42,79.52,284.0,95.1,253.36,142.26
230.14,129.23,260.2,80.34,284.28,95.39,254.22,144.29
230.5,131.78,259.97,81.15,284.57,95.69,255.09,146.32
230.86,134.33,259.75,81.97,284.85,95.98,255.96,148.34
231.22,136.88,259.53,82.79,285.13,96.27,256.83,150.37
231.58,139.43,259.3,83.6,285.42,96.57,257.7,152.4
233.02,140.16,259.09,83.97,284.87,96.06,258.8,152.25
234.46,140.9,258.88,84.35,284.32,95.55,259.9,152.1
235.9,141.63,258.67,84.72,283.77,95.04,261.0,151.95
237.34,142.36,258.45,85.09,283.22,94.53,262.1,151.8
238.77,143.1,258.24,85.46,282.67,94.01,263.2,151.65
240.21,143.83,258.03,85.83,282.12,93.5,264.3,151.5
241.65,144.56,257.82,86.2,281.57,92.99,265.4,151.35
243.09,145.29,257.61,86.57,281.02,92.48,266.5,151.2
244.53,146.03,257.39,86.94,280.47,91.97,267.61,151.05
245.83,143.69,258.3,85.77,281.2,90.71,268.74,148.63
247.14,141.35,259.2,84.6,281.93,89.45,269.87,146.2
248.44,139.01,260.1,83.43,282.66,88.19,271.0,143.77
248.21,139.82,260.27,84.49,283.02,89.49,270.96,144.82
247.98,140.64,260.43,85.56,283.38,90.79,270.92,145.87
247.75,141.45,260.6,86.62,283.74,92.09,270.89,146.92
247.52,142.26,260.76,87.69,284.1,93.39,270.85,147.97
247.29,143.07,260.93,88.75,284.46,94.7,270.81,149.02
247.05,143.89,261.09,89.82,284.82,96.0,270.78,150.07
246.82,144.7,261.26,90.89,285.18,97.3,270.74,151.12
247.2,144.65,261.73,91.6,285.05,97.97,270.52,151.03
247.58,144.61,262.21,92.31,284.92,98.64,270.29,150.94
247.95,144.57,262.68,93.02,284.8,99.31,270.07,150.86
248.33,144.52,263.16,93.73,284.67,99.98,269.84,150.77
248.71,144.48,263.63,94.44,284.54,100.65,269.62,150.69
249.08,144.43,264.11,95.15,284.42,101.32,269.39,150.6
249.46,144.39,264.58,95.86,284.29,101.99,269.17,150.51
249.84,144.34,265.05,96.57,284.16,102.66,268.95,150.43
250.15,144.04,265.31,96.52,284.18,102.54,269.02,150.06
250.46,143.74,265.56,96.47,284.2,102.42,269.1,149.7
250.78,143.45,265.82,96.42,284.22,102.3,269.18,149.33
251.09,143.15,266.07,96.37,284.24,102.18,269.26,148.97
251.4,142.85,266.33,96.32,284.27,102.07,269.34,148.6
251.71,142.55,266.58,96.26,284.29,101.95,269.42,148.24
252.03,142.26,266.84,96.21,284.31,101.83,269.49,147.87
252.34,141.96,267.09,96.16,284.33,101.71,269.57,147.51
252.65,141.66,267.35,96.11,284.35,101.59,269.65,147.14
252.97,141.36,267.6,96.06,284.37,101.47,269.73,146.78
253.28,141.06,267.86,96.01,284.39,101.35,269.81,146.41
253.59,140.76,268.11,95.96,284.41,101.24,269.89,146.04
253.44,140.98,268.3,95.67,284.62,101.02,269.76,146.33
253.29,141.2,268.49,95.39,284.83,100.8,269.63,146.61
253.15,141.42,268.69,95.11,285.04,100.58,269.5,146.89
253.0,141.64,268.88,94.83,285.25,100.36,269.37,147.17
252.85,141.86,269.07,94.55,285.47,100.14,269.25,147.45
252.7,142.08,269.26,94.26,285.68,99.92,269.12,147.74
252.55,142.3,269.45,93.98,285.89,99.7,268.99,148.02
252.4,142.52,269.64,93.7,286.1,99.48,268.86,148.3
252.25,142.74,269.83,93.42,286.31,99.26,268.73,148.58
252.1,142.96,270.02,93.14,286.52,99.04,268.61,148.86
251.95,143.17,270.21,92.86,286.73,98.83,268.48,149.14
251.8,143.39,270.4,92.57,286.95,98.61,268.35,149.43
251.66,143.61,270.59,92.29,287.16,98.39,268.22,149.71
251.51,143.83,270.78,92.01,287.37,98.17,268.09,149.99
251.36,144.05,270.97,91.73,287.58,97.95,267.97,150.27
251.21,144.27,271.16,91.45,287.79,97.73,267.84,150.55
253.8,144.02,269.48,92.0,286.54,96.73,270.85,148.75
256.38,143.77,267.8,92.55,285.28,95.73,273.87,146.95
258.97,143.52,266.12,93.1,284.03,94.73,276.88,145.15
260.49,143.27,263.37,93.65,281.71,93.73,278.83,143.35
262.01,143.02,260.62,94.2,279.39,92.73,280.78,141.55
263.53,142.77,257.88,94.75,277.07,91.73,282.73,139.75
265.05,142.52,255.13,95.31,274.74,90.73,284.67,137.95
266.58,142.27,252.38,95.86,272.42,89.72,286.62,136.15
267.21,142.29,250.44,97.76,270.5,89.71,287.28,134.24
267.85,142.31,248.5,99.67,268.58,89.69,287.93,132.33
268.48,142.33,246.55,101.58,266.66,89.67,288.59,130.42
269.11,142.35,244.61,103.49,264.74,89.65,289.24,128.51
269.75,142.36,242.67,105.4,262.82,89.64,289.9,126.6
270.38,142.38,240.73,107.31,260.9,89.62,290.56,124.69
271.02,142.4,238.79,109.22,258.98,89.6,291.21,122.78
270.2,143.26,237.19,110.52,257.93,89.37,290.94,122.1
269.37,144.11,235.59,111.83,256.88,89.14,290.66,121.42
268.55,144.97,233.99,113.13,255.83,88.9,290.39,120.75
267.73,145.83,232.39,114.43,254.77,88.67,290.11,120.07
266.9,146.69,230.79,115.74,253.72,88.44,289.84,119.39
266.08,147.54,229.19,117.04,252.67,88.21,289.56,118.71
265.26,148.4,227.59,118.34,251.62,87.97,289.29,118.03
264.44,149.26,225.99,119.64,250.56,87.74,289.01,117.36
263.96,149.32,224.61,120.4,248.32,88.25,287.68,117.17
263.49,149.38,223.23,121.15,246.08,88.76,286.35,116.99
263.02,149.44,221.84,121.91,243.84,89.28,285.02,116.81
262.54,149.5,220.46,122.66,241.6,89.79,283.68,116.62
262.07,149.56,219.08,123.42,239.36,90.3,282.35,116.44
261.6,149.62,217.69,124.17,237.12,90.81,281.02,116.25
261.12,149.68,216.31,124.93,234.88,91.32,279.69,116.07
258.83,149.87,213.87,125.09,232.35,91.56,277.31,116.34
256.53,150.07,211.42,125.25,229.83,91.8,274.93,116.61
254.23,150.26,208.98,125.42,227.31,92.04,272.56,116.88
251.93,150.45,206.53,125.58,224.78,92.28,270.18,117.15
249.63,150.64,204.09,125.74,222.26,92.52,267.8,117.43
248.57,150.98,202.82,126.35,220.71,93.17,266.46,117.8
247.51,151.32,201.56,126.96,219.16,93.82,265.12,118.18
246.46,151.66,200.29,127.57,217.61,94.47,263.77,118.56
245.4,152.0,199.03,128.18,216.06,95.11,262.43,118.93
244.35,152.34,197.77,128.79,214.51,95.76,261.09,119.31
243.29,152.68,196.51,129.41,212.96,96.41,259.74,119.68
242.23,153.02,195.24,130.02,211.41,97.06,258.4,120.06
241.18,153.36,193.98,130.63,209.86,97.71,257.05,120.44
240.12,153.7,192.72,131.24,208.31,98.35,255.71,120.81
238.62,154.46,191.21,131.29,207.2,98.58,254.61,121.75
237.13,155.22,189.71,131.34,206.09,98.8,253.51,122.68
235.63,155.98,188.2,131.4,204.97,99.03,252.41,123.62
234.14,156.74,186.7,131.45,203.86,99.26,251.3,124.55
232.73,157.81,185.51,131.24,202.9,100.02,250.12,126.59
231.31,158.87,184.32,131.03,201.94,100.79,248.93,128.63
229.9,159.94,183.14,130.82,200.98,101.56,247.74,130.68
228.48,161.0,181.95,130.62,200.02,102.33,246.55,132.72
227.07,162.07,180.77,130.41,199.06,103.1,245.36,134.76
225.65,163.13,179.58,130.2,198.1,103.86,244.17,136.8
224.24,163.53,178.4,129.32,197.13,103.97,242.98,138.18
222.83,163.93,177.21,128.45,196.17,104.07,241.79,139.55
221.76,163.85,176.62,128.56,195.38,104.56,240.52,139.85
220.69,163.77,176.03,128.67,194.58,105.05,239.24,140.15
219.62,163.68,175.44,128.78,193.79,105.54,237.97,140.45
218.55,163.6,174.85,128.89,192.99,106.03,236.69,140.75
217.88,162.34,174.66,127.82,192.59,105.35,235.81,139.87
217.21,161.08,174.46,126.75,192.18,104.66,234.93,138.99
216.53,159.82,174.26,125.68,191.78,103.97,234.05,138.12
215.86,158.56,174.07,124.61,191.38,103.28,233.17,137.24
215.18,157.3,173.87,123.54,190.98,102.6,232.29,136.36
214.51,156.04,173.68,122.47,190.57,101.91,231.4,135.48
213.83,154.78,173.48,121.4,190.17,101.22,230.52,134.6
212.72,154.01,171.87,120.13,188.65,99.9,229.49,133.78
211.6,153.24,170.26,118.87,187.13,98.57,228.47,132.95
210.49,152.48,168.65,117.6,185.6,97.25,227.44,132.12
209.37,151.71,167.04,116.34,184.08,95.93,226.41,131.3
208.26,150.94,165.43,115.07,182.56,94.61,225.39,130.47
207.14,150.17,163.82,113.81,181.04,93.28,224.36,129.65
206.02,149.4,162.21,112.54,179.52,91.96,223.33,128.82
204.91,148.63,160.6,111.28,178.0,90.64,222.3,128.0
203.79,147.87,158.99,110.01,176.48,89.31,221.28,127.17
202.68,147.1,157.39,108.75,174.96,87.99,220.25,126.34
201.57,146.33,155.78,107.48,173.43,86.67,219.22,125.52
198.44,145.48,156.75,105.23,174.66,86.35,216.35,126.59
195.31,144.63,157.73,102.99,175.89,86.02,213.47,127.67
192.19,143.79,158.71,100.74,177.11,85.7,210.59,128.75
189.06,142.94,159.68,98.49,178.34,85.38,207.72,129.82
185.94,142.09,160.66,96.25,179.56,85.05,204.84,130.9
182.81,141.24,161.64,94.0,180.79,84.73,201.96,131.97
179.69,140.39,162.62,91.75,182.01,84.41,199.08,133.05
178.62,140.55,162.1,91.82,181.18,84.99,197.7,133.71
177.54,140.7,161.59,91.89,180.36,85.57,196.31,134.38
176.47,140.85,161.08,91.96,179.53,86.15,194.92,135.04
174.97,139.94,161.15,91.6,179.74,86.35,193.57,134.69
173.47,139.03,161.22,91.23,179.96,86.54,192.21,134.34
171.97,138.12,161.29,90.87,180.17,86.74,190.85,133.98
170.47,137.2,161.37,90.51,180.39,86.94,189.49,133.63
168.97,136.29,161.44,90.15,180.6,87.14,188.13,133.28
167.47,135.38,161.51,89.79,180.82,87.34,186.77,132.93
165.97,134.47,161.58,89.43,181.03,87.53,185.42,132.57
162.0,126.0,162.0,86.0,182.0,86.0,182.0,126.0
161.01,126.38,162.76,86.06,182.36,86.74,180.62,127.07
160.02,126.76,163.51,86.11,182.73,87.49,179.24,128.14
159.04,127.14,164.27,86.16,183.09,88.23,177.85,129.21
158.05,127.52,165.03,86.22,183.45,88.98,176.47,130.28
157.06,127.9,165.78,86.27,183.81,89.72,175.09,131.35
156.08,128.29,166.54,86.33,184.17,90.46,173.71,132.42
155.09,128.67,167.3,86.38,184.54,91.21,172.33,133.49
154.1,129.05,168.05,86.44,184.9,91.95,170.95,134.56
154.01,128.79,168.3,86.63,184.99,92.29,170.7,134.45
153.91,128.53,168.54,86.83,185.09,92.64,170.46,134.34
153.82,128.27,168.78,87.02,185.18,92.98,170.22,134.23
153.73,128.01,169.03,87.22,185.27,93.32,169.97,134.12
153.63,127.75,169.27,87.41,185.37,93.66,169.73,134.01
153.54,127.49,169.51,87.61,185.46,94.01,169.49,133.89
153.45,127.24,169.76,87.8,185.55,94.35,169.24,133.78
153.35,126.98,170.0,88.0,185.65,94.69,169.0,133.67
153.26,126.72,170.24,88.19,185.74,95.03,168.76,133.56
153.17,126.46,170.49,88.39,185.83,95.37,168.51,133.45
153.07,126.2,170.73,88.58,185.93,95.72,168.27,133.34
152.98,125.94,170.98,88.77,186.02,96.06,168.02,133.23
152.73,125.97,170.84,88.55,186.09,95.93,167.97,133.35
152.47,126.01,170.71,88.33,186.15,95.8,167.91,133.48
152.21,126.04,170.57,88.1,186.21,95.67,167.86,133.61
151.96,126.07,170.43,87.88,186.28,95.54,167.8,133.74
151.7,126.11,170.3,87.65,186.35,95.42,167.75,133.87
151.45,126.14,170.16,87.43,186.41,95.29,167.69,134.0
151.19,126.18,170.03,87.21,186.48,95.16,167.64,134.13
150.93,126.21,169.89,86.98,186.54,95.03,167.58,134.25
150.68,126.24,169.76,86.76,186.61,94.9,167.53,134.38
150.42,126.28,169.62,86.54,186.67,94.77,167.47,134.51
150.17,126.31,169.49,86.31,186.74,94.64,167.42,134.64
149.91,126.34,169.35,86.09,186.8,94.51,167.37,134.77
149.66,126.38,169.21,85.86,186.87,94.39,167.31,134.9
149.4,126.41,169.08,85.64,186.93,94.26,167.26,135.03
149.15,126.44,168.94,85.42,187.0,94.13,167.2,135.15
148.89,126.48,168.81,85.19,187.06,94.0,167.15,135.28
148.63,126.51,168.67,84.97,187.13,93.87,167.09,135.41
148.38,126.54,168.54,84.75,187.19,93.74,167.04,135.54
148.12,126.58,168.4,84.52,187.26,93.61,166.98,135.67
147.87,126.61,168.27,84.3,187.32,93.49,166.93,135.8
147.61,126.64,168.13,84.07,187.39,93.36,166.87,135.93
147.01,125.64,169.05,83.59,187.99,93.49,165.95,135.53
146.41,124.63,169.98,83.11,188.59,93.62,165.02,135.14
145.82,123.62,170.9,82.63,189.18,93.75,164.1,134.75
145.22,122.61,171.83,82.15,189.78,93.89,163.17,134.35
144.62,121.61,172.75,81.67,190.38,94.02,162.25,133.96
144.02,120.6,173.68,81.18,190.98,94.15,161.32,133.57
143.42,119.59,174.6,80.7,191.58,94.28,160.4,133.17
142.82,118.59,175.53,80.22,192.18,94.41,159.47,132.78
142.49,117.14,176.7,79.9,193.06,95.09,158.85,132.32
142.16,115.68,177.87,79.58,193.95,95.76,158.24,131.86
141.83,114.23,179.04,79.27,194.84,96.43,157.62,131.4
141.5,112.78,180.21,78.95,195.72,97.11,157.01,130.94
141.17,111.33,181.38,78.63,196.61,97.78,156.39,130.48
140.84,109.88,182.56,78.32,197.49,98.45,155.78,130.02
140.51,108.43,183.73,78.0,198.38,99.13,155.16,129.56
140.18,106.98,184.9,77.68,199.26,99.8,154.55,129.1
139.85,105.53,186.07,77.36,200.15,100.47,153.93,128.64
139.88,104.52,187.43,77.67,200.75,101.1,153.19,127.95
139.91,103.52,188.79,77.99,201.34,101.73,152.46,127.26
139.93,102.51,190.15,78.29,201.94,102.36,151.72,126.58
139.96,101.51,191.52,78.61,202.54,102.99,150.98,125.89
139.99,100.51,192.88,78.92,203.13,103.62,150.25,125.21
140.02,99.5,194.24,79.23,203.73,104.25,149.51,124.52
140.05,98.5,195.6,79.54,204.33,104.88,148.77,123.84
140.08,97.5,196.96,79.85,204.92,105.5,148.04,123.15
139.51,98.03,196.3,79.17,204.82,104.8,148.03,123.66
138.94,98.57,195.65,78.49,204.72,104.09,148.02,124.18
138.38,99.11,194.99,77.81,204.62,103.39,148.01,124.69
137.81,99.65,194.33,77.13,204.52,102.68,148.01,125.2
137.25,100.19,193.67,76.45,204.42,101.98,148.0,125.72
136.68,100.73,193.01,75.77,204.32,101.27,147.99,126.23
136.11,101.27,192.35,75.09,204.22,100.57,147.99,126.74
135.55,101.81,191.69,74.41,204.12,99.86,147.98,127.25
134.98,102.34,191.03,73.73,204.02,99.16,147.97,127.77
134.42,102.88,190.37,73.05,203.92,98.45,147.96,128.28
133.85,103.42,189.71,72.37,203.82,97.75,147.96,128.79
133.28,103.96,189.05,71.69,203.72,97.04,147.95,129.31
133.65,103.38,189.9,72.36,204.01,97.95,147.77,128.98
134.02,102.8,190.75,73.02,204.31,98.87,147.58,128.65
134.39,102.22,191.6,73.68,204.61,99.78,147.4,128.32
134.76,101.64,192.46,74.35,204.91,100.7,147.21,127.98
135.12,101.06,193.31,75.01,205.21,101.61,147.03,127.65
135.49,100.47,194.16,75.68,205.51,102.53,146.84,127.32
135.58,100.62,193.96,75.51,205.53,102.37,147.15,127.47
135.67,100.76,193.77,75.35,205.55,102.21,147.45,127.62
135.75,100.9,193.57,75.19,205.57,102.06,147.75,127.77
135.84,101.04,193.37,75.02,205.59,101.9,148.06,127.92
135.93,101.18,193.18,74.86,205.61,101.74,148.36,128.06
136.01,101.32,192.98,74.69,205.63,101.58,148.67,128.21
136.1,101.46,192.78,74.53,205.66,101.43,148.97,128.36
136.18,101.61,192.59,74.37,205.68,101.27,149.28,128.51
136.27,101.75,192.39,74.2,205.7,101.11,149.58,128.66
136.36,101.89,192.19,74.04,205.72,100.96,149.88,128.81
138.07,104.4,190.51,74.74,204.98,100.16,152.54,129.82
139.78,106.92,188.83,75.44,204.24,99.36,155.2,130.84
141.49,109.44,187.15,76.14,203.51,98.56,157.85,131.86
140.94,109.84,186.87,75.55,204.56,99.16,158.63,133.45
140.4,110.24,186.58,74.95,205.6,99.76,159.42,135.05
139.85,110.64,186.3,74.36,206.65,100.36,160.2,136.64
139.29,111.04,186.02,73.77,207.71,100.96,160.98,138.23
139.45,111.01,185.93,74.0,207.42,100.99,160.94,138.0
139.6,110.98,185.84,74.23,207.14,101.02,160.89,137.77
139.75,110.96,185.75,74.46,206.85,101.04,160.85,137.54
139.9,110.93,185.66,74.68,206.57,101.07,160.8,137.32
140.05,110.9,185.57,74.91,206.28,101.1,160.76,137.09
140.2,110.87,185.49,75.14,206.0,101.13,160.71,136.86
140.35,110.84,185.4,75.37,205.72,101.16,160.67,136.63
140.5,110.81,185.31,75.59,205.43,101.19,160.63,136.41
140.65,110.78,185.22,75.82,205.15,101.22,160.58,136.18
140.8,110.75,185.13,76.05,204.86,101.25,160.54,135.95
140.95,110.72,185.04,76.28,204.58,101.28,160.49,135.72
141.1,110.69,184.95,76.5,204.29,101.31,160.45,135.5
141.26,110.66,184.86,76.73,204.01,101.34,160.4,135.27
141.41,110.63,184.77,76.96,203.73,101.37,160.36,135.04
141.56,110.6,184.68,77.19,203.44,101.4,160.32,134.81
142.1,108.87,187.72,79.07,204.37,104.08,158.75,133.88
142.65,107.15,190.76,80.95,205.3,106.76,157.19,132.95
143.19,105.42,193.8,82.83,206.24,109.44,155.63,132.02
143.74,103.69,196.84,84.72,207.17,112.12,154.07,131.09
144.28,101.96,199.88,86.6,208.1,114.8,152.5,130.16
144.83,100.24,202.92,88.48,209.03,117.48,150.94,129.23
144.21,96.18,204.79,88.03,208.79,117.82,148.21,125.97
145.66,96.43,206.62,88.81,210.34,118.36,149.38,125.98
147.12,96.68,208.45,89.58,211.88,118.89,150.55,125.99
148.57,96.94,210.28,90.36,213.43,119.42,151.72,126.0
150.03,97.19,212.11,91.13,214.97,119.95,152.89,126.01
150.32,96.86,212.77,91.32,215.35,119.9,152.89,125.44
150.61,96.53,213.44,91.51,215.73,119.85,152.9,124.87
150.9,96.21,214.1,91.7,216.1,119.79,152.9,124.3
152.46,96.2,215.0,91.82,216.96,119.94,154.43,124.32
154.03,96.2,215.89,91.94,217.83,120.08,155.97,124.35
155.6,96.2,216.78,92.06,218.69,120.23,157.5,124.37
157.17,96.2,217.68,92.18,219.55,120.37,159.04,124.39
158.73,96.2,218.57,92.29,220.41,120.51,160.57,124.42
160.3,96.2,219.47,92.41,221.27,120.66,162.1,124.44
161.87,96.2,220.36,92.53,222.13,120.8,163.64,124.47
163.0,93.0,223.0,93.0,223.0,124.0,163.0,124.0
165.45,91.256,223.94,91.219,223.96,122.02,165.47,122.06
169.69,84.797,226.05,95.708,219.91,127.47,163.54,116.56
173.18,82.323,227.47,96.716,218.96,128.8,164.68,114.4
170.55,83.145,229.08,92.16,224.12,124.33,165.59,115.31
183.15,78.24,231.44,100.67,217.42,130.85,169.13,108.42
182.39,79.279,233.32,102.32,220.04,131.67,169.11,108.63
183.5,83.35,235.83,99.55,226.9,127.85,174.57,111.65
193.36,77.306,236.72,106.64,217.78,134.63,174.42,105.3
194.15,76.622,237.63,106.96,218.06,135.01,174.58,104.67
191.14,79.207,237.18,101.46,224.09,128.53,178.06,106.27
196.24,77.735,239.43,107.35,220.38,135.14,177.19,105.52
203.83,78.213,238.95,114.53,215.6,137.11,180.48,100.79
204.55,79.935,239.53,116.01,220.4,134.56,185.42,98.488
209.72,80.024,239.05,118.61,217.28,135.15,187.96,96.567
216.14,81.767,237.25,126.83,214.16,137.64,193.05,92.58
217.05,81.781,239.45,125.19,214.97,137.82,192.57,94.416
217.51,81.872,239.18,126.55,215.06,138.24,193.4,93.566
219.71,82.088,239.35,128.92,216.34,138.57,196.7,91.74
222.34,82.651,238.61,128.97,214.75,137.35,198.48,91.034
223.99,84.569,239.63,133.33,216.43,140.77,200.79,92.012
223.11,84.282,238.69,131.95,218.19,138.66,202.61,90.985
228.13,86.82,234.7,135.96,214.87,139.34,208.3,90.21
226.82,87.249,236.98,136.54,217.22,140.61,207.06,91.321
229.32,86.434,236.73,136.41,216.98,139.34,209.57,89.36
228.72,88.15,234.83,140.08,216.96,142.18,210.85,90.253
230.96,88.363,236.33,140.74,216.59,142.76,211.22,90.388
233.67,94.86,230.17,147.4,211.33,146.14,214.83,93.6
234.85,96.35,229.81,148.44,210.76,146.47,215.79,94.38
236.03,97.84,229.46,149.48,210.18,146.8,216.75,95.16
237.21,99.33,229.1,150.52,209.6,147.12,217.72,95.93
237.48,100.82,227.83,151.56,208.11,147.45,217.76,96.71
237.74,102.32,226.56,152.61,206.62,147.78,217.81,97.49
238.01,103.81,225.29,153.65,205.12,148.1,217.85,98.26
238.28,105.3,224.01,154.69,203.63,148.43,217.9,99.04
238.54,106.79,222.74,155.73,202.14,148.76,217.94,99.81
238.81,108.28,221.47,156.77,200.65,149.08,217.99,100.59
239.07,109.77,220.2,157.82,199.15,149.41,218.03,101.37
239.34,111.26,218.92,158.86,197.66,149.74,218.08,102.14
239.49,113.19,217.03,159.05,196.43,148.81,218.88,102.95
239.64,115.11,215.14,159.23,195.19,147.89,219.69,103.77
239.79,117.03,213.25,159.42,193.96,146.97,220.5,104.58
239.95,118.96,211.36,159.61,192.72,146.04,221.3,105.39
240.1,120.88,209.47,159.8,191.49,145.12,222.11,106.2
240.25,122.8,207.58,159.99,190.25,144.2,222.92,107.01
240.4,124.72,205.69,160.18,189.02,143.28,223.73,107.82
240.55,126.65,203.8,160.37,187.79,142.35,224.53,108.63
240.7,128.57,201.91,160.55,186.55,141.43,225.34,109.45
240.85,130.49,200.02,160.74,185.32,140.51,226.15,110.26
241.0,132.41,198.13,160.93,184.08,139.59,226.95,111.07
241.15,134.34,196.24,161.12,182.85,138.66,227.76,111.88
240.87,136.38,194.4,161.1,181.99,137.59,228.45,112.88
240.59,138.43,192.57,161.07,181.12,136.51,229.15,113.87
240.31,140.48,190.73,161.05,180.26,135.44,229.84,114.86
240.03,142.52,188.9,161.03,179.4,134.36,230.53,115.86
239.74,144.57,187.06,161.0,178.54,133.29,231.23,116.85
239.46,145.92,185.23,160.28,177.68,131.51,231.92,117.15
249.62,137.72,190.06,165.01,177.56,137.72,237.12,110.43
238.29,148.23,182.28,157.9,177.09,128.15,233.09,118.48
237.4,149.19,181.18,156.24,177.35,126.56,233.57,119.51
236.5,150.15,180.07,154.57,177.62,124.97,234.05,120.55
235.61,151.11,178.97,152.91,177.89,123.39,234.53,121.59
236.85,151.96,177.96,152.19,177.84,120.45,236.73,120.22
236.49,151.55,177.55,152.75,176.91,121.53,235.86,120.34
232.93,154.0,175.65,147.93,178.7,118.63,235.97,124.69
235.8,153.88,177.91,151.6,179.21,118.5,237.1,120.78
230.77,155.63,173.2,144.59,178.56,115.81,236.13,126.86
229.52,156.3,171.85,142.9,178.15,114.58,235.82,127.99
228.26,156.98,170.5,141.22,177.74,113.36,235.5,129.12
227.0,157.65,169.15,139.54,177.34,112.13,235.18,130.24
225.74,158.32,167.81,137.85,176.93,110.9,234.86,131.37
224.48,158.99,166.46,136.17,176.52,109.67,234.54,132.5
223.22,159.66,165.11,134.48,176.11,108.45,234.22,133.63
221.96,160.34,163.76,132.8,175.71,107.22,233.91,134.76
220.7,161.01,162.41,131.12,175.3,105.99,233.59,135.88
220.4,160.1,161.1,131.35,173.43,105.99,232.73,134.74
220.1,159.18,159.79,131.57,171.56,105.98,231.88,133.59
219.8,158.27,158.48,131.8,169.7,105.98,231.02,132.45
219.5,157.36,157.17,132.03,167.83,105.98,230.16,131.3
219.2,156.44,155.86,132.26,165.96,105.97,229.31,130.16
218.15,155.88,154.83,131.71,164.85,105.62,228.17,129.79
217.11,155.31,153.8,131.16,163.73,105.27,227.04,129.42
216.06,154.75,152.77,130.61,162.61,104.92,225.9,129.05
215.01,154.18,151.74,130.06,161.49,104.57,224.76,128.69
213.97,153.62,150.71,129.52,160.37,104.22,223.63,128.32
212.92,153.05,149.68,128.97,159.25,103.86,222.49,127.95
211.87,152.49,148.65,128.42,158.13,103.51,221.35,127.58
211.47,152.49,148.37,128.19,158.28,102.51,221.38,126.81
211.06,152.49,148.09,127.97,158.44,101.51,221.41,126.03
210.66,152.49,147.82,127.74,158.59,100.51,221.43,125.26
210.25,152.49,147.54,127.51,158.75,99.51,221.46,124.49
209.85,152.49,147.26,127.29,158.9,98.51,221.49,123.71
209.44,152.49,146.98,127.06,159.06,97.51,221.52,122.94
209.04,152.49,146.71,126.84,159.21,96.51,221.54,122.16
208.63,152.49,146.43,126.61,159.37,95.51,221.57,121.39
208.54,151.68,146.42,126.49,159.01,95.43,221.14,120.62
208.46,150.88,146.4,126.37,158.66,95.35,220.71,119.85
208.37,150.07,146.39,126.25,158.3,95.26,220.28,119.08
208.28,149.26,146.38,126.13,157.94,95.18,219.85,118.31
208.19,148.46,146.36,126.01,157.58,95.1,219.42,117.54
208.11,147.65,146.35,125.89,157.23,95.02,218.99,116.77
208.02,146.84,146.34,125.78,156.87,94.93,218.55,116.0
207.93,146.04,146.32,125.66,156.51,94.85,218.12,115.23
207.85,145.23,146.31,125.54,156.15,94.77,217.69,114.46
206.93,143.27,147.06,127.19,154.93,95.73,214.79,111.81
206.01,141.3,147.82,128.85,153.7,96.7,211.89,109.15
213.6,137.28,155.68,137.44,155.59,102.06,213.51,101.91
204.18,137.37,149.33,132.15,151.25,98.63,206.1,103.85
208.84,132.33,153.51,137.02,150.8,105.04,206.13,100.35
206.9,125.95,156.94,143.33,146.27,112.65,196.22,95.27
205.8,122.28,157.75,145.17,143.4,115.05,191.46,92.163
203.37,125.61,155.14,139.73,145.82,107.92,194.05,93.793
201.17,121.67,156.11,142.61,143.56,115.59,188.62,94.651
196.77,115.7,154.38,144.37,140.23,121.05,182.62,92.38
195.21,110.45,155.31,146.79,137.79,127.55,177.69,91.21
192.45,109.48,155.56,146.67,137.3,128.77,174.19,91.58
194.99,115.05,156.38,149.26,136.8,127.15,175.41,92.943
192.54,112.52,155.34,149.44,135.66,129.62,172.86,92.693
189.93,111.18,153.67,146.02,135.6,127.21,171.86,92.377
181.38,105.63,156.58,146.18,135.37,133.62,160.17,93.07
178.61,104.67,156.83,146.06,134.89,134.83,156.67,93.44
175.84,103.7,157.08,145.94,134.41,136.05,153.17,93.81
173.07,102.74,157.34,145.82,133.93,137.26,149.66,94.18
175.96,103.24,152.98,148.45,132.92,138.25,155.9,93.042
166.88,103.19,149.08,149.7,133.49,143.73,151.3,97.224
173.91,105.15,146.03,151.62,127.35,140.41,155.24,93.941
168.16,107.06,147.32,150.16,129.22,141.41,150.06,98.31
170.75,105.38,143.94,152.57,125.48,142.09,152.29,94.888
166.38,104.79,147.71,147.4,127.29,138.54,145.96,95.94
165.27,105.13,146.11,147.66,126.18,138.76,145.34,96.23
164.15,105.47,144.5,147.92,125.07,138.97,144.72,96.52
163.04,105.81,142.9,148.18,123.96,139.19,144.1,96.82
159.21,98.365,151.54,143.75,126.27,139.48,133.94,94.092
161.1,104.55,140.91,147.3,122.18,138.45,142.38,95.7
162.0,100.3,144.38,145.43,121.77,136.6,139.39,91.471
166.12,110.66,131.52,146.73,116.72,132.53,151.32,96.457
166.7,110.19,130.29,148.12,114.45,132.91,150.86,94.983
163.64,113.16,129.08,145.63,114.42,130.03,148.98,97.56
156.27,101.4,135.93,145.07,117.73,136.6,138.07,92.93
156.37,101.47,135.26,145.44,116.74,136.53,137.84,92.56
160.18,104.72,130.81,146.49,112.51,133.62,141.89,91.852
156.56,101.62,133.91,146.18,114.74,136.38,137.39,91.82
156.65,101.7,133.24,146.54,113.75,136.3,137.16,91.46
156.75,101.77,132.57,146.91,112.75,136.23,136.93,91.09
156.85,101.85,131.9,147.28,111.75,136.15,136.71,90.72
156.95,101.92,131.22,147.65,110.75,136.08,136.48,90.35
157.04,101.99,130.55,148.02,109.76,136.01,136.25,89.98
157.14,102.07,129.88,148.38,108.76,135.93,136.02,89.62
157.24,102.14,129.21,148.75,107.76,135.86,135.79,89.25
157.36,104.85,126.44,149.44,105.52,134.52,136.43,89.93
157.48,107.56,123.68,150.13,103.27,133.19,137.07,90.62
157.6,110.27,120.92,150.82,101.02,131.86,137.7,91.31
160.03,122.07,118.22,152.05,98.347,124.34,140.15,94.357
157.85,115.68,115.4,152.2,96.53,129.19,138.98,92.68
160.82,125.78,113.19,153.37,95.099,122.14,142.73,94.55
158.09,121.1,109.88,153.58,92.03,126.53,140.25,94.05
162.12,125.87,111.75,154.77,92.826,121.78,143.19,92.883
160.3,120.8,107.83,154.67,88.869,125.29,141.34,91.421
156.18,126.98,102.24,153.09,87.39,121.74,141.33,95.63
155.17,128.56,99.81,152.49,86.19,120.01,141.55,96.08
154.15,130.15,97.37,151.9,84.99,118.28,141.77,96.53
154.05,141.88,88.545,146.84,85.44,105.9,150.94,100.94
152.12,133.32,92.49,150.72,82.59,114.82,142.22,97.42
151.11,134.9,90.06,150.13,81.39,113.1,142.44,97.87
150.09,136.49,87.62,149.54,80.19,111.37,142.66,98.32
149.08,138.07,85.18,148.95,79.0,109.64,142.89,98.76
148.06,139.66,82.75,148.36,77.8,107.91,143.11,99.21
147.05,141.24,80.31,147.77,76.6,106.18,143.33,99.66
146.03,142.83,77.87,147.18,75.4,104.46,143.55,100.11
153.1,134.32,85.552,155.85,72.322,114.34,139.87,92.811
152.37,136.26,83.261,155.86,71.067,112.86,140.18,93.265
147.14,145.1,74.372,148.05,72.458,100.75,145.23,97.805
140.86,145.79,69.8,147.03,69.03,102.15,140.09,100.92
148.78,131.52,81.608,158.05,65.198,116.51,132.37,89.974
137.72,145.58,66.59,148.05,65.06,103.31,136.19,100.84
136.15,145.48,64.99,148.57,63.07,103.89,134.24,100.8
134.59,145.37,63.39,149.08,61.09,104.46,132.28,100.76
139.05,126.98,83.382,163.3,58.251,124.78,113.92,88.46
138.9,129.16,78.84,163.19,56.273,123.36,116.34,89.333
141.34,123.94,86.577,168.92,55.046,130.53,109.81,85.55
137.22,123.44,83.32,168.88,52.435,132.25,106.33,86.809
138.04,123.65,85.544,171.94,50.945,134.33,103.44,86.039
134.61,126.53,74.77,168.01,48.072,129.49,107.91,88.011
133.93,125.9,75.223,171.15,45.334,132.37,104.04,87.122
135.14,125.55,77.68,174.49,43.857,134.79,101.31,85.845
129.68,142.68,53.008,156.65,44.86,111.93,121.54,97.96
130.28,124.67,79.262,173.31,44.007,136.32,95.029,87.685
133.68,128.87,75.282,181.03,38.385,139.72,96.779,87.562
120.87,147.03,45.25,156.67,39.35,110.35,114.96,100.71
119.94,147.29,43.79,157.36,37.62,110.8,113.78,100.72
119.01,147.54,42.32,158.05,35.9,111.24,112.59,100.74
126.11,130.3,65.254,174.36,34.612,132.05,95.463,87.984
112.38,155.07,36.558,147.43,41.414,99.271,117.24,106.92
112.29,147.13,41.1,155.67,35.71,111.16,106.9,102.61
110.83,146.91,40.86,155.65,35.17,110.66,105.14,101.92
109.37,146.7,40.62,155.63,34.63,110.16,103.38,101.23
107.91,146.48,40.38,155.61,34.09,109.66,101.62,100.53
106.45,146.26,40.15,155.59,33.55,109.16,99.85,99.84
104.99,146.05,39.91,155.57,33.01,108.67,98.09,99.15
103.53,145.83,39.67,155.55,32.47,108.17,96.33,98.45
97.24,146.16,41.13,154.58,35.76,107.51,91.87,99.09
73.183,164.66,32.596,140.79,62.796,89.449,103.38,113.32
69.397,164.72,32.311,143.39,62.068,91.66,99.154,112.99
67.208,166.15,31.596,147.11,61.019,92.083,96.631,111.13
63.81,164.62,31.934,146.39,61.842,94.096,93.719,112.33
63.369,166.2,31.862,150.8,58.931,95.436,90.438,110.84
64.823,168.89,34.136,157.57,56.347,97.351,87.034,108.67
68.21,162.76,39.81,156.88,51.5,99.82,79.9,105.7
68.78,163.96,40.68,158.46,51.79,100.89,79.89,106.39
69.35,165.17,41.55,160.05,52.08,101.97,79.88,107.09
69.93,166.38,42.42,161.64,52.36,103.05,79.87,107.79
70.5,167.58,43.28,163.23,52.65,104.13,79.86,108.48
71.07,168.79,44.15,164.82,52.93,105.21,79.85,109.18
69.33,171.5,42.31,166.37,53.76,106.41,80.78,111.54
67.6,174.21,40.48,167.91,54.58,107.61,81.7,113.9
65.86,176.93,38.64,169.46,55.41,108.8,82.63,116.27
64.13,179.64,36.81,171.01,56.23,110.0,83.56,118.63
62.4,182.35,34.97,172.55,57.06,111.19,84.48,120.99
60.66,185.07,33.14,174.1,57.88,112.39,85.41,123.36
58.93,187.78,31.3,175.65,58.71,113.58,86.33,125.72
57.19,190.49,29.47,177.19,59.54,114.78,87.26,128.08
55.46,193.21,27.63,178.74,60.36,115.97,88.18,130.44
53.72,195.92,25.8,180.29,61.19,117.17,89.11,132.8
51.99,198.63,23.96,181.83,62.01,118.37,90.04,135.17
51.66,201.17,22.11,182.24,62.34,118.54,91.89,137.48
51.33,203.71,20.25,182.65,62.67,118.72,93.75,139.78
50.99,206.25,18.4,183.05,63.01,118.89,95.6,142.09
50.66,208.79,16.54,183.46,63.34,119.07,97.46,144.4
50.33,211.32,14.69,183.87,63.67,119.25,99.31,146.71
50.0,213.86,12.83,184.27,64.0,119.42,101.17,149.01
49.67,216.4,10.98,184.68,64.33,119.6,103.02,151.32
47.65,217.33,10.22,184.23,66.25,121.07,103.68,154.17
45.62,218.26,9.47,183.79,68.18,122.54,104.33,157.01
43.59,219.2,8.72,183.34,70.11,124.0,104.98,159.86
41.56,220.13,7.97,182.89,72.04,125.47,105.64,162.71
39.53,221.06,7.21,182.45,73.97,126.94,106.29,165.55
39.98,221.46,8.41,182.64,75.82,128.15,107.39,166.96
40.43,221.85,9.62,182.84,77.67,129.35,108.48,168.36
40.88,222.24,10.82,183.03,79.52,130.56,109.58,169.77
41.32,222.64,12.02,183.23,81.38,131.76,110.68,171.17
41.77,223.03,13.23,183.42,83.23,132.97,111.77,172.58
40.73,222.0,14.03,182.04,83.98,135.1,110.69,175.06
39.69,220.96,14.83,180.65,84.74,137.23,109.6,177.54
38.65,219.93,15.62,179.27,85.49,139.36,108.52,180.02
38.1,220.07,16.03,177.08,89.26,139.14,111.33,182.14
37.54,220.21,16.43,174.89,93.03,138.93,114.14,184.26
36.99,220.35,16.84,172.7,96.79,138.72,116.95,186.38
36.44,220.49,17.24,170.5,100.56,138.51,119.76,188.5
36.22,219.92,18.48,169.94,101.78,140.37,119.52,190.35
36.0,219.34,19.72,169.38,103.0,142.23,119.28,192.2
35.78,218.77,20.95,168.81,104.21,144.09,119.05,194.05
35.57,218.19,22.19,168.25,105.43,145.95,118.81,195.9
35.35,217.62,23.43,167.68,106.65,147.81,118.57,197.75
35.13,217.04,24.67,167.12,107.87,149.68,118.33,199.6
34.91,216.46,25.9,166.55,109.09,151.54,118.1,201.45
35.63,216.07,27.16,166.38,110.15,152.25,118.63,201.93
36.36,215.67,28.41,166.22,111.22,152.97,119.17,202.42
37.08,215.27,29.66,166.05,112.29,153.68,119.7,202.9
37.8,214.87,30.91,165.88,113.35,154.4,120.24,203.39
38.53,214.47,32.17,165.71,114.42,155.11,120.78,203.88
39.25,214.08,33.42,165.54,115.48,155.83,121.31,204.36
39.97,213.68,34.67,165.38,116.55,156.54,121.85,204.85
40.69,213.28,35.92,165.21,117.61,157.26,122.38,205.33
41.42,212.88,37.18,165.04,118.68,157.98,122.92,205.82
47.357,216.71,38.238,166.76,120.35,151.76,129.47,201.71
43.83,211.84,40.65,164.46,121.78,159.16,124.96,206.54
45.53,211.2,42.88,164.05,123.82,159.64,126.47,206.79
52.576,220.3,40.565,170.98,121.14,151.36,133.15,200.67
48.92,209.92,47.33,163.23,127.89,160.58,129.48,207.27
50.61,209.28,49.55,162.82,129.93,161.05,130.99,207.51
52.31,208.64,51.78,162.41,131.96,161.53,132.49,207.76
55.312,212.78,53.862,161.02,136.4,158.7,137.85,210.47
57.33,208.59,56.33,162.92,134.0,161.41,135.01,207.08
60.66,209.18,58.65,163.83,134.01,160.82,136.02,206.17
63.99,209.77,60.97,164.75,134.01,160.23,137.03,205.25
67.32,210.36,63.3,165.66,134.02,159.64,138.04,204.34
70.65,210.96,65.62,166.58,134.02,159.04,139.04,203.42
73.98,211.55,67.95,167.5,134.02,158.45,140.05,202.5
76.4,211.54,69.11,169.45,132.52,158.32,139.82,200.4
78.71,211.54,70.25,171.2,131.14,158.17,139.61,198.51
81.02,211.55,71.38,172.96,129.76,158.02,139.4,196.62
83.33,211.56,72.52,174.71,128.38,157.87,139.2,194.72
85.61,211.57,73.68,176.33,127.04,157.72,138.97,192.95
87.92,211.57,74.82,178.09,125.65,157.57,138.75,191.06
90.23,211.58,75.96,179.84,124.27,157.42,138.54,189.16
92.58,211.59,77.11,181.59,122.85,157.27,138.32,187.27
94.93,211.61,78.21,183.41,121.42,157.11,138.14,185.3
97.24,211.62,79.31,185.23,120.05,156.95,137.97,183.34
99.54,211.63,80.45,186.98,118.67,156.8,137.77,181.45
101.79,211.61,81.61,188.69,117.35,156.67,137.53,179.59
104.1,211.62,82.75,190.44,115.97,156.52,137.32,177.7
106.47,211.68,83.79,192.3,114.53,156.32,137.21,175.7
108.83,211.83,85.79,194.38,113.97,156.57,137.01,174.02
111.18,211.98,87.79,196.46,113.42,156.82,136.8,172.34
113.54,212.13,89.8,198.54,112.86,157.07,136.6,170.66
115.89,212.28,91.8,200.62,112.31,157.32,136.4,168.98
118.25,212.43,93.8,202.7,111.75,157.57,136.2,167.3
126.0,203.0,102.0,203.0,102.0,161.0,126.0,161.0
137.0,204.0,104.0,204.0,104.0,166.0,137.0,166.0
154.0,190.0,129.0,215.0,101.0,187.0,126.0,162.0
154.67,170.76,150.94,212.51,103.33,207.74,107.06,165.99
163.33,173.52,155.87,219.02,97.67,209.48,105.13,163.98
169.46,174.64,162.73,220.23,99.29,211.11,106.02,165.52
175.59,175.77,169.59,221.43,100.91,212.73,106.92,167.07
181.72,176.9,176.44,222.64,102.53,214.35,107.81,168.61
187.85,178.02,183.3,223.84,104.15,215.98,108.7,170.16
193.96,179.58,189.88,223.94,109.79,216.67,113.87,172.31
200.06,181.14,196.46,224.04,115.44,217.36,119.04,174.46
206.17,182.7,203.04,224.14,121.08,218.05,124.21,176.61
212.27,184.25,209.62,224.24,126.73,218.75,129.38,178.76
218.0,185.01,215.57,224.34,132.75,219.24,135.18,179.91
223.72,185.76,221.51,224.43,138.78,219.74,140.99,181.07
229.44,186.52,227.46,224.53,144.81,220.23,146.79,182.22
235.16,187.27,233.4,224.62,150.84,220.73,152.6,183.38
239.85,187.38,238.35,224.96,155.72,221.62,157.23,184.04
244.54,187.48,243.29,225.3,160.6,222.52,161.85,184.7
249.24,187.58,248.23,225.64,165.48,223.42,166.48,185.36
253.93,187.69,253.17,225.98,170.36,224.31,171.11,186.02
258.62,187.79,258.11,226.32,175.24,225.21,175.74,186.68
263.31,187.9,263.06,226.66,180.12,226.1,180.37,187.34
268.0,188.0,268.0,227.0,185.0,227.0,185.0,188.0
275.48,191.74,269.56,234.0,184.22,222.05,190.14,179.79
277.02,188.1,277.4,227.31,194.38,228.09,193.99,188.88
281.88,189.92,279.16,230.28,195.41,224.62,198.13,184.26
285.77,187.55,286.42,226.56,203.11,227.96,202.45,188.95
291.36,187.44,290.78,227.07,202.85,225.79,203.43,186.16
295.07,188.31,296.22,227.94,213.13,230.26,211.98,190.64
299.23,191.13,299.81,226.53,215.41,227.91,214.83,192.5
304.09,188.42,305.62,228.25,222.5,231.35,220.97,191.52
304.46,185.34,310.21,223.48,226.78,236.07,221.03,197.93
312.01,188.52,313.49,228.58,230.28,231.54,228.8,191.48
315.97,188.57,317.42,228.75,234.16,231.64,232.72,191.46
319.93,188.62,321.35,228.92,238.05,231.74,236.63,191.43
323.89,188.66,325.28,229.09,241.94,231.84,240.55,191.41
327.85,188.71,329.22,229.26,245.83,231.93,244.46,191.39
331.82,188.76,333.15,229.42,249.72,232.03,248.38,191.37
335.78,188.81,337.08,229.59,253.6,232.12,252.3,191.35
339.74,188.86,341.02,229.76,257.49,232.22,256.21,191.33
343.7,188.91,344.95,229.93,261.38,232.32,260.13,191.3
347.04,188.48,348.87,229.54,265.4,233.1,263.58,192.04
350.39,188.05,352.79,229.16,269.42,233.87,267.02,192.76
353.73,187.62,356.7,228.77,273.44,234.65,270.47,193.49
357.08,187.19,360.62,228.39,277.46,235.42,273.92,194.23
360.43,186.76,364.54,228.01,281.48,236.2,277.36,194.96
363.77,186.33,368.46,227.62,285.5,236.98,280.81,195.68
367.12,185.9,372.38,227.24,289.52,237.75,284.25,196.41
370.46,185.47,376.3,226.85,293.54,238.53,287.7,197.15
375.62,183.64,379.88,227.31,297.38,235.36,293.12,191.69
