0.0617101,-0.0164323,-0.276988,0.00724537,0.249653,0.223241,0.0,0.0,1.0
0.0607465,-0.00171875,-0.280035,0.000740741,0.248264,0.238449,0.0,0.0,1.0
0.0606771,-0.00857639,-0.285017,0.00362269,0.254919,0.25147,0.0,0.0,1.0
0.0655903,-0.0111285,-0.28724,0.00525463,0.24713,0.247523,0.0,0.0,1.0
0.0737153,-0.0241667,-0.289201,0.0138079,0.229502,0.262859,0.0,0.0,1.0
0.0751215,-0.0205556,-0.293038,0.0128009,0.214282,0.247407,0.0,0.0,1.0
0.0784115,-0.0265191,-0.294523,0.0194676,0.189745,0.244815,0.0,0.0,1.0
0.0746962,-0.0175087,-0.301189,0.013044,0.178391,0.242234,0.0,0.0,1.0
0.0713021,-0.0317882,-0.292431,0.0253935,0.158634,0.247963,0.0,0.0,1.0
0.0694792,-0.0218403,-0.293889,0.0159954,0.168588,0.253241,0.0,0.0,1.0
0.0614931,-0.0409549,-0.280677,0.0263426,0.169954,0.267685,0.0,0.0,1.0
0.065842,-0.00969618,-0.290825,0.00449074,0.248912,0.316134,0.0,0.0,1.0
0.0659201,-0.00888889,-0.280955,0.00408565,0.249016,0.310336,0.0,0.0,1.0
0.0659896,-0.00807292,-0.271111,0.0037037,0.24912,0.304537,0.0,0.0,1.0
0.0660764,-0.00725694,-0.26125,0.00333333,0.249213,0.29875,0.0,0.0,1.0
0.0661632,-0.00644097,-0.251389,0.00293981,0.249329,0.292963,0.0,0.0,1.0
0.0662413,-0.00563368,-0.241536,0.00255787,0.249433,0.287164,0.0,0.0,1.0
0.0663194,-0.00480903,-0.231684,0.00217593,0.249537,0.281389,0.0,0.0,1.0
0.0664062,-0.00399306,-0.221823,0.00179398,0.249641,0.27559,0.0,0.0,1.0
0.0664757,-0.00319444,-0.210955,0.00141204,0.249745,0.275046,0.0,0.0,1.0
0.0665712,-0.00236979,-0.200061,0.00103009,0.24985,0.274549,0.0,0.0,1.0
0.0666406,-0.00157118,-0.189193,0.000648148,0.249954,0.274028,0.0,0.0,1.0
0.0667274,-0.000755208,-0.178307,0.00025463,0.250046,0.273495,0.0,0.0,1.0
0.0668056,6.94444e-05,-0.172153,-0.000138889,0.250162,0.281412,0.0,0.0,1.0
0.066875,0.000885417,-0.16599,-0.000497685,0.250266,0.289317,0.0,0.0,1.0
0.0669618,0.00170139,-0.16908,-0.00087963,0.25037,0.303009,0.0,0.0,1.0
0.0696875,-0.00652778,-0.17059,0.00405093,0.19875,0.276181,0.0,0.0,1.0
0.0667187,-0.00164931,-0.149201,0.000972222,0.200394,0.276366,0.0,0.0,1.0
0.0619792,0.00755208,-0.130955,-0.00443287,0.187604,0.258345,0.0,0.0,1.0
0.0627517,0.00981771,-0.111276,-0.00599537,0.182454,0.248495,0.0,0.0,1.0
0.0731597,0.00258681,-0.0834201,-0.00173611,0.193056,0.250023,0.0,0.0,1.0
0.0842708,-0.00651042,-0.0667882,0.00458333,0.212662,0.266597,0.0,0.0,1.0
0.0694097,0.0124826,-0.0632465,-0.00747685,0.206065,0.250023,0.0,0.0,1.0
0.0763108,0.00200521,-0.049349,-0.00116898,0.231053,0.276794,0.0,0.0,1.0
0.0757465,0.00635417,-0.0340104,-0.00354167,0.242222,0.283727,0.0,0.0,1.0
0.0726736,0.0151042,-0.0239583,-0.00800926,0.243495,0.292708,0.0,0.0,1.0
0.0711545,0.0235503,-0.00507812,-0.0125694,0.23669,0.289491,0.0,0.0,1.0
0.0817708,0.0286979,0.0181424,-0.0168056,0.248356,0.310394,0.0,0.0,1.0
0.0823004,0.0269705,0.0292795,-0.0180093,0.219329,0.293356,0.0,0.0,1.0
0.0865104,0.0259722,0.0403299,-0.0195833,0.204028,0.292731,0.0,0.0,1.0
0.0875868,0.0215625,0.0510937,-0.0174074,0.192894,0.29919,0.0,0.0,1.0
0.0872917,0.0244618,0.0511632,-0.0205208,0.185012,0.293854,0.0,0.0,1.0
0.0907465,0.0251563,0.0627431,-0.0215394,0.188438,0.302674,0.0,0.0,1.0
0.0930122,0.018151,0.0723872,-0.0144213,0.208241,0.318542,0.0,0.0,1.0
0.0809201,0.0513889,0.0721007,-0.0370718,0.199456,0.322396,0.0,0.0,1.0
0.0734896,0.0621701,0.07625,-0.0428472,0.18956,0.323889,0.0,0.0,1.0
0.0736806,0.0698437,0.0763715,-0.0478935,0.191019,0.315162,0.0,0.0,1.0
0.0690017,0.0703038,0.0777517,-0.0459954,0.187523,0.303611,0.0,0.0,1.0
0.066467,0.0829601,0.0897135,-0.046088,0.212731,0.331875,0.0,0.0,1.0
0.0653819,0.0762326,0.072691,-0.0503009,0.176181,0.292546,0.0,0.0,1.0
0.054783,0.0605469,0.0838802,-0.0246644,0.239132,0.32772,0.0,0.0,1.0
0.060434,0.0739583,0.0803646,-0.039838,0.199491,0.297708,0.0,0.0,1.0
0.0647309,0.0837934,0.0740885,-0.0497222,0.193912,0.294792,0.0,0.0,1.0
0.0695486,0.0944618,0.0653646,-0.0654398,0.178472,0.290579,0.0,0.0,1.0
0.0660677,0.0832726,0.0542101,-0.0604861,0.161713,0.273125,0.0,0.0,1.0
0.0699479,0.0882813,0.0583681,-0.0563542,0.194803,0.294618,0.0,0.0,1.0
0.0649913,0.0662066,0.0392101,-0.0397338,0.192512,0.278275,0.0,0.0,1.0
0.067691,0.0421354,0.0266319,-0.0248611,0.203912,0.290023,0.0,0.0,1.0
0.0655903,0.0441146,0.0259549,-0.0244792,0.210197,0.317789,0.0,0.0,1.0
0.0732552,0.0417274,0.0091059,-0.0278704,0.195093,0.306806,0.0,0.0,1.0
0.0742621,0.043099,-0.00485243,-0.0304977,0.186609,0.301655,0.0,0.0,1.0
0.0813976,0.0492622,-0.0173524,-0.0375463,0.189815,0.31838,0.0,0.0,1.0
0.0831944,0.0428125,-0.0371181,-0.035162,0.180116,0.295787,0.0,0.0,1.0
0.081033,0.0507378,-0.0523872,-0.0413079,0.17691,0.296678,0.0,0.0,1.0
0.0768576,0.0701562,-0.0642708,-0.054838,0.174792,0.327407,0.0,0.0,1.0
0.0721962,0.0822309,-0.072908,-0.0515046,0.204954,0.319792,0.0,0.0,1.0
0.0631076,0.0930556,-0.0904687,-0.0514352,0.202917,0.330463,0.0,0.0,1.0
0.057526,0.102769,-0.105616,-0.0527778,0.199097,0.33044,0.0,0.0,1.0
0.0562674,0.100382,-0.116233,-0.0484259,0.207384,0.329282,0.0,0.0,1.0
0.0479687,0.0967535,-0.1225,-0.0374421,0.220451,0.328623,0.0,0.0,1.0
0.0557205,0.0667795,-0.146137,-0.0276273,0.239456,0.335475,0.0,0.0,1.0
0.0591493,0.0788542,-0.167691,-0.0344444,0.240671,0.33331,0.0,0.0,1.0
0.0631858,0.0569531,-0.202144,-0.0289352,0.221111,0.30287,0.0,0.0,1.0
0.0706424,0.0631076,-0.23691,-0.0371991,0.213032,0.29537,0.0,0.0,1.0
0.0777083,0.0580208,-0.270625,-0.0407292,0.19684,0.279063,0.0,0.0,1.0
0.0721007,0.0439931,-0.289983,-0.0295833,0.190602,0.267037,0.0,0.0,1.0
0.0697049,0.0584722,-0.318976,-0.0353588,0.204942,0.282928,0.0,0.0,1.0
0.06,0.0432118,-0.328733,-0.0210301,0.219225,0.290613,0.0,0.0,1.0
0.0561024,0.0403385,-0.33388,-0.0158102,0.254537,0.336366,0.0,0.0,1.0
0.0453299,0.0522917,-0.35401,-0.0166204,0.253681,0.328079,0.0,0.0,1.0
0.0462587,0.0619531,-0.368047,-0.0196412,0.259433,0.327535,0.0,0.0,1.0
0.0540104,0.0582986,-0.392274,-0.0212037,0.264028,0.324954,0.0,0.0,1.0
0.0634809,0.0458767,-0.423967,-0.0233449,0.221771,0.268206,0.0,0.0,1.0
0.0648872,0.0548872,-0.442561,-0.0301273,0.21015,0.269016,0.0,0.0,1.0
0.0742014,0.0235417,-0.44691,-0.0131829,0.23559,0.262488,0.0,0.0,1.0
0.0681076,0.0143403,-0.462031,-0.00899306,0.192882,0.222211,0.0,0.0,1.0
0.0747222,0.0265104,-0.476372,-0.0165509,0.212708,0.232315,0.0,0.0,1.0
0.065651,0.0379774,-0.498116,-0.0217477,0.203924,0.240428,0.0,0.0,1.0
0.0566493,0.0267882,-0.496597,-0.0102546,0.262917,0.28206,0.0,0.0,1.0
0.0506944,0.0311979,-0.504878,-0.010787,0.260556,0.278704,0.0,0.0,1.0
0.0483767,0.0561198,-0.509106,-0.0182755,0.264178,0.282882,0.0,0.0,1.0
0.0590365,0.0396788,-0.526884,-0.0155787,0.267361,0.283634,0.0,0.0,1.0
0.0623247,0.0625156,-0.533141,-0.026169,0.264664,0.282025,0.0,0.0,1.0
0.0644063,0.0730521,-0.559337,-0.0378704,0.220856,0.236412,0.0,0.0,1.0
0.0469401,0.111749,-0.526888,-0.0331713,0.281088,0.261898,0.0,0.0,1.0
0.052138,0.0870512,-0.556444,-0.0388657,0.207593,0.208403,0.0,0.0,1.0
0.0693915,0.0284887,-0.55802,-0.0178009,0.197523,0.179259,0.0,0.0,1.0
0.0665347,0.0287396,-0.562663,-0.0171181,0.198623,0.179595,0.0,0.0,1.0
0.059158,0.0190191,-0.553898,-0.00813657,0.24559,0.231539,0.0,0.0,1.0
0.0583507,0.020625,-0.550122,-0.00833333,0.256435,0.236019,0.0,0.0,1.0
0.0542535,0.036441,-0.542292,-0.0136574,0.2575,0.21963,0.0,0.0,1.0
0.0587934,0.047474,-0.530547,-0.0190972,0.259884,0.220926,0.0,0.0,1.0
0.0584375,0.0384722,-0.529792,-0.014838,0.269236,0.220509,0.0,0.0,1.0
0.0690451,0.0197569,-0.525885,-0.0103472,0.234653,0.169815,0.0,0.0,1.0
0.0711806,0.0365278,-0.516007,-0.0190972,0.241944,0.16081,0.0,0.0,1.0
0.0726389,0.0351042,-0.509965,-0.0192708,0.235313,0.153692,0.0,0.0,1.0
0.0666146,0.0239757,-0.505278,-0.013588,0.208843,0.127431,0.0,0.0,1.0
0.0652083,0.0209201,-0.495434,-0.0113426,0.213981,0.116759,0.0,0.0,1.0
0.0625,0.022066,-0.484635,-0.0118171,0.207535,0.118623,0.0,0.0,1.0
0.0555122,0.0087066,-0.472439,-0.0034375,0.250521,0.169271,0.0,0.0,1.0
0.0612674,0.0555903,-0.452031,-0.0246759,0.24544,0.160764,0.0,0.0,1.0
0.0569618,0.0407986,-0.447066,-0.0157755,0.262118,0.164248,0.0,0.0,1.0
0.0537674,0.0392014,-0.437726,-0.0140741,0.266412,0.162616,0.0,0.0,1.0
0.0592535,0.0444271,-0.433958,-0.019456,0.240544,0.122789,0.0,0.0,1.0
0.0686806,0.0576389,-0.429514,-0.0312153,0.225475,0.113507,0.0,0.0,1.0
0.0652257,0.00282986,-0.404826,-0.00131944,0.251597,0.128287,0.0,0.0,1.0
0.0625087,0.0282552,-0.401675,-0.0183333,0.171273,0.0590046,0.0,0.0,1.0
0.0648698,0.00358507,-0.372943,-0.00229167,0.179537,0.0417824,0.0,0.0,1.0
0.0665017,0.0224392,-0.378047,-0.0134722,0.196921,0.0588657,0.0,0.0,1.0
0.0561892,0.000303819,-0.35362,-0.000127315,0.246794,0.1111,0.0,0.0,1.0
0.0528125,0.00513889,-0.342222,-0.00195602,0.246794,0.109919,0.0,0.0,1.0
0.0679167,0.0734375,-0.328403,-0.0410995,0.215775,0.0963542,0.0,0.0,1.0
0.0603472,0.0354167,-0.307778,-0.0151273,0.251007,0.0986227,0.0,0.0,1.0
0.0558333,0.0342708,-0.300104,-0.0131366,0.2589,0.0957523,0.0,0.0,1.0
0.0615191,0.020217,-0.293845,-0.00943287,0.234387,0.0626736,0.0,0.0,1.0
0.0651389,0.0359896,-0.285052,-0.0177546,0.234514,0.0583796,0.0,0.0,1.0
0.0700347,0.0267188,-0.273698,-0.014294,0.232789,0.0435069,0.0,0.0,1.0
0.0672396,0.0105382,-0.265,-0.00627315,0.201181,0.0226852,0.0,0.0,1.0
0.0653125,0.00534722,-0.257431,-0.00300926,0.206505,0.0142361,0.0,0.0,1.0
0.0619965,0.00546875,-0.242465,-0.00247685,0.242292,0.0599537,0.0,0.0,1.0
0.0561111,0.0119444,-0.233819,-0.0050463,0.235648,0.0550463,0.0,0.0,1.0
0.0642188,0.0457813,-0.222014,-0.0224769,0.232639,0.055625,0.0,0.0,1.0
0.0585417,0.0228819,-0.215243,-0.00967593,0.24588,0.0517593,0.0,0.0,1.0
0.0607031,0.0196441,-0.217786,-0.00831018,0.254815,0.050162,0.0,0.0,1.0
0.0627257,0.0372222,-0.208351,-0.0163194,0.254306,0.043125,0.0,0.0,1.0
0.0714757,0.0488715,-0.207917,-0.0242361,0.256319,0.0436111,0.0,0.0,1.0
0.0626215,-0.00151042,-0.212396,0.00068287,0.243715,0.0189468,0.0,0.0,1.0
0.0543403,-0.0232639,-0.205451,0.00925926,0.242407,0.0217593,0.0,0.0,1.0
0.0724045,0.0115712,-0.200825,-0.00935185,0.159259,-0.0371759,0.0,0.0,1.0
0.0609201,-0.0228299,-0.19934,0.010081,0.245127,0.0227894,0.0,0.0,1.0
0.0663368,-0.00536458,-0.189722,0.00252315,0.249884,0.0266667,0.0,0.0,1.0
0.070026,0.0262587,-0.186519,-0.0147801,0.221169,-0.00396991,0.0,0.0,1.0
0.0690451,0.0509896,-0.173056,-0.0270602,0.231343,0.0170139,0.0,0.0,1.0
0.0648524,0.0393837,-0.160582,-0.0189352,0.239907,0.0221296,0.0,0.0,1.0
0.0566059,0.025599,-0.152995,-0.0102199,0.252025,0.030081,0.0,0.0,1.0
0.0550868,0.0334722,-0.141753,-0.0131944,0.248333,0.0153704,0.0,0.0,1.0
0.0560417,0.018125,-0.141597,-0.00715278,0.252708,0.00300926,0.0,0.0,1.0
0.0576042,0.0203472,-0.135417,-0.00818287,0.254387,-0.00688657,0.0,0.0,1.0
0.0569792,0.00848958,-0.133628,-0.00350694,0.245706,-0.00646991,0.0,0.0,1.0
0.0559809,0.000234375,-0.130599,-9.25926e-05,0.24875,0.00134259,0.0,0.0,1.0
0.0563542,-0.00793403,-0.129531,0.00309028,0.256933,0.00216435,0.0,0.0,1.0
0.0586285,-0.0177083,-0.132031,0.00763889,0.241875,0.00493056,0.0,0.0,1.0
0.0593576,-0.0143229,-0.12566,0.00621528,0.243252,0.00728009,0.0,0.0,1.0
0.0622396,-0.00732639,-0.117448,0.00331019,0.244722,0.00298611,0.0,0.0,1.0
0.072691,0.0053125,-0.10776,-0.00282407,0.242731,0.00101852,0.0,0.0,1.0
0.0596181,-0.0351042,-0.109687,0.0143866,0.258762,0.00311343,0.0,0.0,1.0
0.0617361,-0.0401215,-0.101927,0.016875,0.260949,-0.00634259,0.0,0.0,1.0
0.0727951,0.006875,-0.0928993,-0.00456019,0.194838,-0.0830556,0.0,0.0,1.0
0.0595312,-0.0242535,-0.0843403,0.0111343,0.230324,-0.0343287,0.0,0.0,1.0
0.0703385,0.0149566,-0.0799045,-0.0101505,0.18434,-0.0834607,0.0,0.0,1.0
0.0672483,0.00325521,-0.0726476,-0.00195602,0.198437,-0.0657292,0.0,0.0,1.0
0.0592882,-0.00541667,-0.0679687,0.00229167,0.250602,-0.0141898,0.0,0.0,1.0
0.0536545,-0.00846354,-0.0596615,0.00326389,0.248032,-0.0218056,0.0,0.0,1.0
0.0615972,0.0270139,-0.0436458,-0.0114352,0.25912,-0.0405093,0.0,0.0,1.0
0.056658,0.00483507,-0.0362934,-0.00185185,0.262269,-0.0366204,0.0,0.0,1.0
0.0507812,-0.0090625,-0.0320312,0.003125,0.262384,-0.0360185,0.0,0.0,1.0
0.0565278,-0.00578125,-0.0202604,0.00234954,0.247419,-0.0546644,0.0,0.0,1.0
0.0564323,0.0027691,-0.00301215,-0.00112269,0.246933,-0.061956,0.0,0.0,1.0
0.0532813,-0.00260417,0.00512153,0.00101852,0.243519,-0.0514815,0.0,0.0,1.0
0.0559115,-0.0175955,0.0109983,0.00721065,0.242674,-0.0578819,0.0,0.0,1.0
0.0563542,-0.0187326,0.0169965,0.00800926,0.234375,-0.0512269,0.0,0.0,1.0
0.0602604,-0.0162847,0.0219965,0.00752315,0.231644,-0.045463,0.0,0.0,1.0
0.0614844,-0.030026,0.0246094,0.0145833,0.224954,-0.0599537,0.0,0.0,1.0
0.0684896,-0.0210764,0.0317535,0.0113773,0.225544,-0.0648727,0.0,0.0,1.0
0.0726389,-0.0120486,0.0322569,0.0065625,0.237303,-0.0534144,0.0,0.0,1.0
0.0762153,-0.0113368,0.0336979,0.00665509,0.230868,-0.078669,0.0,0.0,1.0
0.0696962,0.00389757,0.0405122,-0.00258102,0.186979,-0.105683,0.0,0.0,1.0
0.0686979,-0.00689236,0.0433681,0.005,0.168032,-0.134838,0.0,0.0,1.0
0.0730556,-0.0137847,0.0434722,0.0106597,0.167859,-0.139016,0.0,0.0,1.0
0.0672569,-0.00284722,0.0414583,0.00202546,0.167627,-0.131215,0.0,0.0,1.0
0.0769531,0.00323785,0.0319878,-0.00212963,0.206319,-0.0957176,0.0,0.0,1.0
0.0669531,0.00665799,0.0325955,-0.00416667,0.189907,-0.114306,0.0,0.0,1.0
0.0681424,0.0143403,0.0364062,-0.0080787,0.215185,-0.0978472,0.0,0.0,1.0
0.0610503,0.0165191,0.0389149,-0.00726852,0.246458,-0.0759028,0.0,0.0,1.0
0.0538715,0.0175868,0.0381597,-0.00666667,0.252986,-0.0657639,0.0,0.0,1.0
0.0559288,0.00230035,0.0374913,-0.000902778,0.251019,-0.073912,0.0,0.0,1.0
0.0509462,0.000390625,0.037092,-0.000138889,0.249606,-0.0763194,0.0,0.0,1.0
0.0509375,0.000920139,0.0337674,-0.000335648,0.251748,-0.0848495,0.0,0.0,1.0
0.0550608,-0.000529514,0.0319358,0.000219907,0.246331,-0.0829282,0.0,0.0,1.0
0.0538802,-0.00393229,0.0313628,0.0015162,0.248461,-0.0868171,0.0,0.0,1.0
0.0567622,-0.0126997,0.027908,0.00542824,0.23566,-0.0785301,0.0,0.0,1.0
0.0580208,-0.0232986,0.0294792,0.0102546,0.234282,-0.0777778,0.0,0.0,1.0
0.0544965,-0.0209549,0.0291319,0.00902778,0.224838,-0.072338,0.0,0.0,1.0
0.054809,-0.0114931,0.0367882,0.00493056,0.226597,-0.0733796,0.0,0.0,1.0
0.0475434,-0.00115451,0.040217,0.000416667,0.238866,-0.0704398,0.0,0.0,1.0
0.0495052,-0.012283,0.0447656,0.00482639,0.223831,-0.0969329,0.0,0.0,1.0
0.0486111,-0.0123264,0.0449306,0.00523148,0.203519,-0.0876852,0.0,0.0,1.0
0.0484983,-0.0154427,0.0436719,0.00607639,0.219363,-0.0759838,0.0,0.0,1.0
0.0492014,-0.0341319,0.0414236,0.0120833,0.247037,-0.0443981,0.0,0.0,1.0
0.0437587,-0.0247483,0.0334115,0.00760417,0.253229,-0.0449653,0.0,0.0,1.0
0.0395486,-0.0238021,0.0350521,0.00659722,0.253403,-0.0495833,0.0,0.0,1.0
0.0414236,-0.0222222,0.0358333,0.00659722,0.247292,-0.0460185,0.0,0.0,1.0
0.0412153,-0.0193403,0.0420139,0.0056713,0.24963,-0.049838,0.0,0.0,1.0
0.0432726,-0.0262066,0.0403038,0.00811343,0.248623,-0.0515625,0.0,0.0,1.0
0.0507639,-0.0306597,0.0428819,0.0114931,0.240752,-0.0423032,0.0,0.0,1.0
0.0536632,-0.0342882,0.0452778,0.0135069,0.242095,-0.0356134,0.0,0.0,1.0
0.0571962,-0.0329427,0.0499913,0.0141898,0.236042,-0.0391204,0.0,0.0,1.0
0.0601215,-0.0352431,0.0541493,0.0168287,0.223819,-0.0322685,0.0,0.0,1.0
0.0610243,-0.0328299,0.0595139,0.0159722,0.222963,-0.0352778,0.0,0.0,1.0
0.0602083,-0.0272222,0.0605903,0.0130787,0.222778,-0.0376157,0.0,0.0,1.0
0.0611719,-0.0151128,0.0583594,0.00740741,0.222014,-0.033588,0.0,0.0,1.0
0.060599,-0.0168316,0.0542969,0.00777778,0.233403,-0.0094213,0.0,0.0,1.0
0.0490278,-0.0296007,0.0367882,0.0102546,0.251782,0.00208333,0.0,0.0,1.0
0.0508941,-0.0153038,0.0373003,0.0056713,0.243958,0.00111111,0.0,0.0,1.0
0.0533507,0.000347222,0.0367535,-0.000138889,0.237755,-0.00335648,0.0,0.0,1.0
0.049184,-1.73611e-05,0.0350694,2.31481e-05,0.247778,-0.00293981,0.0,0.0,1.0
0.0502083,-0.00399306,0.0298264,0.00141204,0.251944,-0.00571759,0.0,0.0,1.0
0.0492882,-0.00628472,0.0298785,0.0021875,0.25184,-0.00649306,0.0,0.0,1.0
0.0526736,-0.00409722,0.0275,0.00145833,0.262176,0.00196759,0.0,0.0,1.0
0.0511024,-0.00304687,0.0264497,0.00105324,0.264086,0.00869213,0.0,0.0,1.0
0.0492708,-0.00598958,0.0279687,0.00210648,0.248819,0.0112963,0.0,0.0,1.0
0.0465799,-0.00263889,0.0243229,0.000821759,0.266076,0.0267477,0.0,0.0,1.0
0.042092,-0.0102691,0.0195747,0.00295139,0.260127,0.0408218,0.0,0.0,1.0
0.0455122,-0.00735243,0.015217,0.00226852,0.263472,0.0481019,0.0,0.0,1.0
0.0484375,-0.00788194,0.0102083,0.00258102,0.262373,0.0489699,0.0,0.0,1.0
0.0479253,-0.00615451,0.00315104,0.00195602,0.267697,0.0569792,0.0,0.0,1.0
0.0469705,-0.00421007,0.00188368,0.00130787,0.268137,0.0609838,0.0,0.0,1.0
0.0481771,-0.00236111,-0.00487847,0.000763889,0.265509,0.0638657,0.0,0.0,1.0
0.0472483,-0.00388021,-0.0062934,0.0012037,0.269977,0.0657639,0.0,0.0,1.0
0.0433333,0.000260417,-0.0117535,-6.94444e-05,0.267546,0.0649306,0.0,0.0,1.0
0.0422049,0.000486111,-0.0146701,-0.000127315,0.267211,0.0615162,0.0,0.0,1.0
0.0412587,-0.0019184,-0.0253385,0.000520833,0.267998,0.0532523,0.0,0.0,1.0
0.0425781,-0.0075434,-0.034592,0.00208333,0.274421,0.056088,0.0,0.0,1.0
0.0435243,-0.00678819,-0.0436111,0.00193287,0.272025,0.0558218,0.0,0.0,1.0
0.0427951,-0.009375,-0.054184,0.00256944,0.27662,0.0604398,0.0,0.0,1.0
0.0441493,-0.0107639,-0.0609549,0.00302083,0.280127,0.0711227,0.0,0.0,1.0
0.0426476,-0.0174045,-0.0680295,0.00460648,0.286481,0.0827083,0.0,0.0,1.0
0.0428733,-0.014158,-0.0724566,0.00384259,0.280741,0.0998611,0.0,0.0,1.0
0.0451215,-0.0126215,-0.0800694,0.00377315,0.267917,0.0848843,0.0,0.0,1.0
0.0500694,-0.0269271,-0.0888368,0.00856481,0.279282,0.11669,0.0,0.0,1.0
0.0554861,-0.0230556,-0.0930208,0.0081713,0.278125,0.123194,0.0,0.0,1.0
0.0576649,-0.0202517,-0.101762,0.00752315,0.275741,0.12544,0.0,0.0,1.0
0.0576389,-0.0156424,-0.108385,0.00574074,0.279838,0.125208,0.0,0.0,1.0
0.0576389,-0.0224653,-0.118924,0.00821759,0.28037,0.131227,0.0,0.0,1.0
0.0570399,-0.0075434,-0.128429,0.00273148,0.279491,0.134491,0.0,0.0,1.0
0.0556424,-0.00538194,-0.13908,0.00190972,0.27765,0.131586,0.0,0.0,1.0
0.0538021,-0.0009375,-0.15033,0.000324074,0.270903,0.138079,0.0,0.0,1.0
0.0496007,0.00303819,-0.151771,-0.000983796,0.273785,0.128715,0.0,0.0,1.0
0.0569965,0.0161285,-0.153472,-0.0059838,0.272859,0.122373,0.0,0.0,1.0
0.0564757,0.00703125,-0.165382,-0.00255787,0.275984,0.118924,0.0,0.0,1.0
0.0509462,-0.00242188,-0.173151,0.000775463,0.280891,0.108137,0.0,0.0,1.0
0.0568403,0.000486111,-0.179167,-0.000185185,0.283333,0.111806,0.0,0.0,1.0
0.056875,-0.0090625,-0.190382,0.00334491,0.274132,0.110104,0.0,0.0,1.0
0.0637847,0.0184722,-0.184861,-0.00724537,0.288958,0.120046,0.0,0.0,1.0
0.0584635,0.000529514,-0.196189,-0.000185185,0.289028,0.126574,0.0,0.0,1.0
0.0596528,-0.00789931,-0.202309,0.00290509,0.288576,0.143275,0.0,0.0,1.0
0.0659028,-0.00689236,-0.21158,0.00280093,0.286667,0.150532,0.0,0.0,1.0
0.0711198,-0.0109462,-0.219002,0.00484954,0.285613,0.157975,0.0,0.0,1.0
0.0689583,-0.0025,-0.221667,0.0012963,0.237222,0.125417,0.0,0.0,1.0
0.0715799,-0.0028125,-0.228455,0.00145833,0.24581,0.127685,0.0,0.0,1.0
0.0770833,0.00276042,-0.238351,-0.00155093,0.244676,0.12794,0.0,0.0,1.0
0.0799653,0.0113715,-0.240122,-0.00701389,0.230602,0.143264,0.0,0.0,1.0
0.0793229,0.0161632,-0.249861,-0.0108102,0.210648,0.105255,0.0,0.0,1.0
0.0801302,0.0285677,-0.254453,-0.018831,0.216192,0.125775,0.0,0.0,1.0
0.0797483,0.034592,-0.25895,-0.0209491,0.23412,0.135347,0.0,0.0,1.0
0.0715191,0.0282378,-0.254939,-0.0146065,0.245718,0.126759,0.0,0.0,1.0
0.0678125,0.00934028,-0.255243,-0.00429398,0.262002,0.126308,0.0,0.0,1.0
0.0671962,0.00757813,-0.259158,-0.0034838,0.260243,0.131285,0.0,0.0,1.0
0.0623264,-0.00487847,-0.261163,0.00203704,0.26588,0.126204,0.0,0.0,1.0
0.0612934,-0.0197135,-0.268585,0.00898148,0.239028,0.103843,0.0,0.0,1.0
0.0770312,0.0101389,-0.275156,-0.00481481,0.289213,0.138843,0.0,0.0,1.0
0.063559,0.0130382,-0.261667,-0.00524306,0.281308,0.130104,0.0,0.0,1.0
0.0664583,0.0319444,-0.258507,-0.0151968,0.248275,0.113738,0.0,0.0,1.0
0.0743142,0.0435851,-0.260842,-0.0243981,0.236065,0.120463,0.0,0.0,1.0
0.0719618,0.0278646,-0.261667,-0.0151968,0.234502,0.108391,0.0,0.0,1.0
0.0742969,0.0330122,-0.262856,-0.0195139,0.223356,0.103889,0.0,0.0,1.0
0.0824566,0.0443663,-0.267943,-0.0286111,0.227338,0.111968,0.0,0.0,1.0
0.0813455,0.0395747,-0.267318,-0.0215509,0.265625,0.135,0.0,0.0,1.0
0.0782813,0.0134028,-0.264601,-0.0068287,0.272731,0.123356,0.0,0.0,1.0
0.0779514,-0.00696181,-0.268281,0.00362269,0.266238,0.116076,0.0,0.0,1.0
0.0867188,-0.0107465,-0.276285,0.00814815,0.203218,0.0463194,0.0,0.0,1.0
0.0884722,0.0259201,-0.28349,-0.0213889,0.190532,0.0537269,0.0,0.0,1.0
0.086658,0.0149045,-0.281554,-0.00914352,0.251389,0.118171,0.0,0.0,1.0
0.0918056,0.0243056,-0.288437,-0.0176042,0.225475,0.120984,0.0,0.0,1.0
0.0870399,0.0198698,-0.284905,-0.0137616,0.223368,0.11559,0.0,0.0,1.0
0.0886892,0.0248872,-0.28737,-0.0181944,0.215764,0.106968,0.0,0.0,1.0
0.0874219,0.0307726,-0.291745,-0.0217477,0.219826,0.110405,0.0,0.0,1.0
0.0821181,0.0242535,-0.287413,-0.0157407,0.224977,0.0958102,0.0,0.0,1.0
0.074184,0.00607639,-0.277448,-0.00331019,0.242685,0.0879398,0.0,0.0,1.0
0.0692361,0.00267361,-0.273924,-0.00136574,0.239491,0.0788194,0.0,0.0,1.0
0.0679774,-0.000217014,-0.27428,0.000104167,0.251076,0.0789005,0.0,0.0,1.0
0.0639063,0.00161458,-0.274757,-0.000625,0.287153,0.119583,0.0,0.0,1.0
0.065,0.000746528,-0.274913,-0.000289352,0.291262,0.120961,0.0,0.0,1.0
0.0590799,-0.00986111,-0.276823,0.00391204,0.264722,0.100301,0.0,0.0,1.0
0.061467,-0.0108073,-0.278915,0.0044213,0.266551,0.112176,0.0,0.0,1.0
0.0848437,0.0243056,-0.290642,-0.0151273,0.242442,0.116586,0.0,0.0,1.0
0.085217,0.0221441,-0.294957,-0.0142593,0.235324,0.109769,0.0,0.0,1.0
0.0819879,0.0113455,-0.297856,-0.00678241,0.244236,0.119028,0.0,0.0,1.0
0.0791406,0.00275174,-0.303168,-0.00162037,0.240509,0.119167,0.0,0.0,1.0
0.0790538,0.000581597,-0.308255,-0.000324074,0.245694,0.119907,0.0,0.0,1.0
0.0934028,0.004375,-0.310347,-0.00314815,0.230625,0.128403,0.0,0.0,1.0
0.08,0.00836806,-0.321562,-0.00525463,0.226065,0.12669,0.0,0.0,1.0
0.0799132,0.0100347,-0.328698,-0.00628472,0.226956,0.131354,0.0,0.0,1.0
0.0871701,0.00159722,-0.33283,-0.00101852,0.240625,0.152431,0.0,0.0,1.0
0.0830122,0.0204427,-0.351172,-0.0122801,0.245822,0.154942,0.0,0.0,1.0
0.0784028,0.0153299,-0.356719,-0.0083912,0.254595,0.166053,0.0,0.0,1.0
0.0734115,0.0139149,-0.366571,-0.00739583,0.245336,0.170914,0.0,0.0,1.0
0.0708854,0.00524306,-0.372378,-0.00221065,0.298391,0.224502,0.0,0.0,1.0
0.0684635,0.00780382,-0.383724,-0.00314815,0.300764,0.225718,0.0,0.0,1.0
0.0617448,0.000980903,-0.392196,-0.000347222,0.308889,0.218866,0.0,0.0,1.0
0.0543056,-0.00133681,-0.404566,0.000416667,0.311597,0.221366,0.0,0.0,1.0
0.0516059,-0.00747396,-0.413741,0.00217593,0.315394,0.218727,0.0,0.0,1.0
0.0478125,-0.0176215,-0.422865,0.00486111,0.308148,0.227269,0.0,0.0,1.0
0.0451389,-0.0220312,-0.430608,0.00564815,0.313009,0.222593,0.0,0.0,1.0
0.0443229,-0.0331597,-0.439878,0.00858796,0.303981,0.222431,0.0,0.0,1.0
0.0465712,-0.0359115,-0.443776,0.0100463,0.296134,0.215995,0.0,0.0,1.0
0.0496354,-0.0390625,-0.449045,0.0113426,0.303889,0.223194,0.0,0.0,1.0
0.0572743,-0.0304688,-0.460833,0.0103588,0.299317,0.222164,0.0,0.0,1.0
0.0609201,-0.0436111,-0.458281,0.0157407,0.299745,0.229236,0.0,0.0,1.0
0.0654167,-0.0218576,-0.473628,0.00835648,0.304583,0.233819,0.0,0.0,1.0
0.0615712,-0.0523524,-0.466658,0.0192824,0.297315,0.237755,0.0,0.0,1.0
0.0669965,-0.017934,-0.481042,0.00719907,0.296898,0.230903,0.0,0.0,1.0
0.0680382,-0.00810764,-0.48816,0.00328704,0.29831,0.233218,0.0,0.0,1.0
0.0696701,-0.00477431,-0.48934,0.00203704,0.29206,0.233356,0.0,0.0,1.0
0.0757986,0.000538194,-0.492865,-0.000243056,0.295359,0.25441,0.0,0.0,1.0
0.0749045,-0.000390625,-0.490773,0.000185185,0.299144,0.247662,0.0,0.0,1.0
0.0715104,0.00354167,-0.487865,-0.00152778,0.295116,0.245671,0.0,0.0,1.0
0.0738715,0.00288194,-0.486059,-0.00125,0.301366,0.25169,0.0,0.0,1.0
0.0717014,-0.000746528,-0.483628,0.0003125,0.300359,0.251076,0.0,0.0,1.0
0.071849,0.00110243,-0.482422,-0.000462963,0.306389,0.255463,0.0,0.0,1.0
0.0665104,-0.000208333,-0.482448,9.25926e-05,0.303889,0.2625,0.0,0.0,1.0
0.0666059,0.00176215,-0.483134,-0.000694444,0.308356,0.25669,0.0,0.0,1.0
0.0635156,-0.00875868,-0.479314,0.00314815,0.31375,0.262593,0.0,0.0,1.0
0.0625347,-0.000451389,-0.479062,0.000162037,0.304028,0.268125,0.0,0.0,1.0
0.0598177,-0.00780382,-0.473238,0.00266204,0.311597,0.272361,0.0,0.0,1.0
0.0608854,-0.00621528,-0.470885,0.00219907,0.305972,0.27544,0.0,0.0,1.0
0.0603993,-0.00598958,-0.466979,0.00210648,0.304931,0.28412,0.0,0.0,1.0
0.0578385,-0.0053559,-0.462821,0.00175926,0.31287,0.267361,0.0,0.0,1.0
0.0580816,-0.00797743,-0.457769,0.00282407,0.29169,0.270486,0.0,0.0,1.0
0.0608507,-0.00515625,-0.449965,0.001875,0.296366,0.26963,0.0,0.0,1.0
0.0614757,-0.00671875,-0.447014,0.0024537,0.299398,0.264676,0.0,0.0,1.0
0.058941,-0.00623264,-0.444653,0.00219907,0.297106,0.2675,0.0,0.0,1.0
0.0584028,-0.00638889,-0.443715,0.00229167,0.29,0.274421,0.0,0.0,1.0
0.0576389,-0.0109722,-0.441354,0.0037963,0.295671,0.271134,0.0,0.0,1.0
0.0591753,-0.0100781,-0.440217,0.00369213,0.287697,0.279641,0.0,0.0,1.0
0.0632031,-0.0155469,-0.438134,0.00590278,0.295926,0.274745,0.0,0.0,1.0
0.0639931,-0.0202604,-0.434497,0.00798611,0.288495,0.27875,0.0,0.0,1.0
0.0595312,-0.0110243,-0.435694,0.00390046,0.299132,0.272975,0.0,0.0,1.0
0.0616319,-0.0191146,-0.434878,0.00736111,0.284005,0.267662,0.0,0.0,1.0
0.0624913,-0.014592,-0.436814,0.00586806,0.276331,0.27015,0.0,0.0,1.0
0.0623003,-0.0173524,-0.435043,0.006875,0.279769,0.267847,0.0,0.0,1.0
0.0619618,-0.00602431,-0.439583,0.00229167,0.28963,0.278727,0.0,0.0,1.0
0.0655295,-0.016467,-0.434905,0.00675926,0.283866,0.273634,0.0,0.0,1.0
0.0595486,-0.00348958,-0.442135,0.00138889,0.268912,0.267153,0.0,0.0,1.0
0.0582465,-0.00303819,-0.44375,0.00112269,0.281956,0.273206,0.0,0.0,1.0
0.0554861,0.00803819,-0.450747,-0.00273148,0.291505,0.282292,0.0,0.0,1.0
0.0554427,0.00681424,-0.451467,-0.00238426,0.281782,0.268102,0.0,0.0,1.0
0.0561111,0.00446181,-0.456094,-0.00153935,0.28816,0.257766,0.0,0.0,1.0
0.0534722,0.00197917,-0.457431,-0.000625,0.295162,0.266204,0.0,0.0,1.0
0.0522396,-0.00236111,-0.459149,0.000740741,0.301782,0.27331,0.0,0.0,1.0
0.052908,0.00408854,-0.455807,-0.00122685,0.310856,0.285185,0.0,0.0,1.0
0.0501649,-0.00101562,-0.456727,0.000289352,0.313553,0.284063,0.0,0.0,1.0
0.0521007,-0.00767361,-0.461198,0.00226852,0.314074,0.286111,0.0,0.0,1.0
0.05625,-0.00473958,-0.460608,0.00145833,0.325301,0.270972,0.0,0.0,1.0
0.0557812,-0.00190972,-0.462622,0.00056713,0.33397,0.272812,0.0,0.0,1.0
0.0567188,-0.00394097,-0.46066,0.00115741,0.340949,0.264144,0.0,0.0,1.0
0.0594358,-0.00519965,-0.459957,0.00159722,0.344931,0.264907,0.0,0.0,1.0
0.055842,-0.00235243,-0.455738,0.000717593,0.328426,0.274329,0.0,0.0,1.0
0.0554427,-0.00184896,-0.451502,0.000532407,0.335486,0.270833,0.0,0.0,1.0
0.0587674,0.000677083,-0.445243,-0.000208333,0.336921,0.276389,0.0,0.0,1.0
0.0567361,0.00425347,-0.441753,-0.0012963,0.331736,0.280856,0.0,0.0,1.0
0.0531944,-0.00119792,-0.442378,0.000347222,0.320185,0.290949,0.0,0.0,1.0
0.0511632,-0.00309028,-0.439983,0.000868056,0.322141,0.29022,0.0,0.0,1.0
0.0476562,-0.00555556,-0.43908,0.00150463,0.31581,0.303287,0.0,0.0,1.0
0.0530035,-0.000572917,-0.433924,0.000162037,0.32044,0.303657,0.0,0.0,1.0
0.0478993,0.00210069,-0.431701,-0.00056713,0.31441,0.307326,0.0,0.0,1.0
0.0513976,0.000703125,-0.427821,-0.000208333,0.316111,0.308218,0.0,0.0,1.0
0.0505729,0.000208333,-0.428698,-4.62963e-05,0.313241,0.313009,0.0,0.0,1.0
0.050434,-0.00125,-0.425747,0.000358796,0.317095,0.308414,0.0,0.0,1.0
0.0485417,-0.00175347,-0.42401,0.000486111,0.310255,0.313796,0.0,0.0,1.0
0.0490712,-0.00171007,-0.421033,0.000462963,0.316042,0.319236,0.0,0.0,1.0
0.0538021,-0.00194444,-0.422378,0.000578704,0.316528,0.314884,0.0,0.0,1.0
0.0507812,-0.00447917,-0.420122,0.0012963,0.308125,0.322523,0.0,0.0,1.0
0.0524045,-0.00610243,-0.417856,0.00180556,0.313819,0.315671,0.0,0.0,1.0
0.0487153,-0.0117882,-0.416233,0.00326389,0.312778,0.315671,0.0,0.0,1.0
0.0525347,-0.0120833,-0.416146,0.00358796,0.313935,0.316644,0.0,0.0,1.0
0.0548003,-0.0103038,-0.413186,0.00319444,0.314884,0.314931,0.0,0.0,1.0
0.0545486,-0.000677083,-0.408976,0.000219907,0.308785,0.322257,0.0,0.0,1.0
0.0543142,-0.00325521,-0.409106,0.00106481,0.294977,0.33794,0.0,0.0,1.0
0.0581424,0.00229167,-0.407378,-0.000775463,0.3014,0.340868,0.0,0.0,1.0
0.0538194,-0.00961806,-0.40875,0.00298611,0.309167,0.330949,0.0,0.0,1.0
0.0525347,-0.00928819,-0.406684,0.00275463,0.315046,0.323125,0.0,0.0,1.0
0.0516753,-0.00882812,-0.407422,0.00262731,0.308021,0.330312,0.0,0.0,1.0
0.0543403,-0.00786458,-0.406823,0.00241898,0.313576,0.334757,0.0,0.0,1.0
0.0560243,-0.00845486,-0.41059,0.00284722,0.295208,0.323009,0.0,0.0,1.0
0.0613194,-0.00345486,-0.409149,0.00125,0.299005,0.339468,0.0,0.0,1.0
0.0635417,-0.0250174,-0.40033,0.0100231,0.281829,0.323981,0.0,0.0,1.0
0.0647569,-0.0228646,-0.398767,0.00909722,0.289259,0.340903,0.0,0.0,1.0
0.0626215,-0.00305556,-0.401823,0.00115741,0.294144,0.348912,0.0,0.0,1.0
0.0705556,-0.0268924,-0.38967,0.0118403,0.28478,0.329757,0.0,0.0,1.0
0.0734115,-0.0213976,-0.390269,0.0096875,0.288229,0.328137,0.0,0.0,1.0
0.0711979,-0.0153993,-0.38941,0.00681713,0.285822,0.3264,0.0,0.0,1.0
0.0703472,0.00111111,-0.397292,-0.000486111,0.285602,0.32706,0.0,0.0,1.0
0.0673958,0.00911458,-0.397656,-0.00376157,0.290127,0.333877,0.0,0.0,1.0
0.0669271,0.000572917,-0.396979,-0.000231481,0.293102,0.316806,0.0,0.0,1.0
0.066658,-0.00110243,-0.397682,0.000451389,0.295845,0.31059,0.0,0.0,1.0
0.0677257,-0.000989583,-0.397118,0.000405093,0.29684,0.310359,0.0,0.0,1.0
0.0667274,-0.00386285,-0.396241,0.00157407,0.291829,0.312847,0.0,0.0,1.0
0.0701562,-0.0184375,-0.390399,0.00762731,0.301655,0.30853,0.0,0.0,1.0
0.0695833,-0.0123264,-0.393229,0.00516204,0.295231,0.311875,0.0,0.0,1.0
0.0721181,-0.00442708,-0.39342,0.00189815,0.300394,0.319005,0.0,0.0,1.0
0.0688889,-0.00475694,-0.38934,0.00189815,0.304468,0.313912,0.0,0.0,1.0
0.068559,-0.00262153,-0.384306,0.00105324,0.303345,0.309595,0.0,0.0,1.0
0.0674306,-0.00347222,-0.383403,0.00140046,0.296794,0.313368,0.0,0.0,1.0
0.0663368,-0.00322917,-0.383767,0.00130787,0.290683,0.30191,0.0,0.0,1.0
0.0671875,-0.00805556,-0.380486,0.00335648,0.286366,0.298241,0.0,0.0,1.0
0.0703646,-0.00270833,-0.375885,0.00111111,0.304491,0.319028,0.0,0.0,1.0
0.0628212,-0.00945313,-0.37362,0.00342593,0.306875,0.314236,0.0,0.0,1.0
0.0664844,-0.00278646,-0.379193,0.00111111,0.298727,0.315625,0.0,0.0,1.0
0.0682812,-0.00961806,-0.376545,0.00414352,0.2825,0.308449,0.0,0.0,1.0
0.0692101,-0.0037934,-0.376467,0.00157407,0.294606,0.321134,0.0,0.0,1.0
0.0690972,-0.00657986,-0.377448,0.00280093,0.289282,0.308843,0.0,0.0,1.0
0.0680642,-0.016224,-0.370877,0.00668981,0.293009,0.312523,0.0,0.0,1.0
0.0653906,-0.00655382,-0.371137,0.00258102,0.295266,0.308738,0.0,0.0,1.0
0.0634896,-0.0149826,-0.363785,0.00583333,0.290093,0.304259,0.0,0.0,1.0
0.0628819,-0.0212847,-0.359444,0.00792824,0.300475,0.321146,0.0,0.0,1.0
0.0655382,-0.0208854,-0.355799,0.0083912,0.289826,0.307535,0.0,0.0,1.0
0.0657813,-0.0268056,-0.350434,0.0105671,0.296655,0.319502,0.0,0.0,1.0
0.0642448,-0.0311892,-0.344158,0.0119792,0.29728,0.308762,0.0,0.0,1.0
0.067066,-0.0303299,-0.339306,0.0119676,0.30206,0.313519,0.0,0.0,1.0
0.0676736,-0.0436285,-0.327622,0.0177546,0.295787,0.317755,0.0,0.0,1.0
0.0688542,-0.0450694,-0.32375,0.0189583,0.29088,0.320023,0.0,0.0,1.0
0.0657292,-0.0436285,-0.317101,0.016713,0.305069,0.321644,0.0,0.0,1.0
0.0606337,-0.0342274,-0.315616,0.0122454,0.301389,0.321458,0.0,0.0,1.0
0.0553906,-0.0272656,-0.315009,0.00878472,0.305822,0.322118,0.0,0.0,1.0
0.0521007,-0.0252778,-0.309253,0.00770833,0.303981,0.322569,0.0,0.0,1.0
0.0504514,-0.0263021,-0.30592,0.00769676,0.306863,0.325613,0.0,0.0,1.0
0.0496267,-0.0206337,-0.300373,0.00599537,0.303148,0.335208,0.0,0.0,1.0
0.0508767,-0.0245052,-0.29605,0.00726852,0.304792,0.32831,0.0,0.0,1.0
0.0497569,-0.0247743,-0.286962,0.00701389,0.312269,0.325532,0.0,0.0,1.0
0.05,-0.0152604,-0.278281,0.00436343,0.311169,0.326539,0.0,0.0,1.0
0.0503906,-0.017474,-0.27296,0.00506944,0.30838,0.332986,0.0,0.0,1.0
0.0508073,-0.00962674,-0.266137,0.00280093,0.310926,0.330116,0.0,0.0,1.0
0.0525521,-0.0146181,-0.259983,0.0044213,0.310185,0.327894,0.0,0.0,1.0
0.0535069,-0.0177604,-0.258108,0.00543981,0.310394,0.325417,0.0,0.0,1.0
0.0533594,-0.0165712,-0.254002,0.00512731,0.306933,0.322581,0.0,0.0,1.0
0.0594184,-0.0108073,-0.244887,0.00368056,0.310556,0.327616,0.0,0.0,1.0
0.0580122,-0.00174479,-0.238082,0.000578704,0.311042,0.317407,0.0,0.0,1.0
0.0634896,0.0046875,-0.222448,-0.00179398,0.294502,0.298854,0.0,0.0,1.0
0.0614236,0.00267361,-0.217396,-0.00100694,0.290359,0.295498,0.0,0.0,1.0
0.0595833,-0.000243056,-0.215729,8.10185e-05,0.29816,0.297581,0.0,0.0,1.0
0.0592708,-0.00111111,-0.207986,0.000393519,0.301806,0.296505,0.0,0.0,1.0
0.0629514,-0.000746528,-0.200781,0.000277778,0.300926,0.293796,0.0,0.0,1.0
0.0700347,0.00760417,-0.195139,-0.00328704,0.289028,0.297963,0.0,0.0,1.0
0.0802865,0.0055816,-0.182318,-0.00275463,0.288287,0.303125,0.0,0.0,1.0
0.0771181,0.0240451,-0.180226,-0.0118519,0.278287,0.311713,0.0,0.0,1.0
0.0857205,0.00511285,-0.155564,-0.00287037,0.271157,0.319815,0.0,0.0,1.0
0.0553819,-0.0403993,-0.160538,0.0141667,0.280741,0.325093,0.0,0.0,1.0
0.0760851,0.0266059,-0.147561,-0.0184375,0.195127,0.260637,0.0,0.0,1.0
0.0892882,0.0046875,-0.117587,-0.00333333,0.223819,0.278727,0.0,0.0,1.0
0.0840625,0.0321181,-0.115972,-0.0211227,0.227211,0.296424,0.0,0.0,1.0
0.0890625,-0.00972222,-0.0791319,0.00708333,0.217593,0.280417,0.0,0.0,1.0
0.086684,-0.0424479,-0.0488194,0.031412,0.208102,0.337894,0.0,0.0,1.0
0.0788542,-0.0182118,-0.0400174,0.010625,0.240486,0.289213,0.0,0.0,1.0
0.0744965,-0.0374306,-0.0101562,0.0242361,0.204583,0.259653,0.0,0.0,1.0
0.0722135,-0.0413802,0.0104427,0.0250463,0.212106,0.272755,0.0,0.0,1.0
0.0616927,-0.0101997,0.00375868,0.00422454,0.264711,0.317743,0.0,0.0,1.0
0.0572569,-0.0336806,0.0296528,0.012581,0.272512,0.309271,0.0,0.0,1.0
0.0574392,-0.0317274,0.0387934,0.0118519,0.273449,0.311412,0.0,0.0,1.0
0.056901,-0.0361024,0.0607899,0.013125,0.278079,0.307731,0.0,0.0,1.0
0.0510069,-0.0579688,0.0882118,0.0192477,0.27309,0.307257,0.0,0.0,1.0
0.0456597,-0.0518924,0.108733,0.0152431,0.276215,0.304826,0.0,0.0,1.0
0.0557465,-0.0253299,0.127917,0.00907407,0.276736,0.299792,0.0,0.0,1.0
0.0644444,-0.0219965,0.142483,0.00978009,0.257836,0.287326,0.0,0.0,1.0
0.0609375,-0.00390625,0.173941,0.00164352,0.258102,0.289792,0.0,0.0,1.0
0.0617882,-0.0109375,0.196858,0.00474537,0.253843,0.293773,0.0,0.0,1.0
0.0729601,-0.030026,0.227804,0.0156944,0.248218,0.300116,0.0,0.0,1.0
0.0686111,0.00501736,0.255503,-0.00247685,0.246505,0.292917,0.0,0.0,1.0
0.0674132,0.0397396,0.281528,-0.0199537,0.238657,0.292639,0.0,0.0,1.0
0.0756597,-0.00895833,0.320347,0.00630787,0.190799,0.230683,0.0,0.0,1.0
0.0705035,-0.0131424,0.346354,0.00903935,0.182118,0.223669,0.0,0.0,1.0
0.0800694,0.00144097,0.373767,-0.00113426,0.180509,0.218681,0.0,0.0,1.0
0.0702778,-0.00282986,0.398142,0.00201389,0.175324,0.202384,0.0,0.0,1.0
0.0812847,0.00267361,0.426875,-0.00199074,0.195208,0.235255,0.0,0.0,1.0
0.0693142,0.000633681,0.458672,-0.000439815,0.180486,0.231944,0.0,0.0,1.0
0.0698611,0.0119618,0.472656,-0.00810185,0.183287,0.23912,0.0,0.0,1.0
0.0724392,0.0299045,0.497439,-0.018831,0.204525,0.26684,0.0,0.0,1.0
0.0696181,0.0457118,0.510122,-0.0230556,0.245509,0.326111,0.0,0.0,1.0
0.0771875,0.0342882,0.510469,-0.0192708,0.244155,0.324132,0.0,0.0,1.0
0.0631163,0.031849,0.529696,-0.0143634,0.248576,0.319155,0.0,0.0,1.0
0.0535677,0.0375434,0.542092,-0.0139699,0.256053,0.311817,0.0,0.0,1.0
0.0531944,0.0291493,0.537031,-0.0104977,0.262766,0.300359,0.0,0.0,1.0
0.0546788,0.0258073,0.52678,-0.00922454,0.271748,0.290127,0.0,0.0,1.0
0.0545486,0.0188715,0.515434,-0.00655093,0.27963,0.282245,0.0,0.0,1.0
0.0570052,0.0158594,0.504314,-0.0056713,0.283912,0.266065,0.0,0.0,1.0
0.0542274,0.0124566,0.497005,-0.00423611,0.284097,0.26125,0.0,0.0,1.0
0.0498958,0.0241319,0.4925,-0.00768519,0.278565,0.236019,0.0,0.0,1.0
0.0525955,0.0162066,0.479644,-0.00537037,0.281551,0.217384,0.0,0.0,1.0
0.0487066,0.0309983,0.476502,-0.00954861,0.281447,0.212512,0.0,0.0,1.0
0.0478559,0.0293142,0.465894,-0.00928241,0.26831,0.197685,0.0,0.0,1.0
0.0548437,0.0372743,0.453368,-0.0136343,0.266551,0.186944,0.0,0.0,1.0
0.0562847,0.0371007,0.443941,-0.0144907,0.256412,0.169051,0.0,0.0,1.0
0.0526562,0.0273438,0.428715,-0.00949074,0.269676,0.161065,0.0,0.0,1.0
0.0553906,0.0278385,0.416241,-0.0100694,0.272245,0.14875,0.0,0.0,1.0
0.0565278,0.0244618,0.404184,-0.00891204,0.275903,0.133102,0.0,0.0,1.0
0.0571354,0.0212847,0.388385,-0.00802083,0.269317,0.126076,0.0,0.0,1.0
0.0600521,0.0261111,0.378142,-0.0102431,0.272211,0.129479,0.0,0.0,1.0
0.0660417,0.0229861,0.362257,-0.0105556,0.255741,0.117176,0.0,0.0,1.0
0.0665278,0.0151215,0.349358,-0.00726852,0.245926,0.0922222,0.0,0.0,1.0
0.0664757,0.0142361,0.337309,-0.00689815,0.243843,0.102639,0.0,0.0,1.0
0.0661806,0.0117014,0.326181,-0.00614583,0.224039,0.0919097,0.0,0.0,1.0
0.0663194,0.00289931,0.321233,-0.00143519,0.239074,0.0998611,0.0,0.0,1.0
0.064592,-0.00639757,0.312248,0.00290509,0.2536,0.108762,0.0,0.0,1.0
0.0654861,-0.013125,0.310347,0.00653935,0.233623,0.086169,0.0,0.0,1.0
0.0679167,-0.0151215,0.304809,0.00768519,0.237222,0.0858796,0.0,0.0,1.0
0.063151,-0.0302517,0.296675,0.0138426,0.245324,0.0984722,0.0,0.0,1.0
0.0618316,-0.0400955,0.285547,0.0179861,0.245208,0.0834722,0.0,0.0,1.0
0.0655469,-0.0300087,0.284141,0.0146065,0.239398,0.0757639,0.0,0.0,1.0
0.0627691,-0.0322309,0.278498,0.0147222,0.244282,0.067662,0.0,0.0,1.0
0.0624132,-0.0282812,0.27375,0.0131713,0.23831,0.0633796,0.0,0.0,1.0
0.0606771,-0.0171354,0.270764,0.00771991,0.239502,0.0592477,0.0,0.0,1.0
0.0621007,-0.0208681,0.263628,0.00940972,0.244826,0.0511227,0.0,0.0,1.0
0.0500087,-0.000147569,0.276432,5.78704e-05,0.25066,0.0556597,0.0,0.0,1.0
0.0582813,-0.00126736,0.26434,0.000509259,0.257963,0.0526852,0.0,0.0,1.0
0.0549132,0.00265625,0.265938,-0.00101852,0.255556,0.04875,0.0,0.0,1.0
0.0589236,0.000833333,0.263368,-0.000358796,0.2436,0.0496644,0.0,0.0,1.0
0.0639063,-0.00440972,0.264774,0.00206019,0.243356,0.0500926,0.0,0.0,1.0
0.0596701,-0.00328125,0.26375,0.00148148,0.234144,0.0505324,0.0,0.0,1.0
0.0572917,-0.00652778,0.264514,0.00289352,0.229653,0.047037,0.0,0.0,1.0
0.053125,-0.00899306,0.264896,0.00362269,0.234294,0.0487384,0.0,0.0,1.0
0.0508594,-0.0118837,0.266762,0.0046412,0.231354,0.0473727,0.0,0.0,1.0
0.0532813,-0.0138194,0.264392,0.0055787,0.234653,0.050787,0.0,0.0,1.0
0.0551997,-0.0154774,0.259384,0.00643519,0.236343,0.0491667,0.0,0.0,1.0
0.057908,-0.0153212,0.257509,0.00664352,0.237731,0.0525231,0.0,0.0,1.0
0.0577604,-0.0209375,0.255608,0.00883102,0.243275,0.0555671,0.0,0.0,1.0
0.0565104,-0.0192882,0.252778,0.0081713,0.236481,0.0496991,0.0,0.0,1.0
0.0542535,-0.0243229,0.248507,0.00969907,0.241551,0.0519444,0.0,0.0,1.0
0.0540278,-0.0230035,0.245365,0.00905093,0.243866,0.0556019,0.0,0.0,1.0
0.0520573,-0.0242101,0.241988,0.00902778,0.248125,0.0597454,0.0,0.0,1.0
0.0542274,-0.0226997,0.239175,0.00883102,0.247743,0.0609144,0.0,0.0,1.0
0.0516146,-0.0243403,0.235608,0.00900463,0.247986,0.0675926,0.0,0.0,1.0
0.0522569,-0.0184896,0.233003,0.0068287,0.251528,0.0755787,0.0,0.0,1.0
0.0514583,-0.0177257,0.229427,0.00634259,0.256157,0.0843982,0.0,0.0,1.0
0.0549132,-0.0160764,0.227448,0.0062037,0.252917,0.0900463,0.0,0.0,1.0
0.0548264,-0.0146181,0.226042,0.005625,0.253588,0.0986574,0.0,0.0,1.0
0.0571875,-0.00784722,0.220903,0.00321759,0.247431,0.113565,0.0,0.0,1.0
0.056276,-0.00384549,0.218255,0.00157407,0.246088,0.105532,0.0,0.0,1.0
0.0541146,-0.00645833,0.215226,0.0024537,0.252454,0.0952778,0.0,0.0,1.0
0.0536372,-0.0105469,0.206832,0.00402778,0.249815,0.0988426,0.0,0.0,1.0
0.0561285,-0.00727431,0.199028,0.00293981,0.246829,0.100278,0.0,0.0,1.0
0.0565799,-0.00163194,0.195122,0.000671296,0.243449,0.0992593,0.0,0.0,1.0
0.0596701,-0.00885417,0.186441,0.00372685,0.252361,0.0892361,0.0,0.0,1.0
0.0580642,0.00886285,0.193273,-0.00372685,0.244907,0.0828935,0.0,0.0,1.0
0.0580903,0.00302083,0.18625,-0.00125,0.248171,0.0808565,0.0,0.0,1.0
0.0579253,0.0040191,0.18204,-0.00157407,0.262546,0.0771759,0.0,0.0,1.0
0.0582292,-0.000277778,0.174271,0.000115741,0.256134,0.0691204,0.0,0.0,1.0
0.0612674,0.000677083,0.174236,-0.000289352,0.255613,0.0647338,0.0,0.0,1.0
0.0662847,-0.00100694,0.162326,0.000451389,0.259317,0.0672338,0.0,0.0,1.0
0.0639236,-0.00319444,0.159688,0.00141204,0.259028,0.0709954,0.0,0.0,1.0
0.0647656,-0.00200521,0.157422,0.00087963,0.260903,0.0725694,0.0,0.0,1.0
0.0675,-0.00638889,0.151458,0.00300926,0.254769,0.0739352,0.0,0.0,1.0
0.0658333,-0.00230903,0.150503,0.00107639,0.248854,0.0837153,0.0,0.0,1.0
0.0689757,0.00151042,0.146667,-0.000775463,0.237164,0.0848958,0.0,0.0,1.0
0.0684375,0.0025,0.140347,-0.00125,0.244028,0.091713,0.0,0.0,1.0
0.0708073,0.00453993,0.137127,-0.00237269,0.240544,0.0819329,0.0,0.0,1.0
0.0746181,0.00378472,0.133542,-0.00212963,0.236759,0.0763426,0.0,0.0,1.0
0.0742535,0.00340278,0.124253,-0.0019213,0.233657,0.0717361,0.0,0.0,1.0
0.0727604,0.0165972,0.116545,-0.00972222,0.220926,0.0635185,0.0,0.0,1.0
0.0727691,0.0115712,0.108984,-0.00719907,0.207639,0.0495139,0.0,0.0,1.0
0.0691319,0.00121528,0.107535,-0.000578704,0.253079,0.0956018,0.0,0.0,1.0
0.0698437,0.0131424,0.104618,-0.00751157,0.217072,0.0587384,0.0,0.0,1.0
0.0676562,0.0166493,0.0991319,-0.00803241,0.248796,0.0879398,0.0,0.0,1.0
0.0647569,0.0200694,0.0963889,-0.00884259,0.261134,0.0866435,0.0,0.0,1.0
0.0641493,0.0180382,0.0954167,-0.00791667,0.25963,0.0673611,0.0,0.0,1.0
0.0655903,0.0207118,0.0949479,-0.009375,0.257523,0.0702778,0.0,0.0,1.0
0.0646094,0.0161892,0.093967,-0.00695602,0.267512,0.0700347,0.0,0.0,1.0
0.0657813,0.014809,0.0954514,-0.00655093,0.264236,0.0634722,0.0,0.0,1.0
0.0649045,0.0129427,0.0952865,-0.00559028,0.266863,0.0658218,0.0,0.0,1.0
0.0716493,-0.00394097,0.0799306,0.001875,0.26625,0.0659954,0.0,0.0,1.0
0.0682118,-0.00210069,0.0843056,0.000960648,0.266725,0.0704514,0.0,0.0,1.0
0.0718142,-0.00398437,0.0834115,0.00194444,0.262963,0.0722222,0.0,0.0,1.0
0.0703559,-0.0044184,0.0808767,0.00212963,0.261319,0.0708565,0.0,0.0,1.0
0.0742361,-0.00550347,0.0866146,0.00284722,0.255347,0.0693056,0.0,0.0,1.0
0.0741667,-0.00513889,0.0876389,0.00337963,0.200625,0.0214583,0.0,0.0,1.0
0.0849653,0.0182812,0.0872396,-0.0148843,0.185463,0.00798611,0.0,0.0,1.0
0.0769271,-0.00413194,0.0868576,0.00304398,0.186192,0.00591435,0.0,0.0,1.0
0.0784288,-0.000668403,0.0849913,0.000474537,0.192928,-0.00341435,0.0,0.0,1.0
0.072066,-0.00409722,0.0771354,0.00280093,0.187523,-0.0129167,0.0,0.0,1.0
0.0700608,-0.00216146,0.0729948,0.00149306,0.181817,-0.013669,0.0,0.0,1.0
0.0688281,0.00273437,0.0717622,-0.00175926,0.190486,-0.0178935,0.0,0.0,1.0
0.0680122,0.00405382,0.0721094,-0.00253472,0.193137,-0.0131134,0.0,0.0,1.0
0.0709375,0.00105903,0.0760937,-0.000648148,0.209769,-0.00194444,0.0,0.0,1.0
0.0718229,-0.00223958,0.076875,0.00113426,0.253171,0.0339815,0.0,0.0,1.0
0.0722917,-0.00465278,0.0785417,0.00244213,0.24478,0.0170718,0.0,0.0,1.0
0.0727865,-0.000217014,0.0799219,0.000115741,0.251736,0.0233796,0.0,0.0,1.0
0.0685243,-0.00430556,0.0840104,0.0025,0.210162,-0.0217824,0.0,0.0,1.0
0.066875,-0.00401042,0.0888021,0.00206019,0.231157,0.00770833,0.0,0.0,1.0
0.0661632,-0.00986111,0.0905729,0.00493056,0.235,0.00655093,0.0,0.0,1.0
0.0662326,-0.0149306,0.0981076,0.00777778,0.226111,-0.000138889,0.0,0.0,1.0
0.0654688,-0.00597222,0.0997396,0.00290509,0.238808,0.00674769,0.0,0.0,1.0
0.0644705,-0.00969618,0.107231,0.00467593,0.238426,0.00356481,0.0,0.0,1.0
0.0624392,-0.010217,0.110373,0.0046412,0.244178,-0.00179398,0.0,0.0,1.0
0.0642882,-0.00786458,0.115278,0.0037037,0.241806,-0.00476852,0.0,0.0,1.0
0.0617708,-0.00428819,0.121476,0.001875,0.25,-0.00706019,0.0,0.0,1.0
0.0643576,-0.00498264,0.128264,0.00243056,0.233657,-0.022338,0.0,0.0,1.0
0.0655729,0.00166667,0.13776,-0.000821759,0.236053,-0.0168171,0.0,0.0,1.0
0.0651042,0.00953125,0.148976,-0.00460648,0.239815,-0.0106713,0.0,0.0,1.0
0.0669271,0.00432292,0.154896,-0.00230324,0.223808,-0.0267245,0.0,0.0,1.0
0.066658,0.00889757,0.164557,-0.00471065,0.223669,-0.0203356,0.0,0.0,1.0
0.0603993,0.00015625,0.172674,-9.25926e-05,0.184051,-0.0475694,0.0,0.0,1.0
0.0623958,0.00664931,0.182691,-0.00333333,0.22169,-0.0214583,0.0,0.0,1.0
0.0637934,0.00716146,0.190686,-0.0037037,0.219491,-0.0262037,0.0,0.0,1.0
0.0625521,0.00571181,0.199722,-0.00277778,0.229815,-0.0233796,0.0,0.0,1.0
0.0646615,0.00153646,0.202752,-0.000902778,0.193079,-0.0622685,0.0,0.0,1.0
0.0683767,0.0012934,0.209366,-0.000844907,0.183947,-0.0736458,0.0,0.0,1.0
0.0682465,0.000763889,0.216545,-0.000486111,0.187083,-0.0683565,0.0,0.0,1.0
0.0692882,-0.00100694,0.222865,0.000648148,0.192639,-0.0684259,0.0,0.0,1.0
0.0672917,0.000850694,0.224705,-0.000555556,0.183681,-0.0671065,0.0,0.0,1.0
0.0623958,0.0128125,0.231076,-0.00726852,0.195162,-0.0595139,0.0,0.0,1.0
0.0678906,0.00518229,0.235286,-0.00333333,0.188333,-0.07875,0.0,0.0,1.0
0.0586806,0.0322049,0.233003,-0.016412,0.204722,-0.0774306,0.0,0.0,1.0
0.0485851,0.0365191,0.229905,-0.013044,0.241817,-0.0535069,0.0,0.0,1.0
0.0498524,0.0334983,0.215825,-0.0134954,0.220185,-0.0970602,0.0,0.0,1.0
0.0466493,0.0432292,0.221198,-0.0140278,0.255625,-0.0689583,0.0,0.0,1.0
0.0510677,0.0252865,0.207057,-0.0126389,0.18162,-0.156435,0.0,0.0,1.0
0.0493229,0.035434,0.203819,-0.0174306,0.178171,-0.165509,0.0,0.0,1.0
0.0458767,0.0423698,0.202734,-0.0187616,0.184201,-0.169271,0.0,0.0,1.0
0.0434201,0.0353299,0.200035,-0.0154977,0.17603,-0.184062,0.0,0.0,1.0
0.0423785,0.0307465,0.211181,-0.00902778,0.25669,-0.111921,0.0,0.0,1.0
0.0466753,0.0183594,0.212665,-0.00553241,0.274838,-0.0889352,0.0,0.0,1.0
0.0453646,0.0231944,0.209045,-0.00699074,0.267199,-0.118912,0.0,0.0,1.0
0.0499306,0.0269271,0.20401,-0.00969907,0.246389,-0.10294,0.0,0.0,1.0
0.0504601,0.0286892,0.197648,-0.0102431,0.251146,-0.111447,0.0,0.0,1.0
0.0484635,0.023533,0.200929,-0.0087037,0.232755,-0.0911343,0.0,0.0,1.0
0.0486806,0.0277083,0.195451,-0.00972222,0.246597,-0.088125,0.0,0.0,1.0
0.0474653,0.0174653,0.200694,-0.00645833,0.22838,-0.0653472,0.0,0.0,1.0
0.0469444,0.0144792,0.202847,-0.00545139,0.221863,-0.0555903,0.0,0.0,1.0
0.0509201,0.0184375,0.198733,-0.00765046,0.218252,-0.0478588,0.0,0.0,1.0
0.0509549,0.0236458,0.198872,-0.00974537,0.219722,-0.0438194,0.0,0.0,1.0
0.0545486,0.0298611,0.196285,-0.0135995,0.212928,-0.0448958,0.0,0.0,1.0
0.0476649,0.000772569,0.209262,-0.000335648,0.19316,-0.0685995,0.0,0.0,1.0
0.0517622,0.0229774,0.207057,-0.0102199,0.207025,-0.0484606,0.0,0.0,1.0
0.048967,0.0359635,0.217179,-0.0141435,0.221296,-0.0264583,0.0,0.0,1.0
0.0511285,0.0421181,0.21408,-0.0169329,0.226053,-0.0178125,0.0,0.0,1.0
0.0527951,0.0367708,0.206024,-0.0184722,0.186736,-0.0574769,0.0,0.0,1.0
0.0525955,0.0440712,0.205321,-0.0230671,0.178646,-0.0528356,0.0,0.0,1.0
0.0493229,0.0436979,0.208194,-0.021713,0.176481,-0.0508333,0.0,0.0,1.0
0.0407726,0.0327865,0.214835,-0.0134259,0.177269,-0.0473611,0.0,0.0,1.0
0.0404514,0.0418056,0.212257,-0.0172222,0.174491,-0.0357407,0.0,0.0,1.0
0.0360069,0.0396181,0.209965,-0.0141667,0.179097,-0.0232639,0.0,0.0,1.0
0.0326476,0.0488108,0.224123,-0.0144097,0.196539,0.00695602,0.0,0.0,1.0
0.0368924,0.0351042,0.223976,-0.0114005,0.201817,0.00873843,0.0,0.0,1.0
0.062309,0.0127257,0.219896,-0.00327546,0.240868,0.0472569,0.0,0.0,1.0
0.0616059,0.0135677,0.221936,-0.00363426,0.242847,0.0589352,0.0,0.0,1.0
0.0609028,0.0144097,0.223958,-0.00400463,0.244838,0.0706019,0.0,0.0,1.0
0.0601997,0.0152344,0.225981,-0.00439815,0.246806,0.0822685,0.0,0.0,1.0
0.042066,0.0015625,0.232448,-0.000474537,0.24353,0.11184,0.0,0.0,1.0
0.0578993,0.0215104,0.232674,-0.0122685,0.180509,0.0677315,0.0,0.0,1.0
0.0455903,-0.00194444,0.232674,0.000625,0.251204,0.14294,0.0,0.0,1.0
0.0438281,0.00332465,0.234609,-0.00101852,0.254236,0.153542,0.0,0.0,1.0
0.0440972,-0.00449653,0.236927,0.00143519,0.245972,0.185278,0.0,0.0,1.0
0.0443576,-0.0214931,0.230399,0.00681713,0.248924,0.199664,0.0,0.0,1.0
0.0434288,-0.012092,0.238498,0.00407407,0.229583,0.219491,0.0,0.0,1.0
0.0423785,0.00699653,0.247604,-0.00201389,0.262755,0.206296,0.0,0.0,1.0
0.048941,0.00149306,0.249635,-0.000497685,0.264387,0.220336,0.0,0.0,1.0
0.0536632,0.0148437,0.244583,-0.00527778,0.267546,0.233565,0.0,0.0,1.0
0.0622656,0.0182552,0.242734,-0.00740741,0.272847,0.243866,0.0,0.0,1.0
0.0736198,0.00330729,0.246866,-0.00164352,0.263287,0.256551,0.0,0.0,1.0
0.0719444,0.00244792,0.243038,-0.00146991,0.212187,0.215937,0.0,0.0,1.0
0.0674306,0.015816,0.239497,-0.00969907,0.195764,0.202454,0.0,0.0,1.0
0.0670833,0.0243403,0.235833,-0.0148032,0.196076,0.209896,0.0,0.0,1.0
0.0665799,0.0204514,0.236962,-0.0125231,0.193125,0.208194,0.0,0.0,1.0
0.0657118,0.0234375,0.236927,-0.0130556,0.209931,0.231273,0.0,0.0,1.0
0.0569965,-0.00309028,0.25026,0.0012963,0.24169,0.264977,0.0,0.0,1.0
0.0540278,-0.00592014,0.248247,0.00219907,0.260093,0.263218,0.0,0.0,1.0
0.0616146,0.0225174,0.249826,-0.00957176,0.257951,0.262697,0.0,0.0,1.0
0.0491667,0.00112847,0.259115,-0.00037037,0.267894,0.260069,0.0,0.0,1.0
0.0447396,0.00255208,0.259132,-0.000763889,0.263542,0.24713,0.0,0.0,1.0
0.0464236,0.00413194,0.264514,-0.00126157,0.269919,0.25022,0.0,0.0,1.0
0.044184,0.00694444,0.27033,-0.00201389,0.27044,0.246759,0.0,0.0,1.0
0.0464583,0.00489583,0.271354,-0.0015162,0.266192,0.240706,0.0,0.0,1.0
0.0489323,0.00830729,0.272595,-0.00265046,0.272257,0.241887,0.0,0.0,1.0
0.0496007,0.00359375,0.274792,-0.0012037,0.264051,0.248264,0.0,0.0,1.0
0.0457378,0.000928819,0.267318,-0.000277778,0.273935,0.246296,0.0,0.0,1.0
0.0477257,-0.000190972,0.268229,6.94444e-05,0.272963,0.240856,0.0,0.0,1.0
0.0529601,-0.00467882,0.268845,0.00165509,0.265938,0.243183,0.0,0.0,1.0
0.0476736,-0.00109375,0.27158,0.000358796,0.261748,0.236516,0.0,0.0,1.0
0.0474653,0.000677083,0.273316,-0.000208333,0.271736,0.236991,0.0,0.0,1.0
0.0478299,-0.00227431,0.271528,0.000752315,0.257836,0.222697,0.0,0.0,1.0
0.0465799,-0.00704861,0.269531,0.00222222,0.261528,0.218426,0.0,0.0,1.0
0.0520139,-0.0175347,0.265243,0.00659722,0.245532,0.209213,0.0,0.0,1.0
0.0479167,-0.0157465,0.262448,0.00527778,0.254375,0.205625,0.0,0.0,1.0
0.0491233,-0.0203906,0.259939,0.0069213,0.257037,0.204097,0.0,0.0,1.0
0.0501389,-0.0143229,0.258351,0.00502315,0.254491,0.200301,0.0,0.0,1.0
0.0540712,-0.0170747,0.2573,0.00630787,0.260336,0.197928,0.0,0.0,1.0
0.0540104,-0.00612847,0.256285,0.00228009,0.258206,0.196308,0.0,0.0,1.0
0.0542882,-0.00576389,0.253003,0.00212963,0.261597,0.20544,0.0,0.0,1.0
0.0572396,-0.00451389,0.253872,0.00175926,0.261366,0.205255,0.0,0.0,1.0
0.0612674,-0.00309028,0.248802,0.0012963,0.261968,0.206319,0.0,0.0,1.0
0.058941,-0.00133681,0.250694,0.000555556,0.254375,0.179468,0.0,0.0,1.0
0.063125,0.00175347,0.24908,-0.000763889,0.261019,0.201273,0.0,0.0,1.0
0.061441,-0.000659722,0.249392,0.000289352,0.242836,0.187882,0.0,0.0,1.0
0.0602951,0.00395833,0.252101,-0.00164352,0.258495,0.197361,0.0,0.0,1.0
0.0636458,0.0165972,0.239618,-0.00717593,0.261644,0.212153,0.0,0.0,1.0
0.058151,0.00796007,0.246519,-0.00320602,0.257211,0.204734,0.0,0.0,1.0
0.0533941,0.0059809,0.239002,-0.00247685,0.230509,0.180764,0.0,0.0,1.0
0.0555903,0.0117882,0.23901,-0.00476852,0.243681,0.185764,0.0,0.0,1.0
0.0589583,0.00520833,0.234896,-0.00239583,0.228299,0.177928,0.0,0.0,1.0
0.0572396,-0.00253472,0.234392,0.00113426,0.225856,0.191574,0.0,0.0,1.0
0.0600434,-0.0149913,0.229644,0.00685185,0.233356,0.188588,0.0,0.0,1.0
0.0559896,-0.00243056,0.232483,0.000983796,0.248137,0.19985,0.0,0.0,1.0
0.0507378,0.00132813,0.241276,-0.000462963,0.257523,0.210301,0.0,0.0,1.0
0.0533507,0.00510417,0.239497,-0.00188657,0.257396,0.213137,0.0,0.0,1.0
0.0573438,0.0159722,0.239878,-0.00655093,0.248704,0.223032,0.0,0.0,1.0
0.0615278,0.0311632,0.243177,-0.0140046,0.243426,0.222523,0.0,0.0,1.0
0.0517274,-0.00374132,0.236102,0.00126157,0.273414,0.197604,0.0,0.0,1.0
0.0515191,0.000633681,0.235616,-0.000243056,0.243414,0.198183,0.0,0.0,1.0
0.0501736,-0.00276042,0.231059,0.00116898,0.211539,0.186516,0.0,0.0,1.0
0.0552083,-0.00307292,0.222552,0.00133102,0.22559,0.179549,0.0,0.0,1.0
0.0553819,-0.00267361,0.214514,0.0012037,0.21919,0.175162,0.0,0.0,1.0
0.0631163,-0.000946181,0.205182,0.000474537,0.223762,0.185752,0.0,0.0,1.0
0.0634983,0.000651042,0.199957,-0.000324074,0.225949,0.172106,0.0,0.0,1.0
0.070625,0.000833333,0.179132,-0.000497685,0.208762,0.171447,0.0,0.0,1.0
0.0719531,0.0132378,0.163047,-0.00819444,0.206551,0.169051,0.0,0.0,1.0
0.0723872,0.000859375,0.143238,-0.000578704,0.189745,0.0822222,0.0,0.0,1.0
