0.110023,-0.000976562,0.0507109,0.00145833,0.233042,-0.0124306,0.0,0.0,1.0
0.110594,-0.000296875,0.0501094,0.000444444,0.240778,-0.002,0.0,0.0,1.0
0.11675,-0.0016875,0.0475938,0.00256944,0.242014,0.0188472,0.0,0.0,1.0
0.113187,0.00582812,0.0483906,-0.00876389,0.238236,0.0378472,0.0,0.0,1.0
0.113641,0.00735937,0.0536563,-0.0103194,0.256264,0.0534306,0.0,0.0,1.0
0.113461,0.00675781,0.0606484,-0.00963889,0.251444,0.0631389,0.0,0.0,1.0
0.116203,0.00601562,0.069,-0.00859722,0.256375,0.0662917,0.0,0.0,1.0
0.113875,0.00065625,0.074,-0.000930556,0.254792,0.0624861,0.0,0.0,1.0
0.123258,0.000757813,0.0751641,-0.00113889,0.26,0.0704722,0.0,0.0,1.0
0.119258,0.00346094,0.0833203,-0.00497222,0.262722,0.0804722,0.0,0.0,1.0
0.125289,0.000476563,0.0871797,-0.000722222,0.257472,0.0726944,0.0,0.0,1.0
0.123336,0.0164297,0.0986016,-0.0240972,0.265653,0.0567083,0.0,0.0,1.0
0.121781,0.007375,0.126875,-0.0106528,0.266431,0.0492083,0.0,0.0,1.0
0.119992,0.0116328,0.144117,-0.0158889,0.277583,0.0321944,0.0,0.0,1.0
0.116547,0.0190938,0.165297,-0.0245139,0.286903,0.0270417,0.0,0.0,1.0
0.115203,0.0228125,0.172828,-0.0289167,0.287417,0.00588889,0.0,0.0,1.0
0.12868,0.0182578,0.174664,-0.0261389,0.284,-0.00802778,0.0,0.0,1.0
0.134906,0.0254219,0.183891,-0.0368611,0.294028,-0.00216667,0.0,0.0,1.0
0.0875937,0.128953,0.196766,-0.146653,0.243403,-0.0279028,0.0,0.0,1.0
0.152969,0.0086875,0.202562,-0.0147361,0.285042,-0.0395417,0.0,0.0,1.0
0.123844,0.0505,0.218938,-0.0640139,0.308764,-0.0471806,0.0,0.0,1.0
0.120422,0.0687812,0.241859,-0.0833556,0.314161,-0.0740778,0.0,0.0,1.0
0.120031,0.0746094,0.252891,-0.0878375,0.322143,-0.0762542,0.0,0.0,1.0
0.122516,0.0696719,0.266656,-0.0837264,0.322171,-0.0742264,0.0,0.0,1.0
0.157422,0.000328125,0.283156,-0.000569444,0.291458,-0.0774306,0.0,0.0,1.0
0.117383,0.0928828,0.312492,-0.123028,0.280083,-0.0241667,0.0,0.0,1.0
0.151672,0.00828125,0.314547,-0.0141111,0.281528,-0.0301944,0.0,0.0,1.0
0.145812,0.0245313,0.311969,-0.0374722,0.301806,-0.0422778,0.0,0.0,1.0
0.139125,0.0275,0.276188,-0.0409153,0.295637,-0.114165,0.0,0.0,1.0
0.136688,0.0357812,0.243625,-0.0493528,0.3133,-0.182328,0.0,0.0,1.0
0.144875,0.000953125,0.226766,-0.00150694,0.286826,-0.223882,0.0,0.0,1.0
0.120594,0.0395156,0.202547,-0.0523139,0.287886,-0.248914,0.0,0.0,1.0
0.143367,0.0105078,0.197539,-0.0166861,0.285375,-0.252792,0.0,0.0,1.0
0.111734,0.0916406,0.201031,-0.108882,0.297271,-0.230438,0.0,0.0,1.0
0.160078,-0.000125,0.221484,0.000245833,0.277282,-0.199532,0.0,0.0,1.0
0.117055,0.0923359,0.238727,-0.0996069,0.342912,-0.128135,0.0,0.0,1.0
0.126937,0.0575781,0.288484,-0.0708056,0.326167,-0.0108611,0.0,0.0,1.0
0.122383,0.0967422,0.322133,-0.110681,0.338042,0.0595417,0.0,0.0,1.0
0.127648,0.0654609,0.315648,-0.09025,0.292611,0.0353611,0.0,0.0,1.0
0.119828,0.0729844,0.295938,-0.0789472,0.350114,-0.0971139,0.0,0.0,1.0
0.155906,-0.00132813,0.280422,0.00216806,0.29939,-0.144501,0.0,0.0,1.0
0.15575,-0.00921875,0.278781,0.0149653,0.303554,-0.187471,0.0,0.0,1.0
0.151953,0.00325,0.270141,-0.00509167,0.306289,-0.203317,0.0,0.0,1.0
0.144688,0.0053125,0.262125,-0.00799583,0.30391,-0.22891,0.0,0.0,1.0
0.123758,0.0525078,0.263195,-0.0636208,0.322754,-0.202143,0.0,0.0,1.0
0.109469,0.0957813,0.275375,-0.110746,0.299274,-0.16769,0.0,0.0,1.0
0.114156,0.0863906,0.289453,-0.0972806,0.320419,-0.0953639,0.0,0.0,1.0
0.128508,0.0476641,0.299492,-0.0588194,0.329097,-0.0152917,0.0,0.0,1.0
0.132906,0.0467188,0.317875,-0.0591528,0.331792,0.0760694,0.0,0.0,1.0
0.126906,0.0655312,0.323156,-0.0713056,0.368611,0.129972,0.0,0.0,1.0
0.122531,0.0632656,0.304891,-0.0719722,0.340306,0.0652778,0.0,0.0,1.0
0.119406,0.0582656,0.281609,-0.0635556,0.346,-0.0306111,0.0,0.0,1.0
0.134023,0.0247891,0.273352,-0.0310694,0.337986,-0.0597917,0.0,0.0,1.0
0.114164,0.0571172,0.258758,-0.0582778,0.353722,-0.0801111,0.0,0.0,1.0
0.1115,0.0534375,0.241688,-0.0592764,0.317693,-0.0943597,0.0,0.0,1.0
0.123695,0.0271016,0.242539,-0.0331389,0.31975,-0.059,0.0,0.0,1.0
0.117148,0.0377266,0.234648,-0.0418472,0.333708,0.00309722,0.0,0.0,1.0
0.110445,0.0404922,0.232633,-0.0460417,0.307042,0.0713194,0.0,0.0,1.0
0.12,0.00557812,0.247297,-0.007,0.302028,0.171472,0.0,0.0,1.0
0.125031,0.0175625,0.230906,-0.0205278,0.338278,0.25775,0.0,0.0,1.0
0.129562,0.000921875,0.214266,-0.00136111,0.280833,0.232639,0.0,0.0,1.0
0.103766,0.0424062,0.170391,-0.0500694,0.277792,0.125514,0.0,0.0,1.0
0.122211,0.00616406,0.148742,-0.00876389,0.271597,0.0219861,0.0,0.0,1.0
0.117648,0.000289063,0.126117,-0.000416667,0.253139,-0.0495556,0.0,0.0,1.0
0.114109,0.00195312,0.104594,-0.00258333,0.271528,-0.0580556,0.0,0.0,1.0
0.110437,0.0252969,0.0839531,-0.0342778,0.257667,-0.0683889,0.0,0.0,1.0
0.111125,0.0361094,0.0692969,-0.0509444,0.248917,-0.04775,0.0,0.0,1.0
0.107688,0.0281563,0.0656563,-0.0370694,0.258431,-0.0188472,0.0,0.0,1.0
0.108625,0.0267812,0.0661563,-0.0336389,0.273306,0.0521111,0.0,0.0,1.0
0.126719,3.125e-05,0.0692813,-2.77778e-05,0.302111,0.153528,0.0,0.0,1.0
0.110047,0.0295625,0.0619219,-0.0360556,0.285028,0.243361,0.0,0.0,1.0
0.108492,0.0469453,0.0557266,-0.0558056,0.288417,0.347333,0.0,0.0,1.0
0.111367,5.46875e-05,0.0369141,-6.94444e-05,0.252792,0.259681,0.0,0.0,1.0
0.115469,0.00134375,0.0155938,-0.00208333,0.234472,0.193889,0.0,0.0,1.0
0.110063,0.0204375,-0.0158125,-0.0259444,0.274028,0.0730278,0.0,0.0,1.0
0.108727,0.00577344,-0.0386328,-0.00783333,0.253806,-0.00536111,0.0,0.0,1.0
0.103437,0.0155625,-0.053375,-0.020375,0.249625,-0.0249028,0.0,0.0,1.0
0.114914,0.00244531,-0.0730391,-0.00345833,0.256236,-0.031875,0.0,0.0,1.0
0.102672,-0.0115312,-0.0712656,0.0144444,0.259111,-0.0283889,0.0,0.0,1.0
0.121125,0.0044375,-0.0901875,-0.00669444,0.254389,0.0155278,0.0,0.0,1.0
0.122961,-0.00422656,-0.0928516,0.00609722,0.269292,0.0714306,0.0,0.0,1.0
0.110703,0.000625,-0.0919219,-0.000833333,0.26125,0.132972,0.0,0.0,1.0
0.132406,0.0015,-0.092875,-0.00258333,0.240639,0.221611,0.0,0.0,1.0
0.105773,0.00675781,-0.0943047,-0.00927778,0.243556,0.273889,0.0,0.0,1.0
0.119492,0.00266406,-0.0964297,-0.00375,0.267667,0.310528,0.0,0.0,1.0
0.104164,0.0117109,-0.106977,-0.0149167,0.258472,0.259111,0.0,0.0,1.0
0.0989297,0.0124453,-0.124727,-0.0158194,0.245875,0.225403,0.0,0.0,1.0
0.116344,0.00575,-0.139469,-0.00836111,0.252944,0.249528,0.0,0.0,1.0
0.107883,-0.00867969,-0.152758,0.0124583,0.237597,0.264903,0.0,0.0,1.0
0.111289,-0.000226562,-0.157008,0.000361111,0.231056,0.280194,0.0,0.0,1.0
0.119828,0.00620313,-0.163813,-0.0102778,0.228417,0.32175,0.0,0.0,1.0
0.114867,-0.000539062,-0.156648,0.00105556,0.187722,0.329556,0.0,0.0,1.0
0.0986563,0.00710938,-0.172641,-0.0124444,0.178111,0.359111,0.0,0.0,1.0
0.106945,-0.00649219,-0.163508,0.0121806,0.180042,0.378236,0.0,0.0,1.0
0.116062,3.125e-05,-0.165875,-6.94444e-05,0.168208,0.371931,0.0,0.0,1.0
0.112422,-0.00801563,-0.170437,0.0162917,0.174958,0.376375,0.0,0.0,1.0
0.110117,0.00286719,-0.173648,-0.00638889,0.155833,0.359722,0.0,0.0,1.0
0.116969,-0.000390625,-0.165203,0.000888889,0.158639,0.330972,0.0,0.0,1.0
0.105266,6.25e-05,-0.165922,-0.000138889,0.161361,0.305889,0.0,0.0,1.0
0.106047,0.0018125,-0.160516,-0.00388889,0.156056,0.297222,0.0,0.0,1.0
0.10775,0.00175,-0.155,-0.00379167,0.157903,0.270347,0.0,0.0,1.0
0.0965938,-2.77556e-17,-0.14575,0.0,0.1735,0.202778,0.0,0.0,1.0
0.0944688,-2.77556e-17,-0.141906,0.0,0.173222,0.177778,0.0,0.0,1.0
0.0923281,-4.16334e-17,-0.138078,0.0,0.173,0.152778,0.0,0.0,1.0
0.0902031,-2.77556e-17,-0.134234,0.0,0.172722,0.127778,0.0,0.0,1.0
0.0880625,-1.38778e-17,-0.130406,0.0,0.1725,0.102778,0.0,0.0,1.0
0.0859375,-1.38778e-17,-0.126563,0.0,0.172222,0.0777778,0.0,0.0,1.0
0.0859375,-2.77556e-17,-0.120312,0.0,0.172222,0.0666667,0.0,0.0,1.0
0.0859375,-1.38778e-17,-0.114063,0.0,0.172222,0.0555556,0.0,0.0,1.0
0.0859375,-1.38778e-17,-0.107813,0.0,0.172222,0.0444444,0.0,0.0,1.0
0.0864531,-2.77556e-17,-0.117703,0.0,0.172694,0.0365833,0.0,0.0,1.0
0.0869844,-2.77556e-17,-0.127609,0.0,0.173139,0.0286944,0.0,0.0,1.0
0.0875,-2.77556e-17,-0.1375,0.0,0.173611,0.0208333,0.0,0.0,1.0
0.0880156,-1.38778e-17,-0.147391,0.0,0.174083,0.0129722,0.0,0.0,1.0
0.0885469,-1.38778e-17,-0.157297,0.0,0.174528,0.00508333,0.0,0.0,1.0
0.0890625,-1.38778e-17,-0.167187,0.0,0.175,-0.00277778,0.0,0.0,1.0
0.0920469,-4.16334e-17,-0.162797,0.0,0.179778,-0.00505556,0.0,0.0,1.0
0.0950312,0.0,-0.158375,0.0,0.184611,-0.00733333,0.0,0.0,1.0
0.0980156,-4.16334e-17,-0.153984,0.0,0.189389,-0.00961111,0.0,0.0,1.0
0.100984,-4.16334e-17,-0.149578,0.0,0.194194,-0.0118611,0.0,0.0,1.0
0.103984,-2.77556e-17,-0.145172,0.0,0.198972,-0.0141389,0.0,0.0,1.0
0.106953,-1.38778e-17,-0.140766,0.0,0.203806,-0.0164167,0.0,0.0,1.0
0.109953,-1.38778e-17,-0.136359,0.0,0.208583,-0.0186944,0.0,0.0,1.0
0.112922,-2.77556e-17,-0.131953,0.0,0.213389,-0.0209444,0.0,0.0,1.0
0.115906,-2.77556e-17,-0.127562,0.0,0.218167,-0.0232222,0.0,0.0,1.0
0.118891,-4.16334e-17,-0.123141,0.0,0.223,-0.0255,0.0,0.0,1.0
0.121875,-4.16334e-17,-0.11875,0.0,0.227778,-0.0277778,0.0,0.0,1.0
0.122984,-1.38778e-17,-0.108266,0.0,0.230972,-0.0150833,0.0,0.0,1.0
0.124109,-1.38778e-17,-0.0977656,0.0,0.234111,-0.00238889,0.0,0.0,1.0
0.125219,-2.08167e-17,-0.0872812,0.0,0.237306,0.0103056,0.0,0.0,1.0
0.126344,-6.93889e-18,-0.0767813,6.93889e-18,0.240472,0.0230278,0.0,0.0,1.0
0.127453,-2.08167e-17,-0.0662969,0.0,0.243667,0.0357222,0.0,0.0,1.0
0.128578,-1.38778e-17,-0.0557969,0.0,0.246806,0.0484167,0.0,0.0,1.0
0.129688,-1.38778e-17,-0.0453125,0.0,0.25,0.0611111,0.0,0.0,1.0
0.129891,-1.04083e-17,-0.0443281,6.93889e-18,0.247944,0.0625,0.0,0.0,1.0
0.130078,-3.46945e-18,-0.0433594,6.93889e-18,0.245833,0.0638889,0.0,0.0,1.0
0.130266,-3.46945e-18,-0.0423906,6.93889e-18,0.243722,0.0652778,0.0,0.0,1.0
0.130469,-1.04083e-17,-0.0414063,0.0,0.241667,0.0666667,0.0,0.0,1.0
0.130906,-0.00298437,-0.0262344,0.00476389,0.259486,0.0760972,0.0,0.0,1.0
0.123289,0.000164062,-0.0224922,-0.00025,0.255583,0.0781111,0.0,0.0,1.0
0.127906,-0.00321875,-0.02075,0.00511111,0.254639,0.0809167,0.0,0.0,1.0
0.132789,-0.000179688,-0.0276172,0.000319444,0.235264,0.0987917,0.0,0.0,1.0
0.132531,0.000453125,-0.0387031,-0.000777778,0.242722,0.0853333,0.0,0.0,1.0
0.145211,0.00502344,-0.0594297,-0.00944444,0.244389,0.0747778,0.0,0.0,1.0
0.141359,-0.00304687,-0.0613438,0.00541667,0.251056,0.0655833,0.0,0.0,1.0
0.138352,0.000507812,-0.0756328,-0.000861111,0.259639,0.0521111,0.0,0.0,1.0
0.139578,-0.000578125,-0.0820938,0.001,0.256944,0.0378889,0.0,0.0,1.0
0.140641,-0.00321875,-0.0936406,0.00527778,0.271583,0.0291944,0.0,0.0,1.0
0.141891,-0.00185938,-0.116563,0.00325,0.256667,0.0358611,0.0,0.0,1.0
0.141766,-0.000125,-0.140547,0.000194444,0.273528,0.0270556,0.0,0.0,1.0
0.138414,0.000585938,-0.163398,-0.000972222,0.263833,0.0431944,0.0,0.0,1.0
0.139195,0.00541406,-0.188789,-0.00916667,0.260861,0.0471944,0.0,0.0,1.0
0.141531,0.00726563,-0.205953,-0.0119722,0.271306,0.0423333,0.0,0.0,1.0
0.144008,0.000679687,-0.209742,-0.00111111,0.276472,0.0378611,0.0,0.0,1.0
0.131812,0.00253125,-0.204938,-0.00380556,0.276833,0.0426389,0.0,0.0,1.0
0.141078,0.0018125,-0.207797,-0.00291667,0.275083,0.0405556,0.0,0.0,1.0
0.139766,0.00125,-0.212422,-0.00209722,0.264014,0.0543194,0.0,0.0,1.0
0.139797,-0.00040625,-0.211297,0.000625,0.285625,0.0487917,0.0,0.0,1.0
0.146492,-0.000804688,-0.21332,0.00127778,0.291556,0.0546667,0.0,0.0,1.0
0.148211,0.00192969,-0.210617,-0.00311111,0.291972,0.0684722,0.0,0.0,1.0
0.152437,0.000296875,-0.208547,-0.000486111,0.285264,0.0827639,0.0,0.0,1.0
0.151633,0.000601562,-0.206148,-0.000944444,0.303556,0.0756111,0.0,0.0,1.0
0.154234,0.00025,-0.197828,-0.000388889,0.297694,0.0973056,0.0,0.0,1.0
0.144203,0.00126563,-0.185375,-0.00193056,0.299792,0.114208,0.0,0.0,1.0
0.146164,0.000164062,-0.169055,-0.000263889,0.294069,0.130514,0.0,0.0,1.0
0.148438,-1.38778e-17,-0.148438,0.0,0.286111,0.141667,0.0,0.0,1.0
0.147797,-0.000109375,-0.120687,0.000166667,0.273417,0.153083,0.0,0.0,1.0
0.146297,-0.00189062,-0.0979062,0.00327778,0.266278,0.159778,0.0,0.0,1.0
0.140016,-0.00267188,-0.084125,0.00433333,0.273528,0.165194,0.0,0.0,1.0
0.140312,-9.375e-05,-0.0649062,0.000152778,0.269625,0.182931,0.0,0.0,1.0
0.14375,-1.04083e-17,-0.04375,6.93889e-18,0.263889,0.191667,0.0,0.0,1.0
0.140297,0.00295312,-0.0250625,-0.00519444,0.252806,0.202722,0.0,0.0,1.0
0.132984,0.00482812,-0.0028125,-0.00836111,0.242917,0.2195,0.0,0.0,1.0
0.139578,0.00378125,0.00476563,-0.00736111,0.227139,0.215056,0.0,0.0,1.0
0.125031,0.0025625,0.0207187,-0.00445833,0.227792,0.214819,0.0,0.0,1.0
0.133969,-0.00021875,0.0245,0.000416667,0.227944,0.219917,0.0,0.0,1.0
0.137242,-5.46875e-05,0.0351797,0.000111111,0.203972,0.218861,0.0,0.0,1.0
0.132453,-0.0001875,0.0452031,0.000388889,0.201639,0.224417,0.0,0.0,1.0
0.135883,0.00533594,0.0529609,-0.0118611,0.1935,0.220972,0.0,0.0,1.0
0.125773,-0.00403906,0.0771016,0.00833333,0.193028,0.216083,0.0,0.0,1.0
0.133664,0.00197656,0.0784609,-0.00466667,0.179,0.2125,0.0,0.0,1.0
0.141281,0.0031875,0.0859063,-0.00797222,0.178444,0.205583,0.0,0.0,1.0
0.132391,0.00146875,0.101922,-0.00330556,0.185639,0.194222,0.0,0.0,1.0
0.138313,0.00325,0.115125,-0.00701389,0.201708,0.202486,0.0,0.0,1.0
0.130938,1.38778e-17,0.134062,0.0,0.213333,0.207778,0.0,0.0,1.0
0.133125,1.38778e-17,0.151875,0.0,0.228333,0.222778,0.0,0.0,1.0
0.135312,0.0,0.169687,0.0,0.243333,0.237778,0.0,0.0,1.0
0.1375,4.16334e-17,0.1875,0.0,0.258333,0.252778,0.0,0.0,1.0
0.139844,2.77556e-17,0.192969,0.0,0.273611,0.276389,0.0,0.0,1.0
0.142188,0.0,0.198437,-1.38778e-17,0.288889,0.3,0.0,0.0,1.0
0.133172,-0.000421875,0.20175,0.000666667,0.264222,0.253,0.0,0.0,1.0
0.111211,0.0535391,0.202883,-0.0819722,0.229556,0.184417,0.0,0.0,1.0
0.117141,0.03125,0.188047,-0.0450556,0.256806,0.156806,0.0,0.0,1.0
0.103781,0.0626094,0.186547,-0.0859306,0.238958,0.146625,0.0,0.0,1.0
0.116836,0.00407031,0.168852,-0.00633333,0.23675,0.12125,0.0,0.0,1.0
0.114516,0.0021875,0.163828,-0.00311111,0.254444,0.168611,0.0,0.0,1.0
0.132945,-0.00657031,0.170164,0.0122222,0.225778,0.221167,0.0,0.0,1.0
0.134719,-0.000546875,0.172141,0.00108333,0.217306,0.266944,0.0,0.0,1.0
0.137109,-0.00160938,0.173688,0.003125,0.223875,0.288792,0.0,0.0,1.0
0.136539,0.00647656,0.180461,-0.0118889,0.235083,0.301417,0.0,0.0,1.0
0.143359,0.000296875,0.158312,-0.000569444,0.225236,0.221403,0.0,0.0,1.0
0.126133,0.000976562,0.167258,-0.00156944,0.248403,0.136542,0.0,0.0,1.0
0.130016,-0.00109375,0.176203,0.00180556,0.247917,0.0810556,0.0,0.0,1.0
0.131383,-0.00221094,0.169445,0.00384722,0.238542,0.0684583,0.0,0.0,1.0
0.134352,0.000695313,0.163242,-0.00127778,0.231111,0.0579444,0.0,0.0,1.0
0.131141,0.000453125,0.157813,-0.000888889,0.209944,0.0848889,0.0,0.0,1.0
0.12275,-0.000109375,0.153578,0.000180556,0.223681,0.126542,0.0,0.0,1.0
0.122922,-0.0020625,0.144078,0.0035,0.229944,0.194889,0.0,0.0,1.0
0.121891,-0.0001875,0.120484,0.000361111,0.202306,0.199833,0.0,0.0,1.0
0.108242,0.000460938,0.106273,-0.000694444,0.221222,0.156639,0.0,0.0,1.0
0.113422,0.00289063,0.0730937,-0.00463889,0.223167,0.137417,0.0,0.0,1.0
0.114789,0.00460156,0.0602422,-0.00752778,0.221639,0.113667,0.0,0.0,1.0
0.114344,0.00685938,0.0549844,-0.0112222,0.220806,0.0985278,0.0,0.0,1.0
0.11332,0.00136719,0.0497578,-0.00236111,0.207139,0.0867778,0.0,0.0,1.0
0.116258,0.00399219,0.0318984,-0.007375,0.198653,0.115736,0.0,0.0,1.0
0.102125,0.00215625,0.0165312,-0.00375,0.185917,0.149611,0.0,0.0,1.0
0.104078,-0.0060625,0.0175781,0.0105694,0.188431,0.204319,0.0,0.0,1.0
0.0991563,0.0015625,0.0132813,-0.00270833,0.180458,0.257431,0.0,0.0,1.0
0.0941797,-0.00308594,0.0213047,0.00545833,0.168903,0.256236,0.0,0.0,1.0
0.102148,-0.00286719,0.0301016,0.00523611,0.176736,0.246597,0.0,0.0,1.0
0.103094,-0.000234375,0.0243906,0.000402778,0.186847,0.235514,0.0,0.0,1.0
0.1125,6.93889e-18,0.034375,-3.46945e-18,0.186111,0.191667,0.0,0.0,1.0
0.104305,-0.00117969,0.0381641,0.00225,0.173778,0.161972,0.0,0.0,1.0
0.103789,0.000195313,0.0415078,-0.000375,0.171708,0.165292,0.0,0.0,1.0
0.1045,-0.00164062,0.0319844,0.003,0.180444,0.188611,0.0,0.0,1.0
0.0997813,0.0005,0.0250625,-0.000888889,0.1775,0.217778,0.0,0.0,1.0
0.0983125,0.00685938,0.0254844,-0.0116528,0.183264,0.257347,0.0,0.0,1.0
0.0984375,0.0,0.0265625,-3.46945e-18,0.197222,0.269444,0.0,0.0,1.0
0.0984375,1.73472e-18,0.0140625,-1.73472e-18,0.197222,0.219444,0.0,0.0,1.0
0.0868594,0.00873438,0.008125,-0.0130694,0.183486,0.165403,0.0,0.0,1.0
0.0875391,0.00166406,-0.00428906,-0.00263889,0.173556,0.116917,0.0,0.0,1.0
0.0886875,-0.00123438,-0.0121719,0.00205556,0.169139,0.0961389,0.0,0.0,1.0
0.0744453,0.00602344,-0.00639844,-0.00870833,0.162819,0.0876528,0.0,0.0,1.0
0.0745938,0.00395312,-0.0119219,-0.00590278,0.158431,0.0904861,0.0,0.0,1.0
0.064125,0.025875,-0.009625,-0.0344861,0.152153,0.131069,0.0,0.0,1.0
0.0656875,0.010125,-0.0071875,-0.0140139,0.149958,0.163653,0.0,0.0,1.0
0.0699844,0.00779688,-0.0066875,-0.0109167,0.157861,0.182389,0.0,0.0,1.0
0.06525,0.0251406,-0.00301563,-0.0313472,0.165403,0.209208,0.0,0.0,1.0
0.0791406,0.00453125,0.0260469,-0.00683333,0.166194,0.128361,0.0,0.0,1.0
0.0710938,0.0167031,0.0288906,-0.0229861,0.163292,0.169958,0.0,0.0,1.0
0.0705469,0.00298437,0.030875,-0.00418056,0.159181,0.197153,0.0,0.0,1.0
0.0671797,0.00999219,0.0356953,-0.0145139,0.146181,0.206347,0.0,0.0,1.0
0.071875,3.46945e-18,0.0375,-3.46945e-18,0.141667,0.186111,0.0,0.0,1.0
0.0663125,0.0190156,0.0319219,-0.02675,0.148944,0.155972,0.0,0.0,1.0
0.0628281,0.0185625,0.0240469,-0.0246944,0.14925,0.104389,0.0,0.0,1.0
0.0657813,0.00320312,0.0248281,-0.00479167,0.138931,0.0520139,0.0,0.0,1.0
0.0647578,-7.8125e-06,0.0227422,1.38889e-05,0.134736,0.0225972,0.0,0.0,1.0
0.0625859,-0.00175781,0.0216641,0.00247222,0.140222,-0.00580556,0.0,0.0,1.0
0.0636562,0.00110938,0.0296094,-0.00158333,0.140694,-0.0178333,0.0,0.0,1.0
0.0668047,0.000429687,0.0329766,-0.000666667,0.136111,-0.00488889,0.0,0.0,1.0
0.0624219,0.0163281,0.0331562,-0.0244722,0.131583,0.0192222,0.0,0.0,1.0
0.0708281,0.000921875,0.0419375,-0.00141667,0.145528,0.0443889,0.0,0.0,1.0
0.0639141,0.0141641,0.0343203,-0.0194444,0.147194,0.0390278,0.0,0.0,1.0
0.0652031,0.00575,0.0332656,-0.00858333,0.138028,-0.0170556,0.0,0.0,1.0
0.0594453,0.00996094,0.0381328,-0.0137778,0.135722,-0.0635556,0.0,0.0,1.0
0.0514375,0.0149531,0.0342031,-0.0195972,0.124069,-0.110653,0.0,0.0,1.0
0.0514766,0.00896094,0.0347422,-0.0120556,0.120917,-0.13825,0.0,0.0,1.0
0.0594063,0.00270312,0.0319219,-0.00416667,0.122028,-0.140306,0.0,0.0,1.0
0.0629219,0.00164062,0.0269687,-0.00265278,0.123042,-0.132819,0.0,0.0,1.0
0.0655937,0.00151563,0.0230469,-0.00243056,0.128931,-0.110542,0.0,0.0,1.0
0.068375,0.00115625,0.018625,-0.00195833,0.127958,-0.0818472,0.0,0.0,1.0
0.0735938,0.00053125,0.0147812,-0.000944444,0.128028,-0.0609167,0.0,0.0,1.0
0.0736641,-0.00163281,0.00827344,0.00305556,0.124583,-0.0716944,0.0,0.0,1.0
0.08025,-0.00184375,-0.00034375,0.00347222,0.134944,-0.0938611,0.0,0.0,1.0
0.075,-8.67362e-19,-0.00625,1.30104e-18,0.138889,-0.127778,0.0,0.0,1.0
0.0671875,-4.77049e-18,-0.0046875,5.20417e-18,0.136111,-0.141667,0.0,0.0,1.0
0.0683984,-7.8125e-06,-0.0126641,6.93889e-18,0.143194,-0.143083,0.0,0.0,1.0
0.0671875,-1.73472e-18,-0.0161563,1.73472e-18,0.137028,-0.146306,0.0,0.0,1.0
0.0678672,-7.8125e-06,-0.0240703,1.38889e-05,0.138986,-0.116764,0.0,0.0,1.0
0.0699609,0.00172656,-0.0292266,-0.00288889,0.132139,-0.0860278,0.0,0.0,1.0
0.0752891,0.00235156,-0.0290547,-0.00461111,0.121306,-0.0453611,0.0,0.0,1.0
0.0724766,0.00175781,-0.0323828,-0.00315278,0.127958,-0.013875,0.0,0.0,1.0
0.078125,-6.93889e-18,-0.034375,3.46945e-18,0.127778,-0.0166667,0.0,0.0,1.0
0.0568125,0.00107812,-0.0431719,-0.00172222,0.111861,-0.0328611,0.0,0.0,1.0
0.0540469,-0.0124844,-0.0425,0.0190278,0.111972,-0.0383889,0.0,0.0,1.0
0.0561719,0.000109375,-0.0436562,-0.000194444,0.111,-0.0368056,0.0,0.0,1.0
0.0575234,0.00828906,-0.0361328,-0.0130972,0.115097,-0.0313194,0.0,0.0,1.0
0.0578125,0.0,-0.0265625,3.46945e-18,0.111111,-0.0333333,0.0,0.0,1.0
0.0585547,0.00208594,-0.0239609,-0.00388889,0.0994167,-0.0191389,0.0,0.0,1.0
0.0556875,0.026,-0.025125,-0.0618611,0.0739722,0.000277778,0.0,0.0,1.0
0.0585938,-0.0114688,-0.0201875,0.0208333,0.102028,-0.00663889,0.0,0.0,1.0
0.0545469,-0.00290625,-0.0223281,0.005125,0.0979583,-0.00790278,0.0,0.0,1.0
0.0644687,-0.00473438,-0.0251719,0.00819444,0.117528,-0.0165,0.0,0.0,1.0
0.0583437,0.00159375,-0.0280313,-0.00255556,0.114917,-0.0455833,0.0,0.0,1.0
0.0600781,0.0015,-0.0295156,-0.00222222,0.128444,-0.0646667,0.0,0.0,1.0
0.0622656,0.00289063,-0.0242813,-0.00461111,0.123389,-0.0748333,0.0,0.0,1.0
0.0631484,0.00772656,-0.0233516,-0.0134722,0.114472,-0.0746667,0.0,0.0,1.0
0.0611484,0.000882812,-0.0176953,-0.00144444,0.118111,-0.0603333,0.0,0.0,1.0
0.0572969,0.0051875,-0.0132969,-0.00944444,0.0995556,-0.0583889,0.0,0.0,1.0
0.0559531,-0.000265625,-0.0064375,0.000513889,0.0949583,-0.0660694,0.0,0.0,1.0
0.0520938,-0.00789062,-0.00614063,0.0123194,0.105431,-0.0737917,0.0,0.0,1.0
0.053125,-8.67362e-19,-0.00625,1.30104e-18,0.113889,-0.113889,0.0,0.0,1.0
0.0537891,-0.00577344,-0.00172656,0.00795833,0.123208,-0.113208,0.0,0.0,1.0
0.0500547,-0.0103516,0.00874219,0.0120556,0.135917,-0.124694,0.0,0.0,1.0
0.0578125,1.73472e-18,0.0171875,0.0,0.130556,-0.136111,0.0,0.0,1.0
0.0611406,-0.00303125,0.0211094,0.00419444,0.140278,-0.122806,0.0,0.0,1.0
0.0516953,-0.00186719,0.0292266,0.00236111,0.129833,-0.105361,0.0,0.0,1.0
0.0572344,0.00371875,0.0315781,-0.00552778,0.122167,-0.0860278,0.0,0.0,1.0
0.0620313,0.00221875,0.0329687,-0.00325,0.134111,-0.0763056,0.0,0.0,1.0
0.0556484,-0.000820312,0.0308984,0.00101389,0.143375,-0.0971806,0.0,0.0,1.0
0.0757969,0.000171875,0.0277188,-0.000305556,0.146583,-0.0966667,0.0,0.0,1.0
0.0756563,-0.00270312,0.0291094,0.00461111,0.140611,-0.132889,0.0,0.0,1.0
0.0643203,0.000507812,0.0319609,-0.000708333,0.144486,-0.154819,0.0,0.0,1.0
0.0677344,0.000671875,0.0382188,-0.001,0.144722,-0.166056,0.0,0.0,1.0
0.0630234,0.00789844,0.0379141,-0.0114722,0.137083,-0.154444,0.0,0.0,1.0
0.06275,-0.002625,0.0454062,0.00397222,0.130861,-0.140222,0.0,0.0,1.0
0.0687266,-0.000992188,0.0456953,0.00156944,0.136069,-0.106986,0.0,0.0,1.0
0.0640625,0.0,0.0453125,0.0,0.133333,-0.0611111,0.0,0.0,1.0
0.0609375,3.46945e-18,0.0421875,0.0,0.141667,-0.0416667,0.0,0.0,1.0
0.0625,0.0,0.04375,0.0,0.144444,-0.0388889,0.0,0.0,1.0
0.0625,0.0,0.0484375,-3.46945e-18,0.140278,-0.0736111,0.0,0.0,1.0
0.0625,6.93889e-18,0.053125,0.0,0.136111,-0.108333,0.0,0.0,1.0
0.0625,6.93889e-18,0.05625,-6.93889e-18,0.133333,-0.127778,0.0,0.0,1.0
0.0625,6.93889e-18,0.059375,-6.93889e-18,0.130556,-0.147222,0.0,0.0,1.0
0.0632813,1.38778e-17,0.0617188,-6.93889e-18,0.127778,-0.147222,0.0,0.0,1.0
0.0682656,0.00040625,0.0660156,-0.000680556,0.124153,-0.128958,0.0,0.0,1.0
0.0656094,-0.001125,0.0637969,0.00190278,0.123264,-0.113125,0.0,0.0,1.0
0.0622188,-0.000265625,0.0655781,0.000416667,0.127833,-0.0975833,0.0,0.0,1.0
0.0612187,-0.000140625,0.0582656,0.000222222,0.125917,-0.120139,0.0,0.0,1.0
0.0565156,0.000859375,0.0607813,-0.00120833,0.127708,-0.141097,0.0,0.0,1.0
0.0624297,-0.00917969,0.0560547,0.0123333,0.146944,-0.163611,0.0,0.0,1.0
0.0625,1.04083e-17,0.046875,-6.93889e-18,0.127778,-0.188889,0.0,0.0,1.0
0.0609844,0.00084375,0.0481094,-0.00130556,0.1245,-0.212639,0.0,0.0,1.0
0.0640625,0.0,0.0546875,0.0,0.122222,-0.227778,0.0,0.0,1.0
0.0635469,-0.0105781,0.0483125,0.0178472,0.119097,-0.203264,0.0,0.0,1.0
0.0650156,0.00128125,0.0371406,-0.00225,0.117694,-0.171889,0.0,0.0,1.0
0.0658438,0.00292188,0.0278906,-0.00505556,0.1205,-0.1345,0.0,0.0,1.0
0.05775,0.000671875,0.0327656,-0.000875,0.138181,-0.110014,0.0,0.0,1.0
0.0546875,3.46945e-18,0.0265625,0.0,0.133333,-0.127778,0.0,0.0,1.0
0.0538359,-0.000195313,0.0243203,0.000236111,0.132181,-0.153069,0.0,0.0,1.0
0.053625,-0.00196875,0.0214375,0.00265278,0.126486,-0.186403,0.0,0.0,1.0
0.0617344,0.00223438,0.0126875,-0.00345833,0.125958,-0.192486,0.0,0.0,1.0
0.0595625,-0.0001875,0.01275,0.000277778,0.129861,-0.207361,0.0,0.0,1.0
0.0567813,-0.00210938,0.0200781,0.00288889,0.131722,-0.207778,0.0,0.0,1.0
0.053875,-0.002625,0.0218438,0.00336111,0.133194,-0.191444,0.0,0.0,1.0
0.0590469,-0.0005,0.0159219,0.000708333,0.132986,-0.152681,0.0,0.0,1.0
0.0614766,0.000460938,0.0181328,-0.000666667,0.134111,-0.110389,0.0,0.0,1.0
0.0523516,-0.00408594,0.0259922,0.00516667,0.13075,-0.0844722,0.0,0.0,1.0
0.0555547,-0.0106797,0.0265391,0.014,0.133889,-0.107333,0.0,0.0,1.0
0.0542188,0.000375,0.031,-0.0005,0.126389,-0.128667,0.0,0.0,1.0
0.0524531,-0.00342187,0.0347187,0.00419444,0.135389,-0.15275,0.0,0.0,1.0
0.0489219,3.125e-05,0.0452969,-2.77778e-05,0.131583,-0.176,0.0,0.0,1.0
0.0487188,-0.00548438,0.0537656,0.00619444,0.136444,-0.192639,0.0,0.0,1.0
0.0515547,-0.000273438,0.0530547,0.000347222,0.130542,-0.174819,0.0,0.0,1.0
0.0501875,0.000828125,0.0507969,-0.001,0.13225,-0.144528,0.0,0.0,1.0
0.0479766,0.000101563,0.0610547,-0.000125,0.122403,-0.138542,0.0,0.0,1.0
0.0502812,-0.0004375,0.06875,0.000583333,0.121278,-0.125417,0.0,0.0,1.0
0.0582266,-0.000414062,0.0744141,0.000611111,0.127194,-0.121528,0.0,0.0,1.0
0.0623906,-0.00239062,0.0776562,0.00355556,0.133306,-0.117028,0.0,0.0,1.0
0.0634531,0.00434375,0.0704844,-0.00658333,0.132194,-0.115667,0.0,0.0,1.0
0.0571719,0.0191094,0.0708437,-0.0290417,0.118875,-0.116153,0.0,0.0,1.0
0.0518281,0.00015625,0.0769844,-0.000222222,0.120222,-0.105056,0.0,0.0,1.0
0.0490625,-0.0006875,0.06725,0.000805556,0.131111,-0.111472,0.0,0.0,1.0
0.0376484,-0.00433594,0.0718516,0.00388889,0.132778,-0.119833,0.0,0.0,1.0
0.0353281,0.00285937,0.0695937,-0.00241667,0.133,-0.120972,0.0,0.0,1.0
0.0375,6.93889e-18,0.059375,0.0,0.130556,-0.119444,0.0,0.0,1.0
0.040625,6.93889e-18,0.05625,-6.93889e-18,0.144444,-0.122222,0.0,0.0,1.0
0.0388125,6.93889e-18,0.0507812,-3.46945e-18,0.127306,-0.127306,0.0,0.0,1.0
0.0394531,6.93889e-18,0.0464844,0.0,0.125694,-0.13125,0.0,0.0,1.0
0.0400937,3.46945e-18,0.0421875,-6.93889e-18,0.124083,-0.135194,0.0,0.0,1.0
0.0407656,3.46945e-18,0.0378906,-6.93889e-18,0.122444,-0.139111,0.0,0.0,1.0
0.0414063,3.46945e-18,0.0335938,-3.46945e-18,0.120833,-0.143056,0.0,0.0,1.0
0.0420469,6.93889e-18,0.0292969,0.0,0.119222,-0.147,0.0,0.0,1.0
0.0427187,0.0,0.025,-1.73472e-18,0.117583,-0.150917,0.0,0.0,1.0
0.0433594,1.73472e-18,0.0207031,0.0,0.115972,-0.154861,0.0,0.0,1.0
0.044,-1.73472e-18,0.0164062,-1.73472e-18,0.114361,-0.158806,0.0,0.0,1.0
0.0446719,1.73472e-18,0.0121094,0.0,0.112722,-0.162722,0.0,0.0,1.0
0.0453125,8.67362e-19,0.0078125,-8.67362e-19,0.111111,-0.166667,0.0,0.0,1.0
0.0463594,-8.67362e-19,0.00676562,8.67362e-19,0.120389,-0.161111,0.0,0.0,1.0
0.0473906,-1.30104e-18,0.00573438,-4.33681e-19,0.129611,-0.155556,0.0,0.0,1.0
0.0484375,8.67362e-19,0.0046875,-4.33681e-19,0.138889,-0.15,0.0,0.0,1.0
0.048625,-8.67362e-19,0.011125,0.0,0.135778,-0.146889,0.0,0.0,1.0
0.0488281,1.73472e-18,0.0175781,-3.46945e-18,0.132639,-0.14375,0.0,0.0,1.0
0.0490313,0.0,0.0240312,-1.73472e-18,0.1295,-0.140611,0.0,0.0,1.0
0.0492188,6.93889e-18,0.0304688,-3.46945e-18,0.126389,-0.1375,0.0,0.0,1.0
0.0494062,3.46945e-18,0.0369062,-3.46945e-18,0.123278,-0.134389,0.0,0.0,1.0
0.0496094,3.46945e-18,0.0433594,-6.93889e-18,0.120139,-0.13125,0.0,0.0,1.0
0.0529922,0.00108594,0.0495859,-0.00144444,0.126139,-0.128639,0.0,0.0,1.0
0.05,6.93889e-18,0.05625,0.0,0.113889,-0.125,0.0,0.0,1.0
0.0515625,6.93889e-18,0.075,0.0,0.118056,-0.115278,0.0,0.0,1.0
0.053125,6.93889e-18,0.09375,0.0,0.122222,-0.105556,0.0,0.0,1.0
0.0546875,1.38778e-17,0.1125,0.0,0.126389,-0.0958333,0.0,0.0,1.0
0.05625,2.77556e-17,0.13125,0.0,0.130556,-0.0861111,0.0,0.0,1.0
0.0578125,1.38778e-17,0.135156,0.0,0.135417,-0.0701389,0.0,0.0,1.0
0.059375,1.38778e-17,0.139062,0.0,0.140278,-0.0541667,0.0,0.0,1.0
0.0609375,2.77556e-17,0.142969,0.0,0.145139,-0.0381944,0.0,0.0,1.0
0.0625,2.77556e-17,0.146875,0.0,0.15,-0.0222222,0.0,0.0,1.0
0.0632813,4.16334e-17,0.149219,0.0,0.138889,-0.0111111,0.0,0.0,1.0
0.0640625,1.38778e-17,0.151562,0.0,0.127778,0.0,0.0,0.0,1.0
0.071875,1.38778e-17,0.140625,0.0,0.133333,0.0166667,0.0,0.0,1.0
0.065625,1.38778e-17,0.140625,0.0,0.138889,0.0388889,0.0,0.0,1.0
0.06875,1.38778e-17,0.140625,0.0,0.122222,0.0277778,0.0,0.0,1.0
