275.01,49.807375,302.595,51.338875,296.97,152.651875,269.385,151.106875
273.9975,50.5215,304.5225,52.7835,297.4725,147.972,266.9475,145.707
270.595,48.248375,300.97,48.027875,301.705,148.125875,271.33,148.350875
274.435,49.610875,305.815,51.415375,300.265,147.914875,268.885,146.099875
270.3675,50.375,305.0625,50.375,305.0625,151.625,270.3675,151.625
280.9725,48.630875,307.9275,52.250375,294.2775,153.918875,267.3225,150.288875
278.68375,50.148625,311.30875,56.375125,293.24875,151.070125,260.60875,144.845125
272.16125,49.17075,298.69625,48.32175,301.84625,147.06675,275.32625,147.90675
267.36,49.777,294.99,46.288,307.68,146.7655,280.05,150.2455
265.23,50.377375,296.04,45.458875,312.27,147.112375,281.46,152.032375
276.89875,49.090125,312.77875,54.848625,297.41875,150.514125,261.55375,144.754125
271.015,50.82575,302.995,50.53175,303.925,151.65425,271.945,151.95425
272.30375,47.723625,307.37375,48.805125,304.26875,149.779125,269.18375,148.699125
269.89625,47.584,304.53125,47.356,305.20625,148.8955,270.55625,149.1205
281.27,44.542375,311.465,49.748875,294.53,148.015375,264.335,142.810375
274.49125,42.807125,307.91125,45.256625,299.87125,155.046125,266.43625,152.601125
273.97125,48.124625,308.06625,51.054125,299.17125,154.716125,265.06125,151.776125
274.36125,48.527375,309.77625,52.413875,298.48125,155.438375,263.05125,151.553375
279.0475,46.41475,312.8275,52.19275,295.5625,153.14875,261.7825,147.37375
270.5325,49.554875,303.5025,49.466375,303.7575,146.400875,270.7875,146.490875
278.5725,47.3715,313.9725,55.0035,294.8175,143.8005,259.4175,136.1805
272.58875,48.444875,305.85875,50.471375,299.82875,149.334875,266.57375,147.309875
273.5825,47.64675,305.7575,49.21575,300.8075,150.77925,268.6325,149.20425
274.5675,50.755875,303.6525,50.400375,304.8825,151.428375,275.7975,151.788375
270.71125,47.928,304.16125,47.397,305.81125,151.107,272.34625,151.632
274.54125,46.4905,307.66125,48.4045,302.02125,146.1865,268.88625,144.2665
277.04875,47.663625,309.59875,49.135125,304.84375,154.327125,272.27875,152.857125
271.965,48.562,307.62,49.828,304.155,147.895,268.5,146.635
276.5325,46.030875,311.2725,50.295375,299.1375,149.134875,264.3975,144.859875
278.59875,43.74175,315.52875,51.65575,293.23875,155.60425,256.32375,147.68425
270.7625,44.59275,306.0875,44.75475,305.6075,150.28575,270.2825,150.12075
273.50125,44.1975,306.90625,46.1475,301.04125,146.8485,267.62125,144.8985
277.9575,41.753625,311.7675,46.480125,296.9325,152.569125,263.1225,147.844125
270.49625,45.074625,306.85625,45.619125,305.26625,152.312625,268.89125,151.772625
271.25125,47.33325,306.29125,47.66925,305.33125,148.99275,270.27625,148.66275
260.9875,50.89225,294.1975,43.02025,317.7625,142.43725,284.5525,150.31225
278.2575,43.793625,309.8925,48.295125,295.3725,150.301125,263.7375,145.801125
278.5175,44.10875,313.6325,50.48375,296.5925,144.33425,261.4775,137.95925
278.565,47.53325,315.78,56.05925,296.295,141.10475,259.08,132.58475
269.47875,43.6105,306.25875,43.7095,305.97375,150.4225,269.17875,150.3175
276.465,44.5775,312.09,50.4125,295.215,153.4445,259.59,147.6095
278.68375,43.58375,312.55375,49.34375,294.68875,154.47125,260.80375,148.71125
272.2075,45.4305,305.7775,47.1945,300.3625,150.117,266.7925,148.362
272.2375,44.113625,302.6575,44.520125,301.2325,150.873125,270.8125,150.468125
271.72875,46.076875,303.12375,46.804375,300.70875,150.779875,269.32875,150.059875
261.345,47.43475,299.64,41.66275,315.375,146.02075,277.08,151.79575
273.6775,47.822,313.5025,54.533,297.6925,148.355,257.8675,141.65
279.2675,45.192625,319.3775,57.161125,290.6225,153.537625,250.5125,141.567625
277.015,45.382125,319.405,57.791625,292.645,149.180625,250.255,136.760625
276.4475,43.25025,317.2325,52.36725,294.5825,153.68625,253.7975,144.56625
275.24,44.621,313.58,49.514,300.5,152.0075,262.16,147.1175
269.0575,45.10775,307.0225,45.71975,305.3125,151.97075,267.3475,151.35575
261.4925,49.772,300.0725,43.988,315.7775,148.6985,277.1975,154.4735
271.12875,46.57425,300.39375,46.13325,301.98375,150.98175,272.70375,151.41675
273.095,44.077125,305.915,47.081625,296.465,150.329625,263.645,147.314625
274.24375,46.27725,312.20875,52.34025,297.74875,142.92825,259.76875,136.86825
269.135,44.636875,303.455,45.169375,301.805,151.537375,267.485,150.997375
269.51625,45.23775,304.78125,46.50975,300.98625,152.07675,265.70625,150.80175
265.7825,46.135,302.2625,45.325,304.6475,152.713,268.1675,153.523
277.45875,47.702375,311.32875,54.633875,291.57375,151.223375,257.68875,144.293375
274.27125,43.070375,308.89125,47.445875,295.15125,156.228875,260.51625,151.863875
264.9325,47.3935,301.2175,45.0415,307.9975,149.425,271.7125,151.78
273.2725,42.160375,309.3025,47.045875,294.2575,158.044375,258.2275,153.154375
274.4275,45.49825,311.0875,50.79925,295.8625,156.05575,259.2025,150.76075
273.2225,44.32625,312.9875,51.94625,293.0075,156.24275,253.2425,148.62275
272.27,47.098125,306.98,51.110625,295.91,146.893125,261.2,142.873125
271.68,44.963125,307.02,49.080625,295.02,152.120125,259.68,147.995125
269.39875,45.844875,308.29375,50.826375,295.61875,149.724375,256.73875,144.729375
251.49125,52.7195,292.84625,42.6005,318.61625,147.9275,277.27625,158.0525
263.05625,46.218125,302.19125,45.865625,303.15125,153.861125,264.03125,154.206125
263.63,45.26525,304.43,45.74225,303.11,158.46725,262.31,157.98725
268.0525,46.266375,309.9325,52.654875,295.4575,147.574875,253.5775,141.184875
270.12625,40.271,313.85125,49.724,290.37625,158.327,246.63625,148.862
270.83,44.76825,310.235,52.25925,291.65,150.04575,252.245,142.56075
251.19,55.473875,289.98,44.177375,318.57,142.373375,279.78,153.668375
250.085,56.755375,290.27,45.725875,316.775,142.321375,276.59,153.346375
245.9975,61.53225,286.4825,45.71025,319.0925,129.17325,278.6075,144.99825
249.0575,56.092375,290.7125,44.273875,318.4325,141.961375,276.7775,153.781375
262.44,44.87225,305.07,47.83025,297.54,156.36125,254.91,153.40625
260.085,43.73225,298.155,42.55025,301.575,152.74925,263.505,153.93425
261.5325,45.610375,301.0575,46.850875,297.8175,150.118375,258.2925,148.873375
268.505,44.941625,309.17,51.912125,291.755,153.516125,251.09,146.541125
272.63,45.80175,312.92,57.51075,284.51,155.27625,244.22,143.56125
269.5125,43.192,313.0275,54.898,287.4975,149.7985,243.9825,138.0835
259.59,43.5065,300.345,43.9835,299.07,152.687,258.315,152.207
271.2375,40.52125,307.5825,47.84125,286.9125,150.49975,250.5675,143.17975
268.535,41.370625,311.21,51.533125,287.345,151.782625,244.67,141.612625
264.3375,47.146875,308.9625,56.529375,289.6125,148.539375,244.9875,139.149375
265.035,45.24,309.99,54.6,290.085,150.192,245.13,140.832
261.80625,42.795625,304.54125,47.903125,291.82125,154.257625,249.10125,149.142625
262.315,42.498625,307.75,50.285125,289.465,156.944125,244.03,149.159125
257.7425,44.841625,301.5725,47.252125,295.7075,153.812125,251.8775,151.397125
259.91,47.192625,299.0,47.731125,297.53,155.081625,258.44,154.541625
256.10625,50.26575,298.12125,47.10675,306.16125,154.09575,264.16125,157.24575
263.63125,50.595,306.26125,53.61,298.61125,161.949,255.96625,158.934
252.34375,59.96125,293.14375,51.48625,314.96875,156.58375,274.15375,165.05875
264.925,55.190125,307.255,59.238625,297.115,165.290125,254.785,161.240125
262.83875,54.616875,300.08375,54.489375,300.47375,165.993375,263.21375,166.113375
267.5025,54.390375,306.8625,57.385875,298.2675,170.344875,258.9075,167.359875
263.7375,54.913125,304.0725,54.995625,303.8325,171.368625,263.4975,171.293625
267.82,53.495875,309.685,58.705375,295.72,170.968375,253.855,165.763375
265.27875,57.278375,310.09875,62.877875,297.69375,162.233375,252.85875,156.623375
264.0275,54.329125,305.5925,57.834625,296.4425,166.230625,254.8775,162.720625
268.66625,57.93125,313.87625,69.52625,290.28125,161.48975,245.08625,149.89475
269.5775,57.006875,312.3575,67.619375,286.0325,173.735375,243.2525,163.115375
268.6,54.549875,314.32,68.921375,282.76,169.317875,237.04,154.947875
263.87125,56.011875,310.43125,66.519375,290.21125,156.162375,243.63625,145.647375
268.2025,50.107375,311.7925,62.078875,283.9675,163.390375,240.3775,151.420375
269.3875,43.9805,310.4125,54.1745,280.0825,176.2445,239.0575,166.0445
242.26,56.22475,287.485,44.82775,316.78,161.12425,271.555,172.50925
268.24,45.891875,312.715,58.229375,281.98,169.034375,237.505,156.689375
266.985,46.1525,312.705,58.6775,283.095,166.7615,237.375,154.2365
265.83375,48.421125,309.46875,59.747625,283.15875,161.159625,239.50875,149.834625
255.61875,47.865,297.84375,47.67,298.41375,170.835,256.17375,171.03
262.9925,46.702875,308.4575,55.848375,285.9575,167.706375,240.4925,158.571375
260.2125,48.58675,304.9575,54.56575,290.9775,159.14575,246.2325,153.17575
261.93875,52.30175,309.27875,58.97075,295.95875,153.48275,248.63375,146.82275
249.1025,60.3985,291.9125,50.9965,311.9075,142.06,269.0975,151.465
268.655,47.491,318.935,60.109,292.505,165.427,242.225,152.797
270.0425,46.138375,312.3425,53.132875,293.3075,168.251875,251.0075,161.261875
273.3425,45.723625,317.1125,56.030125,292.1075,162.215125,248.3375,151.910125
277.3825,45.572625,322.9675,60.166125,291.5875,158.152125,246.0025,143.572125
276.09,48.22175,323.025,61.70075,296.43,154.28675,249.495,140.81675
282.07375,48.164375,328.07875,67.671875,291.89875,153.014375,245.87875,133.514375
278.6125,47.761875,325.5025,61.044375,296.2975,164.110875,249.4075,150.835875
247.7275,61.110625,297.9475,43.628125,334.8025,149.489125,284.5825,166.979125
277.8775,44.301875,320.5825,52.184375,299.1925,168.080375,256.4875,160.190375
279.065,45.207125,322.985,54.946625,297.095,171.703625,253.175,161.953625
280.8125,48.7935,325.2725,61.6815,297.1775,158.625,252.7175,145.74
256.585,56.96775,302.47,45.36975,330.535,156.41475,284.65,168.00975
256.24,58.707875,304.135,46.673375,331.72,156.473375,283.825,168.518375
258.3725,53.581875,306.1025,44.184375,329.2175,161.616375,281.4875,171.006375
279.535,45.439625,328.09,56.409125,304.525,160.747625,255.97,149.782625
253.24375,56.69825,301.57375,42.70925,334.27375,155.65175,285.95875,169.64675
279.09125,48.192375,329.85125,59.983875,306.99125,158.421375,256.21625,146.631375
277.84875,44.446,327.78375,53.644,305.56875,174.184,255.64875,164.974
271.8025,44.92875,318.9025,48.24375,310.1275,172.92225,263.0275,169.60725
273.45875,42.486625,323.99375,48.542125,309.39875,170.291125,258.87875,164.231125
279.285,44.4995,330.63,57.0455,303.975,166.145,252.63,153.59
282.80875,45.536125,335.98375,62.832625,304.18375,160.634125,250.99375,143.324125
287.2175,45.2885,338.5325,64.2665,299.3525,170.234,248.0375,151.259
284.855,44.031875,334.655,57.239375,305.645,166.608875,255.845,153.408875
282.22,43.60625,324.895,49.57625,307.48,174.08675,264.805,168.11675
283.0875,42.894125,329.4075,50.494625,309.3225,172.909625,263.0025,165.304625
281.98,44.27525,326.92,50.42225,311.44,163.56125,266.5,157.41125
285.7575,45.160125,330.7875,54.038625,309.5325,161.812125,264.5025,152.932125
287.3575,47.782,336.5425,62.398,307.4125,160.4125,258.2275,145.7875
285.895,46.61325,334.135,58.79925,306.445,168.40875,258.205,156.22875
266.6075,53.77025,314.1275,44.96225,336.0425,163.25825,288.5225,172.06325
280.50125,47.1175,327.48125,53.1325,312.46625,170.3605,265.50125,164.3455
288.87125,46.109875,334.38125,55.351375,310.23125,174.341875,264.70625,165.101875
282.8375,49.067875,331.5725,53.203375,321.6125,170.594875,272.8775,166.454875
263.7275,57.268,312.4025,44.482,342.5225,159.1615,293.8475,171.9565
263.95125,58.5185,314.95125,45.6365,343.67625,159.404,292.69125,172.289
289.3325,44.141625,338.1575,53.977125,314.2775,172.504125,265.4525,162.664125
288.57375,43.95025,341.07375,57.10225,313.50375,167.11675,261.01875,153.97675
261.69,61.448375,312.3,44.862875,348.57,155.531375,297.96,172.106375
287.80125,47.29925,339.28125,58.48325,317.18625,160.14875,265.72125,148.95875
286.3575,43.389625,335.1525,49.859125,319.3125,169.367125,270.5175,162.887125
285.94375,41.3385,335.36875,49.9365,315.32875,165.2055,265.88875,156.5955
285.58125,37.1055,337.48125,46.2195,316.12125,167.9115,264.20625,158.7915
293.045,36.88525,341.72,50.62225,309.335,165.38725,260.66,151.64725
267.5475,46.152625,317.5875,34.316125,344.2425,146.985625,294.2025,158.820625
258.9075,56.356,311.5875,34.909,351.2625,132.394,298.5825,153.829
286.92875,37.8625,330.57875,38.7775,328.08875,157.3315,284.45375,156.4165
293.21125,33.514,339.15625,42.001,317.15125,161.1655,271.19125,152.6755
274.62,39.278875,318.705,30.982375,341.46,151.852375,297.375,160.147375
289.88,30.60975,336.44,38.20275,317.9,151.89525,271.34,144.29025
282.68875,32.90775,331.27375,32.73975,331.72375,160.90275,283.12375,161.06775
293.6675,35.216625,341.9525,46.432125,317.8625,150.121125,269.5775,138.901125
297.29875,34.37775,346.13875,50.63475,311.17375,155.73675,262.31875,139.47675
294.83125,33.83525,341.42125,46.14725,311.27125,160.27325,264.66625,147.95825
271.6075,42.688375,319.3525,33.002875,343.6225,152.633875,295.8775,162.323875
297.955,33.9725,345.805,49.7375,309.745,159.1535,261.895,143.3885
277.50625,38.705125,327.63625,35.883625,334.83625,163.725625,284.69125,166.560625
261.97875,54.818625,314.58375,35.470125,350.35875,132.748125,297.76875,152.098125
280.3025,35.724,331.4075,35.586,331.7675,165.8955,280.6625,166.0305
292.4625,32.127125,340.2825,40.921625,316.6875,169.182125,268.8675,160.392125
293.585,32.15625,341.945,42.37125,316.355,163.45275,267.995,153.23775
284.8075,33.889875,331.4725,35.271375,327.5425,167.977875,280.8775,166.597875
289.205,34.741375,337.61,40.304875,323.495,163.127875,275.09,157.562875
290.20375,36.860375,339.73375,43.605875,324.25375,157.172375,274.73875,150.422375
291.38375,35.6685,340.40375,43.8165,319.74875,168.1515,270.71375,159.9915
284.92875,32.3535,331.89375,32.1765,332.40375,166.869,285.42375,167.049
271.19625,43.23575,319.64625,31.46675,349.15125,152.95625,300.71625,164.73125
286.9475,31.857375,329.7875,32.308875,328.3625,167.064375,285.5225,166.614375
292.3,30.209625,344.11,40.399125,318.34,171.425625,266.53,161.240625
295.12875,34.295,341.13375,42.035,320.04375,167.453,274.02375,159.713
294.31625,35.0855,339.55625,41.4845,322.05125,165.17,276.82625,158.78
289.605,35.444625,333.18,33.724125,338.415,166.324125,294.84,168.034125
293.3175,32.2725,331.7925,32.5125,330.9525,167.8815,292.4775,167.6415
297.14875,32.240375,340.13875,38.610875,321.80875,162.236375,278.83375,155.861375
294.18,32.51675,339.69,38.40575,323.94,160.09175,278.43,154.21175
296.0025,32.198625,338.8575,37.180125,323.0475,173.176125,280.1925,168.196125
296.935,34.318875,338.44,39.207375,322.765,172.248375,281.26,167.358375
292.495,31.897375,337.735,35.633875,326.485,171.820375,281.245,168.085375
278.135,36.44825,324.095,29.88425,343.565,166.13375,297.605,172.70375
288.3225,31.258375,332.2125,31.022875,332.9475,168.731875,289.0575,168.971875
286.14125,33.04925,336.54125,33.16325,336.22625,170.70125,285.84125,170.59625
291.52875,35.231375,337.92375,39.369875,326.10375,171.993875,279.69375,167.853875
289.71875,32.83575,335.28875,34.17675,331.13375,175.60425,285.54875,174.26925
298.155,32.738375,341.925,39.147875,322.125,174.351875,278.355,167.946875
286.46125,32.587125,334.28125,32.486625,334.58125,172.258125,286.74625,172.363125
294.32,29.521,342.62,35.869,324.32,175.1275,276.02,168.7825
300.59,28.650125,349.955,38.608625,321.65,178.878125,272.285,168.918125
301.0675,30.725,348.9175,40.595,320.5825,177.983,272.7325,168.113
295.79625,32.742625,338.74125,37.511125,322.88625,180.399625,279.92625,175.629625
292.7775,29.73025,338.7975,33.73225,325.6725,184.61425,279.6525,180.60925
291.9725,29.705625,337.0925,33.088125,326.3975,175.667625,281.2775,172.277625
289.535,29.83475,331.43,30.06275,330.605,180.24875,288.71,180.02375
287.88,30.881375,333.72,30.789875,334.02,183.027875,288.18,183.117875
287.65625,34.570875,332.92625,34.770375,332.32625,173.913375,287.04125,173.718375
301.01,33.097375,347.33,41.693875,321.71,179.740375,275.39,171.145375
303.85125,32.533125,349.73625,42.710625,319.19625,180.358125,273.32625,170.173125
293.6625,31.39925,340.5375,32.59325,336.7875,179.70875,289.9125,178.50875
297.67,30.55425,342.715,35.81325,326.11,177.99375,281.065,172.72875
296.35,30.4255,340.495,35.2195,325.27,175.438,281.125,170.653
293.11875,32.102,341.22375,35.468,330.51375,188.6885,282.39375,185.3135
288.93875,31.379625,337.41875,32.269125,334.53875,189.059625,286.07375,188.174625
297.365,30.2085,344.66,35.4165,327.635,189.9675,280.34,184.7475
288.28,31.41675,335.5,31.72575,334.54,180.48525,287.32,180.17025
291.415,31.039875,338.89,32.661375,333.745,183.271875,286.27,181.651875
287.87375,34.444875,329.15375,31.461375,339.45875,174.010875,298.16375,176.995875
296.5975,29.280875,333.8725,29.195375,334.2325,190.200875,296.9575,190.275875
292.1825,31.49075,334.1825,31.52675,334.0475,191.16275,292.0475,191.11775
288.29375,31.68275,332.03375,30.10475,337.77875,189.10775,294.02375,190.68275
292.5875,25.1825,338.6825,25.1825,338.6825,193.2875,292.5875,193.2875
295.5925,24.4375,342.7975,24.4375,342.7975,192.6325,295.5925,192.6325
295.38,25.77,343.68,25.77,343.68,194.07,295.38,194.07
295.1575,27.105,344.5525,27.105,344.5525,195.495,295.1575,195.495
293.945,26.5875,344.435,26.5875,344.435,195.0825,293.945,195.0825
292.72,26.07,344.32,26.07,344.32,194.67,292.72,194.67
291.495,25.555,344.205,25.555,344.205,194.245,291.495,194.245
291.6525,25.2375,345.4575,25.2375,345.4575,194.0325,291.6525,194.0325
291.81,24.92,346.71,24.92,346.71,193.82,291.81,193.82
291.965,24.6025,347.975,24.6025,347.975,193.6075,291.965,193.6075
292.1225,24.2975,349.2275,24.2975,349.2275,193.3925,292.1225,193.3925
292.28,23.98,350.48,23.98,350.48,193.18,292.28,193.18
292.4375,23.6625,351.7325,23.6625,351.7325,192.9675,292.4375,192.9675
292.5925,23.345,352.9975,23.345,352.9975,192.755,292.5925,192.755
292.75,28.75,354.25,28.75,354.25,198.25,292.75,198.25
292.75,29.25,354.25,29.25,354.25,195.75,292.75,195.75
292.92,27.9125,354.42,27.9125,354.42,195.4175,292.92,195.4175
293.08,26.5875,354.58,26.5875,354.58,195.0825,293.08,195.0825
293.25,26.75,354.75,26.75,354.75,196.25,293.25,196.25
293.42,26.9125,354.92,26.9125,354.92,197.4175,293.42,197.4175
293.58,27.0875,355.08,27.0875,355.08,198.5825,293.58,198.5825
293.75,27.25,355.25,27.25,355.25,199.75,293.75,199.75
293.2075,28.705,354.9625,28.705,354.9625,194.455,293.2075,194.455
292.6675,30.17,354.6625,30.17,354.6625,189.17,292.6675,189.17
292.125,31.625,354.375,31.625,354.375,183.875,292.125,183.875
291.5825,33.08,354.0875,33.08,354.0875,178.58,291.5825,178.58
291.0425,34.545,353.7875,34.545,353.7875,173.295,291.0425,173.295
290.5,36.0,353.5,36.0,353.5,168.0,290.5,168.0
289.0825,32.4125,354.5875,32.4125,354.5875,175.9175,289.0825,175.9175
287.6675,28.8375,355.6625,28.8375,355.6625,183.8325,287.6675,183.8325
286.25,25.25,356.75,25.25,356.75,191.75,286.25,191.75
286.6375,25.19,357.0325,25.19,357.0325,193.19,286.6375,193.19
287.025,25.12,357.315,25.12,357.315,194.62,287.025,194.62
287.4125,25.06,357.5975,25.06,357.5975,196.06,287.4125,196.06
287.8125,24.99,357.8775,24.99,357.8775,197.49,287.8125,197.49
288.2,24.93,358.16,24.93,358.16,198.93,288.2,198.93
288.5875,24.86,358.4425,24.86,358.4425,200.36,288.5875,200.36
288.975,24.8,358.725,24.8,358.725,201.8,288.975,201.8
289.3625,24.74,359.0075,24.74,359.0075,203.24,289.3625,203.24
289.75,24.67,359.29,24.67,359.29,204.67,289.75,204.67
290.1375,24.61,359.5725,24.61,359.5725,206.11,290.1375,206.11
289.4875,24.89,358.8025,24.89,358.8025,207.89,289.4875,207.89
288.825,25.18,358.035,25.18,358.035,209.68,288.825,209.68
288.1625,25.46,357.2675,25.46,357.2675,211.46,288.1625,211.46
287.5,25.75,356.5,25.75,356.5,213.25,287.5,213.25
288.35,24.7475,357.35,24.7475,357.35,212.8025,288.35,212.8025
289.2,23.7475,358.2,23.7475,358.2,212.3425,289.2,212.3425
290.05,22.7475,359.05,22.7475,359.05,211.8825,290.05,211.8825
289.98,23.1275,358.98,23.1275,358.98,212.8025,289.98,212.8025
289.91,23.5075,358.91,23.5075,358.91,213.7225,289.91,213.7225
289.84,23.875,358.84,23.875,358.84,214.645,289.84,214.645
289.77,24.255,358.77,24.255,358.77,215.565,289.77,215.565
289.7,24.6225,358.7,24.6225,358.7,216.4875,289.7,216.4875
289.64,25.0025,358.64,25.0025,358.64,217.4075,289.64,217.4075
289.57,25.37,358.57,25.37,358.57,218.33,289.57,218.33
289.5,25.75,358.5,25.75,358.5,219.25,289.5,219.25
288.75,28.25,356.25,28.25,356.25,224.75,288.75,224.75
289.125,27.625,357.375,27.625,357.375,221.875,289.125,221.875
289.5,27.0,358.5,27.0,358.5,219.0,289.5,219.0
287.65,23.575,357.55,23.575,357.55,216.925,287.65,216.925
287.91,22.48,358.71,22.48,358.71,217.18,287.91,217.18
288.17,21.395,359.87,21.395,359.87,217.445,288.17,217.445
287.15,23.09,359.75,23.09,359.75,220.49,287.15,220.49
286.12,24.775,359.62,24.775,359.62,223.525,286.12,223.525
284.77,23.71,359.17,23.71,359.17,223.81,284.77,223.81
283.41,22.635,358.71,22.635,358.71,224.085,283.41,224.085
282.05,21.56,358.25,21.56,358.25,224.36,282.05,224.36
281.5325,22.155,358.6175,22.155,358.6175,226.305,281.5325,226.305
281.0,22.75,359.0,22.75,359.0,228.25,281.0,228.25
280.32,22.3125,358.68,22.3125,358.68,227.4375,280.32,227.4375
279.625,21.875,358.375,21.875,358.375,226.625,279.625,226.625
278.93,21.4375,358.07,21.4375,358.07,225.8125,278.93,225.8125
278.25,21.0,357.75,21.0,357.75,225.0,278.25,225.0
278.07,21.8125,357.93,21.8125,357.93,225.4375,278.07,225.4375
277.875,22.625,358.125,22.625,358.125,225.875,277.875,225.875
277.68,23.4375,358.32,23.4375,358.32,226.3125,277.68,226.3125
277.5,24.25,358.5,24.25,358.5,226.75,277.5,226.75
275.745,23.31,357.255,23.31,357.255,227.19,275.745,227.19
274.005,22.37,355.995,22.37,355.995,227.63,274.005,227.63
272.25,21.445,354.75,21.445,354.75,228.055,272.25,228.055
270.495,20.505,353.505,20.505,353.505,228.495,270.495,228.495
268.755,19.565,352.245,19.565,352.245,228.935,268.755,228.935
267.0,18.625,351.0,18.625,351.0,229.375,267.0,229.375
265.245,17.685,349.755,17.685,349.755,229.815,265.245,229.815
263.505,16.745,348.495,16.745,348.495,230.255,263.505,230.255
261.0,17.6875,346.5,17.6875,346.5,232.5625,261.0,232.5625
288.42375,23.020125,343.86375,31.298625,316.11375,217.060125,260.68875,208.780125
288.38375,28.429875,352.40375,43.986375,314.88875,198.457875,250.85375,182.902875
279.02,26.10975,342.005,34.97775,315.02,226.65375,252.035,217.78875
281.6975,31.8685,350.5625,49.5565,313.9925,191.914,245.1275,174.229
281.44375,27.017625,343.00375,38.476125,309.02875,221.060625,247.45375,209.600625
281.34375,29.007875,346.60875,44.378375,307.72875,209.550875,242.44875,194.175875
278.225,30.886,346.4,43.039,315.995,213.6145,247.82,201.4645
262.6125,39.573875,324.8025,35.897375,334.2975,196.565375,272.1075,200.240375
277.88625,35.546125,350.23125,53.757625,312.77625,202.626625,240.41625,184.416625
273.96625,27.321,343.79125,41.739,307.77625,216.1875,237.93625,201.7725
254.3275,33.335625,310.3375,25.138125,337.5625,211.169625,281.5525,219.359625
253.1925,37.9905,315.9225,29.3295,337.2975,184.2225,274.5675,192.8775
262.5425,27.802375,339.9725,37.973875,318.7475,199.519375,241.3175,189.349375
279.87625,26.135625,338.57125,34.588125,310.31125,230.753625,251.63125,222.293625
271.365,26.11475,329.46,30.07775,315.675,232.19675,257.58,228.23675
276.81625,24.247875,346.20625,42.738375,302.88625,205.366875,233.48125,186.871875
280.7325,18.982875,353.7975,42.798375,294.0375,226.135875,220.9725,202.315875
281.67,29.284125,358.515,66.254625,290.19,208.247625,213.345,171.272625
278.985,19.661125,355.455,48.882625,291.015,217.517125,214.545,188.282125
270.35,17.112,324.98,21.693,306.29,239.0,251.66,239.0
260.21625,22.0805,314.68125,22.3295,313.63125,239.0,259.18125,239.0
237.9875,41.6215,314.9975,27.2635,348.5825,207.388,271.5725,221.743
244.3325,34.303875,316.3025,24.597375,342.4775,218.679375,270.5075,228.384375
242.43125,29.4925,313.03625,19.8775,341.07125,225.7495,270.45125,235.3645
263.3325,20.367375,326.1375,24.448875,311.5575,239.0,248.7525,239.0
272.5325,26.834,346.7525,47.591,298.7975,219.0695,224.5775,198.3095
262.21125,22.16475,334.25625,32.63775,302.15625,239.0,230.12625,239.0
261.35125,23.04575,331.41625,34.36175,298.91125,235.71425,228.83125,224.40425
259.795,19.75675,332.65,31.39075,299.905,236.40925,227.05,224.76925
258.7775,21.010375,329.0225,30.965875,299.7125,237.754375,229.4675,227.794375
264.76,18.931125,330.055,30.107625,295.96,229.265625,230.665,218.090625
264.1275,14.45675,338.0325,30.11075,294.4425,235.92125,220.5375,220.26125
260.93,16.16975,314.3,18.04775,305.93,239.0,252.56,239.0
269.43125,15.208625,324.70625,22.620125,293.41625,239.0,238.15625,239.0
254.645,20.084625,319.595,20.629125,317.795,235.408125,252.845,234.853125
241.51875,25.725,305.23875,17.985,329.23875,215.583,265.53375,223.323
265.45,12.92825,326.665,19.50425,302.83,239.0,241.615,234.81575
265.34125,14.4675,339.38125,29.3625,297.12625,239.0,223.10125,224.4315
263.575,18.692625,343.0,36.241125,297.565,239.0,218.14,224.327625
264.52375,23.64525,337.01875,39.42225,294.67375,233.95125,222.19375,218.17125
268.0125,20.1015,342.2625,40.4385,294.8175,213.684,220.5675,193.344
266.93125,15.200125,341.93125,34.458625,288.57625,239.0,213.59125,222.920125
263.3075,13.72125,338.2325,29.54625,292.1225,239.0,217.1975,232.05075
268.72375,16.888625,345.01375,37.050125,290.90875,239.0,214.60375,221.682125
232.0425,33.916625,319.2975,20.862125,349.2075,220.809125,261.9525,233.859125
227.305,37.034375,314.02,19.641875,354.415,221.073875,267.7,238.458875
239.3475,24.729,317.3325,16.056,340.4025,223.413,262.4175,232.098
247.3675,16.473625,318.5125,11.315125,335.2825,239.0,264.1375,239.0
246.44,16.647875,319.79,11.528375,335.54,237.317375,262.19,239.0
238.8225,28.13325,316.4175,18.52425,341.3475,219.80475,263.7525,229.41975
266.55125,12.474125,348.87125,28.924625,305.95625,239.0,223.65125,227.182625
271.82125,14.79825,346.26625,29.93925,299.60125,239.0,225.14125,239.0
277.5875,17.872625,343.8875,32.226125,299.0825,239.0,232.7825,224.842625
262.25875,13.97125,328.07875,19.01125,309.91375,239.0,244.07875,239.0
270.93125,12.119125,341.71625,24.669625,302.83625,239.0,232.06625,231.333625
249.9125,14.30125,336.2975,14.30125,336.2975,239.0,249.9125,239.0
250.6325,14.2675,337.4375,14.2675,337.4375,239.0,250.6325,239.0
251.3675,14.2325,338.5625,14.2325,338.5625,239.0,251.3675,239.0
252.0875,14.19875,339.7025,14.19875,339.7025,239.0,252.0875,239.0
252.8075,14.16375,340.8425,14.16375,340.8425,239.0,252.8075,239.0
253.54,14.13,341.98,14.13,341.98,239.0,253.54,239.0
254.26,14.095,343.12,14.095,343.12,239.0,254.26,239.0
254.98,14.06125,344.26,14.06125,344.26,239.0,254.98,239.0
255.7,14.025,345.4,14.025,345.4,239.0,255.7,239.0
256.4325,13.9925,346.5375,13.9925,346.5375,239.0,256.4325,239.0
257.1525,13.95625,347.6775,13.95625,347.6775,239.0,257.1525,239.0
257.875,13.92375,348.805,13.92375,348.805,239.0,257.875,239.0
258.6075,13.8875,349.9425,13.8875,349.9425,239.0,258.6075,239.0
259.3275,13.855,351.0825,13.855,351.0825,239.0,259.3275,239.0
260.0475,13.81875,352.2225,13.81875,352.2225,239.0,260.0475,239.0
260.78,13.78625,353.36,13.78625,353.36,239.0,260.78,239.0
261.5,13.75,354.5,13.75,354.5,239.0,261.5,239.0
262.975,13.3,354.925,13.3,354.925,239.0,262.975,239.0
264.45,12.85,355.35,12.85,355.35,239.0,264.45,239.0
265.925,12.4,355.775,12.4,355.775,239.0,265.925,239.0
267.4,11.95,356.2,11.95,356.2,239.0,267.4,239.0
268.875,11.5,356.625,11.5,356.625,239.0,268.875,239.0
270.35,11.05,357.05,11.05,357.05,239.0,270.35,239.0
271.825,10.6,357.475,10.6,357.475,239.0,271.825,239.0
273.3,10.15,357.9,10.15,357.9,239.0,273.3,239.0
274.775,9.7,358.325,9.7,358.325,239.0,274.775,239.0
276.25,9.25,358.75,9.25,358.75,239.0,276.25,239.0
276.4025,8.4425,359.4275,8.4425,359.4275,239.0,276.4025,239.0
276.5425,7.6325,360.1075,7.6325,360.1075,239.0,276.5425,239.0
276.6975,6.82375,360.7725,6.82375,360.7725,239.0,276.6975,239.0
276.8375,6.01375,361.4525,6.01375,361.4525,239.0,276.8375,239.0
276.99,5.20625,362.13,5.20625,362.13,239.0,276.99,239.0
277.13,4.39875,362.81,4.39875,362.81,239.0,277.13,239.0
277.2825,3.5875,363.4875,3.5875,363.4875,239.0,277.2825,239.0
277.4225,2.78,364.1675,2.78,364.1675,239.0,277.4225,239.0
277.5775,1.97,364.8325,1.97,364.8325,239.0,277.5775,239.0
277.7175,1.1625,365.5125,1.1625,365.5125,239.0,277.7175,239.0
277.87,0.35125,366.19,0.35125,366.19,239.0,277.87,239.0
278.01,0.0,366.87,0.0,366.87,239.0,278.01,239.0
278.1625,0.0,367.5475,0.0,367.5475,239.0,278.1625,239.0
278.3025,0.0,368.2275,0.0,368.2275,239.0,278.3025,239.0
278.4575,0.0,368.8925,0.0,368.8925,239.0,278.4575,239.0
278.5975,0.0,369.5725,0.0,369.5725,239.0,278.5975,239.0
278.75,0.0,370.25,0.0,370.25,239.0,278.75,239.0
278.625,0.0,370.215,0.0,370.215,239.0,278.625,239.0
278.515,0.0,370.165,0.0,370.165,239.0,278.515,239.0
278.39,0.0,370.13,0.0,370.13,239.0,278.39,239.0
278.2775,0.0,370.0925,0.0,370.0925,239.0,278.2775,239.0
278.1525,0.0,370.0575,0.0,370.0575,239.0,278.1525,239.0
278.0425,0.0,370.0075,0.0,370.0075,239.0,278.0425,239.0
277.9175,0.0,369.9725,0.0,369.9725,239.0,277.9175,239.0
277.805,0.0,369.935,0.0,369.935,239.0,277.805,239.0
277.68,0.0,369.9,0.0,369.9,239.0,277.68,239.0
277.57,0.0,369.85,0.0,369.85,239.0,277.57,239.0
277.445,0.0,369.815,0.0,369.815,239.0,277.445,239.0
277.3325,0.0,369.7775,0.0,369.7775,239.0,277.3325,239.0
277.2075,0.0,369.7425,0.0,369.7425,239.0,277.2075,239.0
277.0975,0.0,369.6925,0.0,369.6925,239.0,277.0975,239.0
268.20875,0.0,364.17875,0.0,381.96875,239.0,286.01375,239.0
269.2025,1.080875,364.6325,0.0,382.2275,239.0,286.7975,239.0
289.635,0.0,371.73,0.0,352.965,239.0,270.87,239.0
291.6425,0.0,365.4275,0.0,349.6475,239.0,275.8625,239.0
277.39125,0.0,351.92625,0.0,364.87125,239.0,290.32125,239.0
282.83875,0.0,366.59875,0.0,360.43375,239.0,276.65875,239.0
274.83,0.0,372.405,0.0,372.15,239.0,274.575,239.0
272.1825,0.0,369.2475,0.0,372.8475,239.0,275.7825,239.0
263.99625,0.0,358.42125,0.0,382.99125,239.0,288.58125,239.0
275.02,0.0,368.65,0.0,370.9,239.0,277.27,239.0
272.6725,0.0,371.9875,0.0,373.2775,239.0,273.9625,239.0
277.21,0.0,366.475,0.0,374.23,239.0,284.965,239.0
278.865,0.0,377.025,0.0,376.095,239.0,277.935,239.0
284.0725,0.0,385.5175,0.0,364.8175,239.0,263.3725,239.0
276.985,0.0,379.345,0.0,372.295,239.0,269.935,239.0
278.16125,0.0,382.53125,0.0,373.42625,239.0,269.07125,239.0
277.73625,0.0,379.67625,0.0,372.56625,239.0,270.61125,239.0
284.92875,0.0,388.65375,0.0,366.52875,239.0,262.81875,239.0
288.63125,0.0,393.75125,0.0,365.23625,239.0,260.13125,239.0
306.505,0.0,429.955,14.950875,348.055,239.0,224.605,239.0
223.4575,23.0605,358.6525,0.0,442.3525,239.0,307.1575,239.0
225.765,26.218,362.85,0.0,443.475,239.0,306.39,239.0
314.5875,0.0,449.1525,32.14825,347.5425,239.0,212.9775,239.0
267.29125,0.0,384.75625,0.0,418.67125,239.0,301.19125,239.0
266.53,0.0,383.245,0.0,417.01,239.0,300.295,239.0
257.415,0.0,378.63,0.0,422.205,239.0,300.99,239.0
259.1925,0.0,386.7225,0.0,423.6975,239.0,296.1675,239.0
310.5975,0.0,440.9775,22.323875,365.2725,239.0,234.8925,239.0
306.97375,0.0,434.98375,13.969625,362.32375,239.0,234.32875,239.0
309.995,0.0,434.39,13.397875,361.265,239.0,236.87,239.0
306.555,0.0,428.205,0.803875,364.485,239.0,242.835,239.0
316.175,0.0,436.685,4.51325,360.785,239.0,240.275,239.0
305.22875,0.0,424.16375,0.0,374.72375,239.0,255.77375,239.0
301.0,0.0,431.65,1.787,392.08,239.0,261.43,239.0
302.93375,0.0,425.87375,2.14925,389.36375,239.0,266.43875,239.0
314.1725,0.0,437.2475,5.59725,381.6575,239.0,258.5825,239.0
286.74625,0.0,405.41125,0.0,426.20125,239.0,307.55125,239.0
296.77,0.0,414.385,0.0,417.97,239.0,300.355,239.0
293.4475,0.0,415.6675,0.0,413.8825,239.0,291.6625,239.0
289.92,0.0,412.41,0.0,417.9,239.0,295.41,239.0
269.11125,9.301875,386.71125,0.0,438.07125,239.0,320.45625,239.0
287.2875,0.0,394.8225,0.0,427.8825,239.0,320.3475,239.0
304.37,0.0,429.41,0.811375,384.17,239.0,259.13,239.0
303.97125,0.0,426.95625,0.0,384.29625,239.0,261.32625,239.0
300.46125,0.0,426.56625,0.0,384.64125,239.0,258.52125,239.0
290.59,0.0,423.49,0.0,392.41,239.0,259.51,239.0
278.90875,0.0,418.03375,0.0,405.62875,239.0,266.51875,239.0
288.66,0.0,438.135,5.5835,400.74,239.0,251.265,239.0
315.94125,0.0,464.69625,28.50875,374.12625,239.0,225.38625,239.0
317.0175,0.0,465.0975,33.41075,365.0325,239.0,216.9525,239.0
313.055,0.0,457.34,19.936125,364.925,239.0,220.64,239.0
250.1575,0.0,391.5775,0.0,423.5125,239.0,282.0925,239.0
286.24875,0.0,447.70875,7.843875,388.56375,239.0,227.08875,239.0
306.15125,0.0,463.47125,47.6745,364.53125,239.0,207.19625,239.0
277.865,0.0,435.56,12.8305,381.215,239.0,223.52,239.0
299.51,0.0,451.595,24.609,361.37,239.0,209.285,239.0
310.2375,0.0,455.2725,28.08075,353.8125,239.0,208.7775,239.0
305.64,0.0,448.68,21.416625,359.22,239.0,216.18,239.0
304.335,0.0,453.675,24.93125,362.565,239.0,213.225,239.0
245.5425,0.0,421.6575,0.0,420.0075,239.0,243.8925,239.0
180.26375,74.5625,341.79875,0.0,476.93375,221.1995,315.41375,239.0
198.55625,37.676,368.82125,0.0,475.90625,239.0,305.62625,239.0
193.1175,224.695,319.5075,0.0,482.9325,51.448,356.5425,239.0
188.63375,218.354125,324.18875,0.0,491.96375,56.328625,356.42375,239.0
194.7325,27.63675,369.3925,0.0,478.8775,239.0,304.2175,239.0
243.145,0.0,418.075,0.0,435.055,239.0,260.125,239.0
273.04875,0.0,417.45375,0.0,414.76875,239.0,270.37875,239.0
252.53,0.0,394.88,0.0,431.87,239.0,289.52,239.0
211.0375,22.5635,364.8925,0.0,470.8525,239.0,316.9975,239.0
275.015,0.0,420.125,0.0,406.505,239.0,261.395,239.0
259.4075,0.0,392.4425,0.0,429.0425,239.0,296.0075,239.0
271.46125,0.0,414.38125,0.0,415.68625,239.0,272.78125,239.0
259.57,0.0,426.67,0.0,428.59,239.0,261.49,239.0
285.5775,0.0,456.8475,12.843375,401.5725,239.0,230.3025,239.0
286.04375,0.0,463.08875,25.09875,392.21375,239.0,215.18375,239.0
289.0675,0.0,466.1125,26.732875,388.6825,239.0,211.6375,239.0
299.35,0.0,484.135,33.74175,381.73,239.0,196.945,239.0
296.7825,0.0,487.3275,25.40675,385.2075,239.0,194.6625,239.0
285.9675,0.0,495.0825,28.7795,406.0425,239.0,196.9275,239.0
284.2625,0.0,493.3025,28.7265,407.7875,239.0,198.7475,239.0
284.0275,0.0,478.9075,32.30975,396.7225,239.0,201.8425,239.0
277.20125,0.0,474.19625,24.616,396.00125,239.0,198.99125,239.0
267.2125,0.0,457.1275,8.508,394.9975,239.0,205.0825,239.0
257.515,0.0,441.475,0.0,400.465,239.0,216.505,239.0
236.265,0.0,415.965,0.0,413.055,239.0,233.355,239.0
240.16625,0.0,416.04125,0.0,414.67625,239.0,238.78625,239.0
236.33875,0.0,429.34375,0.0,429.25375,239.0,236.23375,239.0
239.965,0.0,414.64,0.0,416.095,239.0,241.42,239.0
252.93375,0.0,450.39375,1.8715,406.86375,239.0,209.41875,239.0
231.5375,0.0,419.2025,0.0,415.2725,239.0,227.6075,239.0
239.9325,0.0,433.7325,0.0,401.2575,239.0,207.4575,239.0
227.98125,0.0,415.33125,0.0,405.44625,239.0,218.11125,239.0
217.8525,0.0,409.4625,0.0,406.4175,239.0,214.8075,239.0
263.7625,0.0,468.6325,54.320625,367.5475,239.0,162.6775,239.0
288.5175,0.0,480.2175,197.06275,300.5325,239.0,108.8325,141.06775
212.75,0.0,425.36,17.299,384.59,239.0,171.98,239.0
196.56375,0.684,367.32375,3.381,362.80875,239.0,192.03375,239.0
177.59,0.0,332.405,0.0,360.89,239.0,206.075,239.0
162.55,19.20225,319.615,0.0,368.17,239.0,211.105,239.0
169.6925,24.763,338.3375,8.917,363.9575,239.0,195.3125,239.0
149.0925,34.479875,330.0075,0.0,390.5775,239.0,209.6625,239.0
185.8,20.7295,369.925,20.4655,370.3,239.0,186.175,239.0
197.67875,3.301125,400.82375,17.162625,377.27375,239.0,174.11375,239.0
250.7275,4.930625,437.3575,139.458125,314.6425,239.0,128.0125,175.173125
245.6125,19.983125,428.4325,70.585625,364.0975,239.0,181.2775,239.0
253.975,21.689,439.0,55.586,390.025,239.0,205.0,239.0
257.8725,24.066125,424.5975,37.882625,397.8975,239.0,231.1725,239.0
245.1625,37.63,354.0475,16.54,415.7275,239.0,306.8425,239.0
226.5825,49.183,320.4675,16.597,425.2275,239.0,331.3425,239.0
222.3375,52.62875,316.4475,18.11375,417.8325,239.0,323.7225,239.0
217.38625,47.16525,311.25625,13.98225,419.85625,239.0,325.97125,239.0
220.60375,60.81125,303.88375,28.89125,396.43375,239.0,313.16875,239.0
223.72125,62.728625,324.67125,37.740125,382.30125,239.0,281.33625,239.0
228.3225,63.8105,386.5125,65.9645,383.6475,239.0,225.4575,239.0
252.9875,55.023625,419.8925,144.665125,339.7025,239.0,172.7975,204.335125
255.1925,56.247,412.7675,130.923,338.0975,239.0,180.5225,213.828
259.7425,51.933,414.4675,129.537,335.3875,239.0,180.6625,209.592
270.9075,51.76425,419.9925,158.12325,333.6825,239.0,184.5975,172.74825
258.345,83.585,387.315,105.275,358.935,239.0,229.965,239.0
257.63125,69.6265,335.94625,53.8135,379.25125,239.0,300.92125,239.0
242.5325,80.16675,328.8275,53.43075,395.5175,239.0,309.2225,239.0
238.16,71.705125,339.44,44.298625,417.86,239.0,316.58,239.0
253.6825,67.455625,368.2975,49.403125,406.1875,239.0,291.5725,239.0
263.1575,63.26925,380.3675,49.91325,410.9525,239.0,293.7425,239.0
282.36875,69.995125,378.72875,60.498625,399.74375,239.0,303.36875,239.0
286.2275,75.255,366.0425,64.23,394.6625,239.0,314.8475,239.0
288.315,82.67,351.885,67.565,399.825,239.0,336.255,239.0
291.4825,71.8475,369.1075,61.7375,401.8675,239.0,324.2425,239.0
295.67375,79.165,388.08875,73.63,400.11875,239.0,307.68875,239.0
280.95,73.3525,384.24,60.1225,415.23,239.0,311.94,239.0
302.9475,72.595,387.2025,69.31,395.0025,239.0,310.7475,239.0
284.5175,86.065,369.0425,69.295,407.9525,239.0,323.4275,239.0
308.5325,82.38125,368.6375,76.17125,389.2175,239.0,329.1125,239.0
279.0725,101.41375,357.4625,78.44875,410.0375,239.0,331.6475,239.0
279.3275,96.555,374.7275,80.205,406.9025,239.0,311.5025,239.0
274.82875,97.01125,372.02875,75.84625,414.56875,239.0,317.38375,239.0
271.61125,101.62,367.01125,77.86,416.79625,239.0,321.41125,239.0
281.54125,96.33125,368.51125,84.90125,390.84625,239.0,303.89125,239.0
290.47625,102.7975,359.68625,96.4375,374.85125,239.0,305.65625,239.0
293.94625,106.88375,342.74125,101.01875,362.12125,239.0,313.34125,239.0
287.9175,104.49625,362.8275,106.19125,359.2125,239.0,284.3025,239.0
255.4925,105.245,325.7675,85.985,374.8175,239.0,304.5425,239.0
255.005,105.56,329.825,88.37,366.095,239.0,291.275,239.0
282.7575,92.1875,346.2825,95.9525,334.7325,239.0,271.2075,239.0
277.67875,103.39125,330.94375,101.33625,336.25375,238.31625,282.97375,239.0
277.355,100.805,328.31,98.81,334.865,239.0,283.91,239.0
275.65125,106.9075,321.64125,100.9225,342.49125,239.0,296.48625,239.0
273.8,101.40375,336.605,99.82875,340.76,239.0,277.955,239.0
250.6725,118.8925,321.3075,98.8825,366.1575,239.0,295.5225,239.0
251.2025,118.29375,325.6325,101.62875,361.4675,239.0,287.0375,239.0
271.37,113.395,329.75,111.595,334.37,239.0,275.99,239.0
269.7525,115.405,324.1425,112.495,331.8975,239.0,277.5075,239.0
275.68,117.475,314.665,113.47,329.8,239.0,290.815,239.0
279.045,123.45875,313.335,119.96375,327.675,239.0,293.385,239.0
274.8225,120.53875,317.4225,116.44375,331.4475,239.0,288.8475,239.0
269.425,126.8375,316.285,120.7175,332.875,239.0,286.015,239.0
282.295,121.16375,325.51,121.77875,323.545,239.0,280.33,239.0
271.58125,132.14,315.59125,125.15,332.76625,233.36,288.77125,239.0
290.655,127.0975,327.645,127.8475,325.005,239.0,288.015,239.0
289.81375,130.7025,322.27375,128.5575,330.70375,239.0,298.25875,239.0
282.44375,143.0425,316.59875,134.2825,345.41375,239.0,311.27375,239.0
293.7175,136.89375,333.9175,136.24875,335.8525,239.0,295.6525,239.0
293.0475,140.0475,349.5975,146.7375,338.3025,239.0,281.7525,235.5525
297.36625,140.40875,344.63125,140.27375,344.96125,239.0,297.71125,239.0
292.3375,144.8275,338.6575,140.4025,348.0325,238.6825,301.7125,239.0
289.34375,149.75375,332.19875,141.44375,350.82875,237.57875,307.95875,239.0
297.17625,148.3525,337.75125,145.6375,344.71125,239.0,304.15125,239.0
302.86,144.83875,335.605,144.91375,335.38,239.0,302.635,239.0
299.95,149.40625,331.195,146.18125,342.25,239.0,311.005,239.0
304.0775,148.995,336.2975,148.95,336.4325,239.0,304.2125,239.0
307.87,147.8575,337.84,150.5125,328.75,239.0,298.78,239.0
306.2,149.12125,335.435,150.68125,329.78,239.0,300.545,239.0
305.6075,149.8375,332.5625,151.1275,327.4625,239.0,300.5075,239.0
291.985,155.985,320.02,151.11,337.735,239.0,309.7,239.0
307.2225,155.5375,344.4075,167.5675,320.9475,239.0,283.7625,228.0025
296.10625,155.5,324.47125,154.0,329.54125,239.0,301.19125,239.0
294.4625,152.62,327.2675,152.44,327.8075,239.0,295.0025,239.0
296.05875,155.6125,323.25375,155.3575,324.07875,239.0,296.89875,239.0
299.21125,154.1575,329.42125,159.4525,313.71625,239.0,283.52125,239.0
297.5575,155.49,325.4725,159.375,313.2925,239.0,285.3775,239.0
293.735,155.30375,315.41,154.67375,318.065,239.0,296.39,239.0
298.9425,155.90125,330.5025,160.74625,317.2275,239.0,285.6675,239.0
291.95875,156.5975,319.07875,156.3875,319.73875,239.0,292.63375,239.0
291.13,160.0175,311.8,158.2625,318.67,239.0,298.0,239.0
292.9125,157.60625,316.9725,158.17625,315.0375,239.0,290.9775,239.0
296.03125,157.6575,318.23125,157.4925,318.83125,237.0525,296.61625,237.2175
285.06,163.46,312.705,155.825,332.64,228.02,304.995,235.655
298.0425,155.9325,322.9725,157.1175,319.3275,233.4975,294.3975,232.3125
293.9,157.6425,320.585,157.7475,320.3,234.1275,293.615,234.0225
294.95125,161.25,322.92625,161.46,322.41625,228.69,294.45625,228.48
301.48375,160.165,323.08375,162.97,314.30875,230.515,292.69375,227.71
297.4825,161.785,322.8475,163.6,318.0475,230.755,292.6825,228.94
296.28875,162.6575,321.92375,164.5475,317.36375,226.8125,291.71375,224.9225
290.96625,162.0475,315.29625,160.3075,320.02125,226.6225,295.70625,228.3625
288.415,160.66,313.795,157.195,323.005,224.74,297.625,228.205
283.43375,165.96,311.60375,157.59,329.13875,216.6,300.95375,224.97
283.11875,166.18625,309.66875,155.14625,334.01375,213.66125,307.44875,224.71625
283.29125,172.205,308.61125,156.845,331.81625,195.095,306.51125,210.455
285.6625,166.9675,312.2125,154.8325,337.7275,210.6625,311.1775,222.7975
277.87125,174.13125,309.41625,153.86625,339.47625,200.63625,307.94625,220.91625
291.68125,162.96625,316.14625,160.02625,321.80125,207.02125,297.32125,209.97625
286.4075,168.47,309.4475,157.76,328.7225,199.25,305.6825,209.96
279.305,173.3425,305.615,156.4225,331.835,197.2075,305.525,214.1275
280.35375,176.90125,305.49375,158.03125,331.39875,192.56125,306.24375,211.41625
281.96125,164.725,307.34125,158.455,318.92125,205.315,293.52625,211.585
282.3525,164.4625,304.9875,156.2275,322.4175,204.1675,299.7825,212.4025
284.955,166.275,303.945,159.585,319.065,202.425,300.075,209.115
286.7875,159.75,307.9975,158.235,311.4625,206.73,290.2525,208.245
281.7525,166.0,302.9325,160.705,313.9575,204.82,292.7775,210.115
274.8075,164.92375,297.3675,155.62375,317.9625,205.64875,295.4025,214.93375
274.0475,163.305,295.2575,154.77,314.8025,203.355,293.5925,211.89
268.765,163.76625,288.88,153.64125,313.675,202.90125,293.56,213.04125
272.575,158.225,289.675,152.525,308.725,209.675,291.625,215.375
272.51875,157.915,291.52375,152.215,307.73875,206.305,288.74875,212.005
269.525,157.6525,289.595,150.6775,308.915,206.2375,288.845,213.2125
263.8925,162.95625,283.8725,152.14125,309.5975,199.63125,289.6175,210.46125
265.7375,158.6575,286.1225,152.6575,302.2925,207.6325,281.9075,213.6325
259.79,164.85375,278.78,154.71375,302.03,198.31875,283.04,208.44375
269.3875,154.375,289.2175,153.61,291.4225,210.505,271.5925,211.27
263.3175,159.34375,278.6925,155.41375,292.0125,207.43375,276.6375,211.37875
265.11125,157.92,281.07125,155.835,288.09125,209.58,272.11625,211.665
260.295,157.46,277.125,153.95,288.825,210.14,271.995,213.65
262.2825,155.8325,286.5225,154.9325,288.6075,211.1375,264.3675,212.0375
258.0,156.495,277.065,154.2,283.92,211.065,264.855,213.36
244.9175,162.7075,270.3275,153.4675,289.3325,205.7425,263.9225,214.9825
255.7075,156.51875,272.1925,154.82375,277.8625,210.23375,261.3775,211.91375
241.87,167.48625,263.095,155.18625,290.65,202.79625,269.425,215.08125
239.22875,169.0,261.15875,155.035,289.94375,200.26,267.99875,214.225
238.795,166.68125,258.28,154.50125,288.205,202.44125,268.72,214.60625
237.91125,159.7975,259.69125,150.8875,282.37125,206.3125,260.57625,215.2225
237.16,162.39375,256.87,153.27375,280.72,204.85875,261.01,213.96375
233.5625,167.84625,253.6475,155.06625,278.7875,194.56125,258.7025,207.35625
235.2425,162.4625,257.4125,155.9375,270.2075,199.4675,248.0375,205.9925
240.5,160.0,261.5,160.0,261.5,202.0,240.5,202.0
241.575,159.3325,260.445,160.3225,258.165,203.8375,239.295,202.8475
237.005,158.7675,254.105,157.7625,256.955,206.1225,239.855,207.1275
235.3225,159.95,249.3625,159.065,252.1675,203.39,238.1275,204.275
227.26125,158.66125,251.80125,154.19125,261.82125,209.24125,237.26625,213.69625
231.4625,158.2825,257.2025,158.8075,256.1675,209.5675,230.4275,209.0425
228.18,159.84625,247.875,159.56125,248.58,208.47625,228.885,208.74625
225.20625,160.38375,246.16125,158.28375,251.14125,208.18875,230.20125,210.27375
222.455,159.655,244.91,159.7,244.805,210.925,222.35,210.88
205.225,177.545,228.01,157.04,257.395,189.695,234.61,210.2
218.64625,156.8025,241.14625,156.9975,240.68125,208.9275,218.19625,208.7325
213.89875,157.04875,239.38375,156.23875,241.09375,209.24875,215.59375,210.07375
213.25875,159.20375,235.99875,158.06375,238.47375,207.36875,215.71875,208.49375
209.86375,158.635,229.66375,155.95,236.78875,208.525,216.97375,211.21
204.42,158.7125,222.645,153.9875,235.86,204.9575,217.635,209.6825
209.15375,159.6375,226.01375,160.2975,224.19875,206.7525,207.32375,206.0925
207.0,161.0,225.0,161.0,225.0,203.0,207.0,203.0
200.11,160.5275,218.71,157.5575,226.69,207.4625,208.09,210.4325
199.76875,158.5975,222.17875,157.1575,225.32875,206.0725,202.93375,207.5125
194.89375,159.5075,223.46875,158.4875,225.16375,206.2025,196.60375,207.2225
201.93,160.24,216.915,161.995,211.95,204.52,196.965,202.765
199.1875,160.44875,214.0975,161.54375,210.7225,207.38375,195.8125,206.27375
195.7525,161.4175,213.4525,162.1825,211.6375,204.3325,193.9375,203.5675
190.1725,160.3025,207.3775,157.9925,213.6175,204.3875,196.4125,206.6975
191.25,157.585,209.595,158.05,208.29,209.515,189.945,209.05
186.6,159.9225,206.01,158.7825,208.68,204.4275,189.27,205.5675
187.965,158.435,206.835,159.035,205.335,205.625,186.465,205.025
186.675,160.625,206.1,162.05,202.665,209.075,183.24,207.65
186.43375,161.91,201.62875,162.93,198.65875,207.27,183.44875,206.25
186.55625,156.895,205.41125,161.245,193.77125,211.645,174.93125,207.295
183.18,162.6975,197.37,163.6125,194.7,204.8925,180.51,203.9775
177.0,161.5,195.0,161.5,195.0,206.5,177.0,206.5
175.75,159.0,195.25,159.0,195.25,207.0,175.75,207.0
174.93625,160.505,194.52625,161.135,193.07125,206.015,173.49625,205.385
174.77625,156.14,192.22125,156.275,191.84625,204.5,174.38625,204.365
170.84,155.3775,194.93,154.1775,197.66,208.7925,173.57,209.9925
167.735,158.2525,189.53,156.3925,193.805,206.4775,172.01,208.3375
160.75,167.605,183.205,159.055,199.39,201.535,176.935,210.085
160.12875,165.43375,183.42375,157.75375,198.36375,203.02375,175.05375,210.71875
166.13,162.30125,182.51,159.40625,190.79,206.14625,174.41,209.05625
159.7025,165.40875,179.2025,158.08875,194.6075,199.12875,175.1075,206.46375
169.51125,156.75125,184.30125,157.48625,181.97625,203.73125,167.20125,202.98125
168.4,157.84875,186.205,159.24375,182.38,208.24875,164.575,206.86875
168.97875,156.78,183.72375,156.93,183.19875,208.8,168.46875,208.65
163.695,158.7625,184.5,158.7475,184.545,208.2475,163.74,208.2625
165.5,158.75,180.5,158.75,180.5,208.25,165.5,208.25
165.25,160.5,181.75,160.5,181.75,205.5,165.25,205.5
164.92875,160.4925,184.54875,162.2775,180.28875,209.0775,160.68375,207.2925
168.64,160.03,183.76,163.465,173.14,210.25,158.02,206.815
164.9625,162.505,184.8525,166.54,175.9875,210.235,156.0975,206.2
166.0775,161.29,184.4675,164.875,175.3925,211.27,157.0025,207.685
164.9275,160.105,181.6525,162.28,175.6825,208.195,158.9575,206.02
164.275,160.05125,180.07,162.16625,174.085,207.01625,158.29,204.91625
164.9975,160.3125,182.0675,163.5225,173.7125,207.8775,156.6425,204.6675
163.30125,159.97875,182.17125,162.55875,175.78125,209.47875,156.89625,206.91375
167.66125,160.4375,185.61625,165.7475,172.56625,209.7725,154.62625,204.4625
167.0775,157.79625,188.8275,164.66625,173.3925,213.55125,151.6425,206.69625
165.3,158.85125,186.165,163.38125,176.04,209.97125,155.175,205.42625
166.87,162.455,182.89,166.25,173.23,207.005,157.21,203.21
165.2725,158.885,177.6175,159.275,176.0575,208.535,163.7125,208.145
164.7325,162.315,178.0375,162.99,175.8175,206.625,162.5125,205.95
162.76,160.74,183.04,160.755,182.98,207.06,162.7,207.045
165.48875,159.31875,182.10875,160.68375,177.90875,211.41375,161.30375,210.03375
164.9625,158.85875,186.4425,161.78375,179.9475,209.45375,158.4675,206.51375
165.82,157.1075,181.345,157.6625,179.44,210.1625,163.915,209.6075
163.57875,161.52375,181.84875,161.20875,182.65875,210.52875,164.40375,210.82875
164.97375,158.71,180.33375,159.055,179.17875,211.03,163.80375,210.685
167.455,158.65,185.89,162.265,176.845,208.27,158.41,204.655
165.46,158.6875,182.005,159.7975,178.72,208.6225,162.175,207.5125
166.54,155.495,180.685,156.35,177.4,211.205,163.255,210.35
164.5125,158.28,179.3325,158.22,179.5575,210.66,164.7375,210.72
166.07375,158.32625,178.73375,158.56625,177.75875,209.29625,165.08375,209.04125
165.31375,158.305,185.12875,159.055,183.11875,212.755,163.28875,212.005
167.68375,159.0325,187.78375,164.0125,176.77375,208.3375,156.68875,203.3575
166.83,158.4975,181.515,159.9825,176.37,210.9525,161.685,209.4675
168.7,158.5075,188.95,164.1775,175.6,211.8625,155.35,206.1925
165.7975,160.0125,180.6625,160.9575,177.3925,212.0775,162.5275,211.1325
166.21625,159.78,183.69125,162.225,176.85125,211.14,159.39125,208.695
166.5125,159.50875,182.4275,161.27875,176.8775,211.46875,160.9625,209.71375
166.84,161.0275,181.9,162.5425,177.34,207.8425,162.28,206.3275
163.85,161.82875,183.89,161.87375,183.77,205.94375,163.73,205.88375
166.4375,161.225,181.7525,163.175,176.3525,205.835,161.0375,203.885
165.61375,159.21375,184.69375,160.98375,180.41875,207.07875,161.32375,205.29375
167.4525,159.65375,185.5125,162.90875,176.6775,212.00375,158.6175,208.76375
167.85125,158.72875,187.45625,161.86375,179.53625,211.30375,159.94625,208.15375
168.9525,160.0425,187.8825,164.1525,177.8175,210.4275,158.8875,206.3175
170.935,159.28,194.47,168.685,176.065,214.72,152.53,205.315
170.91375,163.465,191.35875,172.225,175.69875,208.795,155.23875,200.035
171.4875,161.32,190.2075,167.98,174.6825,211.54,155.9625,204.88
170.12,159.46375,190.085,165.01375,176.48,213.97375,156.515,208.43875
176.3375,159.735,194.4725,168.045,172.6925,215.565,154.5575,207.255
178.66,162.895,192.775,170.14,171.7,211.165,157.585,203.92
177.9525,163.7025,192.1125,170.8125,172.1175,210.6075,157.9575,203.4975
174.3525,164.265,188.3625,167.265,179.4375,208.995,165.4275,205.995
183.1875,164.015,197.3025,172.49,175.3425,209.105,161.2275,200.63
175.875,165.555,192.03,168.765,184.305,207.585,168.15,204.375
182.0375,162.78,198.4775,169.365,181.1525,212.58,164.7125,205.995
178.9675,166.3775,194.4325,168.5975,189.2425,204.6125,173.7775,202.3925
179.0875,162.18625,195.9025,164.75125,189.3625,207.57625,172.5475,204.99625
189.0675,161.85125,206.2125,172.14125,184.2225,208.77125,167.0775,198.46625
194.75,163.0,210.5,178.75,181.25,208.0,165.5,192.25
194.59375,160.995,210.61375,175.695,182.09875,206.805,166.06375,192.105
195.3275,159.7775,213.6125,175.4525,185.0225,208.8125,166.7375,193.1375
190.0125,157.3225,211.4625,165.1225,194.5575,211.6075,173.1075,203.8075
185.0725,161.8075,204.8275,163.4725,201.0775,207.7225,181.3225,206.0575
192.5025,160.6575,212.4375,167.6925,197.9475,208.7325,178.0125,201.6975
196.41,160.57375,215.115,168.28375,197.97,209.92375,179.265,202.22875
193.77625,160.155,209.96125,162.015,204.47125,209.565,188.30125,207.705
197.01,162.4525,214.89,166.0225,205.95,210.7375,188.07,207.1675
202.825,159.775,220.375,165.625,205.075,211.525,187.525,205.675
200.425,162.08,216.655,163.97,212.095,203.18,195.865,201.29
203.2225,163.38375,221.2675,166.41375,214.6675,205.66875,196.6225,202.62375
208.05,161.7075,226.11,167.8425,213.81,204.0825,195.75,197.9475
209.56,160.3625,224.95,163.5725,215.56,208.5875,200.17,205.3775
210.2625,158.21375,227.3925,162.74375,215.7675,206.78375,198.6375,202.26875
208.78875,159.13,225.52875,160.645,221.52375,205.03,204.76875,203.515
210.1975,159.2,227.4175,160.7,223.5325,205.34,206.3125,203.84
213.8825,160.7225,233.8775,165.1925,224.5475,206.9075,204.5525,202.4375
215.175,156.39875,236.895,159.81875,229.305,207.89375,207.585,204.45875
219.91625,156.78625,242.31125,162.11125,231.52625,207.45625,209.11625,202.11625
218.74625,158.695,236.94125,158.62,237.13625,208.345,218.92625,208.42
221.45375,157.235,237.74375,157.25,237.68375,209.765,221.40875,209.75
230.97875,155.765,248.73875,160.61,234.41375,213.155,216.63875,208.31
225.7025,156.83375,247.3175,158.28875,243.6275,212.67875,222.0125,211.20875
223.10125,157.65625,247.71625,157.82125,247.40125,209.99125,222.77125,209.84125
236.735,157.16875,258.005,162.55375,245.645,211.30375,224.375,205.90375
241.3,157.99375,258.25,163.51375,242.62,211.54375,225.67,206.03875
243.2975,157.1525,259.6025,161.6975,245.0525,213.8375,228.7475,209.2925
245.82625,157.18,260.37625,161.02,246.99625,211.78,232.43125,207.94
247.07,157.935,262.865,161.25,252.41,211.005,236.615,207.69
250.5675,157.9025,270.1275,165.2375,252.7425,211.5875,233.1825,204.2525
245.48125,162.2925,260.79625,160.9725,264.90625,208.7775,249.60625,210.0975
254.80875,161.265,269.08875,162.75,264.36375,208.275,250.06875,206.79
259.0275,158.0225,279.6525,164.0825,265.3425,212.7275,244.7175,206.6675
263.34625,157.7225,283.08625,163.8875,268.64125,210.0875,248.91625,203.9225
255.55375,157.305,275.74375,158.4,273.22375,204.735,253.04875,203.64
262.3425,157.98125,281.9775,159.91625,277.4475,205.68125,257.8125,203.73125
265.8875,156.4925,282.4475,157.2725,280.1225,206.5775,263.5625,205.7975
273.365,155.7475,294.05,161.4775,280.595,210.0625,259.91,204.3325
271.85,155.695,289.205,157.87,282.53,211.225,265.175,209.05
276.53375,154.7675,292.94375,157.6025,283.34375,213.1625,266.94875,210.3275
270.79,155.76,295.9,156.51,294.25,212.4,269.14,211.65
281.94625,152.97375,305.01625,157.78875,293.12125,214.86375,270.06625,210.06375
272.8175,159.86,300.4175,157.43,304.7525,206.66,277.1525,209.09
293.5825,158.16375,315.6925,168.73875,296.0875,209.68875,273.9775,199.09875
297.425,156.505,317.0,163.495,300.035,211.015,280.46,204.025
300.58625,157.0775,316.54625,162.2225,299.94125,213.6725,283.99625,208.5275
297.2625,154.74625,316.1625,156.74125,310.2675,212.72125,291.3675,210.74125
304.43875,157.49,320.20375,161.435,308.03875,210.11,292.28875,206.165
301.64625,157.91875,320.92125,159.32875,317.39625,207.43375,298.10625,206.00875
308.6875,157.5125,328.4575,161.0075,319.8625,209.6975,300.0925,206.2025
305.74125,160.29125,325.39125,160.32125,325.36125,204.43625,305.69625,204.42125
313.7725,158.7125,332.1475,160.2425,327.9175,211.0175,309.5425,209.4875
314.93125,159.685,334.44625,160.84,331.43125,212.275,311.90125,211.12
323.5,159.36875,338.725,161.39375,331.84,213.08375,316.615,211.04375
329.2325,157.9,348.1175,162.985,334.0175,215.32,315.1325,210.235
320.395,161.43625,344.89,161.28625,345.145,201.17125,320.65,201.33625
328.225,161.085,350.665,163.125,346.915,204.375,324.475,202.335
324.93625,164.9375,343.05625,158.5325,360.06625,206.7125,341.93125,213.1175
329.66,160.87,348.35,158.2,355.94,211.33,337.25,214.0
331.89375,160.06625,350.98875,157.95125,356.59875,208.32125,337.48875,210.45125
337.86375,158.015,358.69875,158.195,358.23375,210.245,337.41375,210.065
342.91375,157.22375,358.93375,157.25375,358.85875,209.87375,342.82375,209.85875
341.74,161.1475,362.635,160.2325,364.78,209.7025,343.885,210.6175
346.1575,162.965,370.0075,165.245,366.0925,206.255,342.2425,203.975
347.98625,165.45375,373.26125,168.52875,368.76125,205.39875,343.50125,202.30875
355.21375,160.095,380.84875,168.105,367.54375,210.645,341.92375,202.635
352.88625,160.505,377.06625,161.255,375.77625,203.315,351.58125,202.565
351.10125,163.09125,372.86625,158.24625,383.30625,205.27125,361.55625,210.10125
352.86625,162.64,372.71125,159.58,380.12125,207.82,360.29125,210.88
362.45125,160.56375,376.47625,160.44375,376.85125,207.94875,362.81125,208.05375
360.2525,163.2975,381.5075,161.9175,384.2375,204.1125,362.9825,205.4925
363.705,163.945,386.655,164.965,384.915,204.295,361.965,203.275
372.29,161.5975,403.31,189.6475,382.55,212.6125,351.53,184.5625
379.985,163.03875,392.3,205.42875,375.635,210.27375,363.32,167.86875
378.83,161.67375,388.31,207.07875,375.71,209.70375,366.23,164.31375
380.43375,160.815,388.99875,206.925,374.16375,209.685,365.61375,163.575
378.02875,159.59375,395.84875,202.95875,378.62875,210.03875,360.82375,166.65875
378.8625,159.6975,397.9725,201.7425,380.3475,209.7525,361.2375,167.7075
377.4075,159.96,397.5225,200.16,379.7625,209.04,359.6475,168.84
380.6325,159.36875,399.6075,201.53375,380.0775,210.30875,361.1025,168.15875
387.27125,161.06625,388.21625,209.71125,370.71125,210.04125,369.75125,161.41125
384.94375,157.8175,397.39375,204.4975,375.73375,210.2725,363.29875,163.5925
386.205,160.50875,387.9,208.40375,371.235,209.00375,369.54,161.09375
387.31375,161.17125,386.50375,208.82625,370.85875,208.55625,371.65375,160.91625
383.795,155.77375,386.225,210.28375,371.165,210.95875,368.735,156.43375
