0.0164196,-0.00334821,-0.489304,0.00213646,0.140703,-0.578224,0.0,0.0,1.0
0.0181696,-0.00419643,-0.489759,0.00314375,0.132204,-0.586475,0.0,0.0,1.0
0.0180804,0.0004375,-0.489018,-0.000309375,0.139028,-0.590882,0.0,0.0,1.0
0.0186786,-0.00330357,-0.486875,0.00251354,0.13402,-0.588499,0.0,0.0,1.0
0.0206518,-5.55112e-17,-0.486223,0.0,0.140625,-0.579167,0.0,0.0,1.0
0.0160446,-0.008125,-0.486384,0.00503438,0.141199,-0.578032,0.0,0.0,1.0
0.0194241,-0.0107545,-0.489353,0.00864687,0.131522,-0.580793,0.0,0.0,1.0
0.0157902,0.00187946,-0.487487,-0.00117292,0.13714,-0.591181,0.0,0.0,1.0
0.0164464,0.00755357,-0.486571,-0.00483958,0.139546,-0.590546,0.0,0.0,1.0
0.0183393,0.00966071,-0.484375,-0.00683229,0.141186,-0.588561,0.0,0.0,1.0
0.0213527,-0.00913839,-0.48721,0.00799896,0.132868,-0.584159,0.0,0.0,1.0
0.0190357,0.000553571,-0.486661,-0.0004125,0.140452,-0.57816,0.0,0.0,1.0
0.0208795,-0.00185268,-0.48521,0.00150104,0.140243,-0.588534,0.0,0.0,1.0
0.0206205,0.000397321,-0.486522,-0.000314583,0.141025,-0.590671,0.0,0.0,1.0
0.0179732,-0.0100804,-0.485893,0.00723021,0.136482,-0.598836,0.0,0.0,1.0
0.0198973,-0.00479018,-0.487183,0.00339896,0.152489,-0.587801,0.0,0.0,1.0
0.0202991,-0.00529911,-0.488272,0.00407604,0.143968,-0.577426,0.0,0.0,1.0
0.0210848,-0.00672768,-0.48854,0.00539688,0.143091,-0.57507,0.0,0.0,1.0
0.0201071,-0.0102768,-0.486955,0.00802292,0.140219,-0.58424,0.0,0.0,1.0
0.019625,0.000151786,-0.487241,-0.000123958,0.134632,-0.591757,0.0,0.0,1.0
0.0210714,-0.0114018,-0.488045,0.0105917,0.123337,-0.601713,0.0,0.0,1.0
0.0197991,-0.00358482,-0.488906,0.00281354,0.137311,-0.587957,0.0,0.0,1.0
0.0191518,-0.00294643,-0.487152,0.00218333,0.141056,-0.586619,0.0,0.0,1.0
0.0173125,0.000732143,-0.482634,-0.000496875,0.14032,-0.578778,0.0,0.0,1.0
0.0199152,0.000977679,-0.485254,-0.000733333,0.144038,-0.58535,0.0,0.0,1.0
0.0197187,-0.00336161,-0.485219,0.0026625,0.135804,-0.598596,0.0,0.0,1.0
0.0193795,-0.00283482,-0.48046,0.00204271,0.146101,-0.579184,0.0,0.0,1.0
0.0212232,-0.0020625,-0.485607,0.00175417,0.136208,-0.590708,0.0,0.0,1.0
0.0206786,-0.00722321,-0.486009,0.00593021,0.13727,-0.593416,0.0,0.0,1.0
0.0219777,-0.0132634,-0.489424,0.0109958,0.144369,-0.584702,0.0,0.0,1.0
0.0210268,-0.000285714,-0.485384,0.000227083,0.146569,-0.594006,0.0,0.0,1.0
0.0198884,-0.00349554,-0.487022,0.00270833,0.139862,-0.601987,0.0,0.0,1.0
0.020125,-0.00883036,-0.486705,0.00656354,0.147347,-0.595159,0.0,0.0,1.0
0.0216473,-0.000950893,-0.485933,0.000753125,0.148189,-0.588772,0.0,0.0,1.0
0.0208616,-0.000575893,-0.485201,0.0004625,0.140731,-0.590981,0.0,0.0,1.0
0.0197679,0.0140268,-0.483259,-0.0109354,0.138081,-0.597227,0.0,0.0,1.0
0.0188304,-0.00864286,-0.48783,0.00625104,0.141676,-0.595634,0.0,0.0,1.0
0.0209018,-0.0101429,-0.486509,0.00885417,0.130348,-0.60741,0.0,0.0,1.0
0.0221518,-0.0115982,-0.486732,0.0118375,0.118123,-0.606998,0.0,0.0,1.0
0.0218973,-0.000174107,-0.48621,0.000141667,0.148208,-0.595771,0.0,0.0,1.0
0.0212054,-0.0100446,-0.489571,0.00810417,0.1431,-0.587454,0.0,0.0,1.0
0.0201652,-0.0106384,-0.488067,0.008,0.14601,-0.587385,0.0,0.0,1.0
0.0199821,-0.00322321,-0.488777,0.00244375,0.142954,-0.5926,0.0,0.0,1.0
0.0181071,-0.000848214,-0.487973,0.000563542,0.147714,-0.593776,0.0,0.0,1.0
0.018683,-0.00143304,-0.488888,0.00100521,0.144416,-0.589874,0.0,0.0,1.0
0.0227946,0.00936607,-0.485071,-0.00801875,0.144944,-0.596965,0.0,0.0,1.0
0.0237054,-0.00941071,-0.489848,0.00931667,0.130313,-0.591292,0.0,0.0,1.0
0.023875,-0.0171161,-0.49117,0.016624,0.133855,-0.58598,0.0,0.0,1.0
0.0252321,-0.0159286,-0.491375,0.0172427,0.126922,-0.594672,0.0,0.0,1.0
0.0242768,-0.0134821,-0.490152,0.0126646,0.140719,-0.589719,0.0,0.0,1.0
0.0228214,-0.00778571,-0.485946,0.00679375,0.142354,-0.590354,0.0,0.0,1.0
0.0225982,-0.00101786,-0.48717,0.000852083,0.147569,-0.589423,0.0,0.0,1.0
0.0229643,0.00934821,-0.48458,-0.00802708,0.145425,-0.586529,0.0,0.0,1.0
0.0174241,0.000941964,-0.488299,-0.000608333,0.145619,-0.588431,0.0,0.0,1.0
0.0195357,-0.005625,-0.491464,0.00418021,0.143393,-0.594997,0.0,0.0,1.0
0.0226027,-0.00861161,-0.489299,0.00841875,0.125819,-0.605819,0.0,0.0,1.0
0.0204286,-0.000982143,-0.490232,0.000744792,0.147728,-0.591311,0.0,0.0,1.0
0.0209955,-0.00226339,-0.490629,0.00176875,0.146619,-0.588931,0.0,0.0,1.0
0.0217143,0.00141964,-0.490687,-0.001125,0.14915,-0.585733,0.0,0.0,1.0
0.0201652,-0.0117634,-0.491942,0.00962604,0.134153,-0.58557,0.0,0.0,1.0
0.0206116,-0.00818304,-0.491594,0.00606979,0.151095,-0.584782,0.0,0.0,1.0
0.0215982,0.00403571,-0.488455,-0.00326875,0.144979,-0.589958,0.0,0.0,1.0
0.0214464,-0.00895536,-0.493277,0.00678854,0.154161,-0.582911,0.0,0.0,1.0
0.0218214,-0.0090625,-0.490813,0.00735833,0.146194,-0.58009,0.0,0.0,1.0
0.0236696,-0.0118929,-0.494437,0.0105833,0.144856,-0.582148,0.0,0.0,1.0
0.0206607,-0.00658929,-0.492696,0.00557812,0.133026,-0.595859,0.0,0.0,1.0
0.0210357,-0.00714286,-0.494018,0.00572396,0.143105,-0.589418,0.0,0.0,1.0
0.0231473,-0.00754018,-0.495513,0.00692812,0.137349,-0.592578,0.0,0.0,1.0
0.0246116,0.0153437,-0.490969,-0.0140583,0.146292,-0.581979,0.0,0.0,1.0
0.0232902,0.000575893,-0.494451,-0.000484375,0.149989,-0.583176,0.0,0.0,1.0
0.0242857,-0.000785714,-0.493982,0.000664583,0.15656,-0.57556,0.0,0.0,1.0
0.0249286,-0.00861607,-0.496866,0.00887396,0.131832,-0.596166,0.0,0.0,1.0
0.0260313,-0.0139777,-0.499558,0.0131375,0.150829,-0.586267,0.0,0.0,1.0
0.0234554,-0.0110625,-0.497786,0.0104,0.135819,-0.594131,0.0,0.0,1.0
0.0230893,0.0170179,-0.491286,-0.0156885,0.136382,-0.58782,0.0,0.0,1.0
0.0239196,0.0157768,-0.493875,-0.0153156,0.134157,-0.585261,0.0,0.0,1.0
0.0240982,0.0194107,-0.495455,-0.0219771,0.115923,-0.602694,0.0,0.0,1.0
0.0247946,0.0165,-0.493313,-0.0164156,0.135678,-0.587386,0.0,0.0,1.0
0.025375,-0.00448214,-0.500018,0.00410625,0.15074,-0.58076,0.0,0.0,1.0
0.0226607,0.00203571,-0.498518,-0.00164375,0.153056,-0.59066,0.0,0.0,1.0
0.0235268,-0.00192857,-0.50058,0.00172604,0.143424,-0.592236,0.0,0.0,1.0
0.0242054,-0.0103661,-0.499768,0.00968437,0.141114,-0.586551,0.0,0.0,1.0
0.0239821,-0.0169107,-0.502554,0.0162667,0.135781,-0.581094,0.0,0.0,1.0
0.0259018,-0.0151964,-0.50267,0.0162646,0.1318,-0.597946,0.0,0.0,1.0
0.0242589,-0.000758929,-0.501196,0.000664583,0.150975,-0.591267,0.0,0.0,1.0
0.0216339,-0.0123036,-0.501652,0.0101667,0.142581,-0.60204,0.0,0.0,1.0
0.0254018,-0.0142054,-0.503679,0.0141198,0.13923,-0.597605,0.0,0.0,1.0
0.0265625,-0.0115179,-0.505402,0.0130365,0.127786,-0.592328,0.0,0.0,1.0
0.0267589,-0.0118482,-0.504357,0.013,0.132767,-0.59285,0.0,0.0,1.0
0.025433,-0.00756696,-0.505683,0.00709896,0.147709,-0.58948,0.0,0.0,1.0
0.0270446,-0.0108839,-0.507339,0.0108135,0.148139,-0.584493,0.0,0.0,1.0
0.0260893,-0.00349107,-0.505848,0.00335104,0.147997,-0.586143,0.0,0.0,1.0
0.0232679,-0.000875,-0.502286,0.000748958,0.149097,-0.578597,0.0,0.0,1.0
0.0250045,0.00479018,-0.497969,-0.00438125,0.14859,-0.574256,0.0,0.0,1.0
0.0253795,-0.00455804,-0.498004,0.0041875,0.150471,-0.5572,0.0,0.0,1.0
0.0242902,0.0129866,-0.493478,-0.0117708,0.145969,-0.548865,0.0,0.0,1.0
0.0251964,-0.00603571,-0.498179,0.00562396,0.147293,-0.540668,0.0,0.0,1.0
0.0221741,0.000227679,-0.497049,-0.000171875,0.154861,-0.540403,0.0,0.0,1.0
0.0234286,-0.00511607,-0.494848,0.00415312,0.156895,-0.531791,0.0,0.0,1.0
0.0240089,-0.000142857,-0.493241,0.000109375,0.161634,-0.528572,0.0,0.0,1.0
0.0249196,-0.0083125,-0.496839,0.00723229,0.155924,-0.532361,0.0,0.0,1.0
0.026683,-0.00738839,-0.497353,0.00778437,0.137986,-0.542695,0.0,0.0,1.0
0.0247411,-0.00544643,-0.49958,0.00487188,0.150547,-0.540505,0.0,0.0,1.0
0.0269063,-0.0140402,-0.500933,0.0161042,0.127727,-0.542873,0.0,0.0,1.0
0.0254643,-0.0156696,-0.50392,0.0147448,0.147378,-0.519295,0.0,0.0,1.0
0.0272143,-0.0187857,-0.507714,0.0199594,0.139441,-0.533607,0.0,0.0,1.0
0.0277188,-0.0120402,-0.50529,0.014599,0.124499,-0.557978,0.0,0.0,1.0
0.0259464,-0.0165625,-0.506991,0.016626,0.140711,-0.555211,0.0,0.0,1.0
0.0244196,-0.0180536,-0.509402,0.0141625,0.169537,-0.541204,0.0,0.0,1.0
0.0269196,0.0174375,-0.500857,-0.0158208,0.161515,-0.547202,0.0,0.0,1.0
0.0264732,-0.0182946,-0.508732,0.0171406,0.153891,-0.552245,0.0,0.0,1.0
0.0272143,-0.017625,-0.508857,0.0173958,0.150117,-0.556429,0.0,0.0,1.0
0.0259777,-0.0156652,-0.509835,0.0157302,0.140851,-0.563372,0.0,0.0,1.0
0.0251384,0.000334821,-0.505335,-0.000270833,0.171062,-0.544375,0.0,0.0,1.0
0.0270625,-0.0133929,-0.509866,0.0126948,0.155366,-0.553303,0.0,0.0,1.0
0.0266339,-0.00832143,-0.507866,0.00829792,0.145256,-0.567215,0.0,0.0,1.0
0.0281741,-0.00792411,-0.501871,0.00925625,0.131273,-0.571273,0.0,0.0,1.0
0.0254821,0.0119018,-0.499098,-0.0130604,0.126479,-0.578208,0.0,0.0,1.0
0.0299286,-0.0157321,-0.498964,0.0175333,0.146267,-0.556433,0.0,0.0,1.0
0.0251786,-0.0113304,-0.497009,0.00971146,0.159891,-0.553349,0.0,0.0,1.0
0.0260536,-0.0148839,-0.495134,0.0143135,0.14748,-0.566793,0.0,0.0,1.0
0.0271339,-0.0186786,-0.491991,0.0202594,0.136101,-0.575559,0.0,0.0,1.0
0.0279375,-0.0158304,-0.488821,0.0187146,0.128598,-0.578098,0.0,0.0,1.0
0.0273884,-0.0215402,-0.487531,0.0270885,0.118536,-0.58087,0.0,0.0,1.0
0.0279107,-0.0173839,-0.486688,0.0184427,0.143153,-0.558591,0.0,0.0,1.0
0.0298929,0.0219375,-0.479884,-0.0242865,0.147034,-0.561243,0.0,0.0,1.0
0.0254196,-0.0127321,-0.484759,0.0109531,0.160961,-0.557545,0.0,0.0,1.0
0.0261429,-0.0154107,-0.485571,0.0135344,0.162155,-0.548114,0.0,0.0,1.0
0.0264643,-0.0167232,-0.483938,0.0178979,0.134646,-0.567875,0.0,0.0,1.0
0.0273125,0.0167054,-0.475786,-0.0161062,0.154227,-0.555456,0.0,0.0,1.0
0.0285089,0.0164196,-0.475036,-0.0167219,0.152507,-0.551695,0.0,0.0,1.0
0.0284107,0.0137589,-0.475366,-0.0130469,0.163095,-0.551678,0.0,0.0,1.0
0.0289018,-0.0140268,-0.478518,0.0152323,0.144918,-0.570439,0.0,0.0,1.0
0.0287634,0.0194688,-0.475424,-0.0194333,0.156869,-0.557598,0.0,0.0,1.0
0.0302188,-0.0136116,-0.476719,0.016376,0.13672,-0.569553,0.0,0.0,1.0
0.0297187,-0.0132188,-0.479085,0.0127833,0.167408,-0.544533,0.0,0.0,1.0
0.0280357,-0.00522321,-0.48042,0.00460417,0.173165,-0.546144,0.0,0.0,1.0
0.0300759,-0.00868304,-0.479585,0.00841354,0.169093,-0.556718,0.0,0.0,1.0
0.0305625,-0.0158661,-0.479232,0.0174312,0.151521,-0.561167,0.0,0.0,1.0
0.0316563,-0.018933,-0.475906,0.0240323,0.135826,-0.570493,0.0,0.0,1.0
0.0305446,-0.0233214,-0.476277,0.0263563,0.147179,-0.550992,0.0,0.0,1.0
0.0296429,-0.0172679,-0.472768,0.0183385,0.151907,-0.561157,0.0,0.0,1.0
0.0254018,-0.0103661,-0.473482,0.00829167,0.172931,-0.546473,0.0,0.0,1.0
0.0275714,-0.0119554,-0.471063,0.0105594,0.170018,-0.550414,0.0,0.0,1.0
0.02675,-0.00921429,-0.470161,0.00853958,0.157135,-0.56701,0.0,0.0,1.0
0.0268036,-0.0126518,-0.468491,0.0123323,0.149684,-0.568809,0.0,0.0,1.0
0.0292768,-0.0173393,-0.468955,0.0203063,0.136125,-0.566271,0.0,0.0,1.0
0.0287143,-0.0164821,-0.471125,0.0169208,0.15224,-0.552031,0.0,0.0,1.0
0.0282857,0.0130446,-0.46192,-0.0122313,0.164298,-0.54786,0.0,0.0,1.0
0.0279598,-0.00893304,-0.470558,0.00835417,0.162817,-0.546921,0.0,0.0,1.0
0.0270937,-0.0143795,-0.465094,0.0128344,0.165266,-0.540724,0.0,0.0,1.0
0.0290089,-0.00592857,-0.460312,0.00574687,0.163041,-0.542374,0.0,0.0,1.0
0.0289732,0.0179286,-0.458705,-0.0177646,0.159283,-0.549096,0.0,0.0,1.0
0.0303527,0.0171027,-0.457469,-0.0178938,0.158012,-0.545992,0.0,0.0,1.0
0.0290625,-0.0142143,-0.461062,0.0136635,0.164618,-0.548659,0.0,0.0,1.0
0.0312455,-0.0164062,-0.462424,0.0182583,0.152806,-0.560265,0.0,0.0,1.0
0.030125,0.0215893,-0.455125,-0.0230281,0.153699,-0.54797,0.0,0.0,1.0
0.0306384,-0.0131473,-0.459826,0.0155375,0.141198,-0.567823,0.0,0.0,1.0
0.0290446,-0.00942857,-0.459223,0.00899271,0.165976,-0.556768,0.0,0.0,1.0
0.0294241,-0.011933,-0.463156,0.01195,0.160087,-0.569713,0.0,0.0,1.0
0.0308973,-0.0127188,-0.462772,0.0126625,0.169013,-0.572887,0.0,0.0,1.0
0.0289732,-0.0192768,-0.462161,0.0190812,0.159394,-0.578602,0.0,0.0,1.0
0.0297857,0.0158661,-0.453759,-0.0164385,0.156484,-0.59763,0.0,0.0,1.0
0.0313571,0.0236161,-0.455205,-0.0297792,0.135387,-0.606783,0.0,0.0,1.0
0.0259777,-0.00147768,-0.450871,0.00127083,0.164658,-0.593346,0.0,0.0,1.0
0.0273527,-0.0131027,-0.45504,0.0117896,0.165504,-0.594421,0.0,0.0,1.0
0.0262411,0.0135446,-0.449929,-0.0115219,0.167874,-0.601811,0.0,0.0,1.0
0.0277143,-0.0110357,-0.457339,0.0105542,0.157898,-0.619794,0.0,0.0,1.0
0.0289241,0.000263393,-0.451424,-0.00023125,0.178002,-0.596231,0.0,0.0,1.0
0.0287411,-0.0143393,-0.453991,0.0155802,0.144009,-0.613884,0.0,0.0,1.0
0.0290759,-0.020817,-0.456728,0.0225812,0.145973,-0.603931,0.0,0.0,1.0
0.0277366,-0.0179509,-0.458844,0.0171021,0.158506,-0.59561,0.0,0.0,1.0
0.0284196,0.0144464,-0.450687,-0.0134552,0.166157,-0.593074,0.0,0.0,1.0
0.0284821,-0.0214643,-0.457411,0.0218958,0.151967,-0.597654,0.0,0.0,1.0
0.0298437,0.00428125,-0.453272,-0.00392812,0.177568,-0.578255,0.0,0.0,1.0
0.031308,0.0212991,-0.453263,-0.026874,0.135109,-0.609234,0.0,0.0,1.0
0.0304196,0.000214286,-0.453509,-0.000189583,0.180983,-0.579962,0.0,0.0,1.0
0.0284643,-0.0140446,-0.456116,0.0122115,0.178143,-0.580601,0.0,0.0,1.0
0.0287857,-0.0152321,-0.455411,0.0141875,0.168169,-0.592481,0.0,0.0,1.0
0.0277768,-0.00233929,-0.453259,0.00191771,0.184316,-0.579441,0.0,0.0,1.0
0.0288125,-0.00840179,-0.452946,0.00772812,0.170586,-0.587774,0.0,0.0,1.0
0.0294777,-0.00920982,-0.451371,0.00937187,0.157728,-0.59577,0.0,0.0,1.0
0.029183,-0.0122991,-0.454353,0.011325,0.172679,-0.575387,0.0,0.0,1.0
0.0279598,0.000299107,-0.448817,-0.000247917,0.187075,-0.58495,0.0,0.0,1.0
0.0288348,0.017567,-0.446112,-0.01635,0.16874,-0.59126,0.0,0.0,1.0
0.0255,-0.000848214,-0.450616,0.000626042,0.187161,-0.585578,0.0,0.0,1.0
0.0308393,-0.0153393,-0.454786,0.014149,0.181984,-0.579922,0.0,0.0,1.0
0.0273884,-0.012558,-0.450746,0.01075,0.174192,-0.579692,0.0,0.0,1.0
0.0269241,-0.0104152,-0.449665,0.00888125,0.171792,-0.582792,0.0,0.0,1.0
0.0259375,0.00311607,-0.439268,-0.00238229,0.184159,-0.579659,0.0,0.0,1.0
0.0229018,-0.0005,-0.442616,0.000333333,0.188012,-0.583013,0.0,0.0,1.0
0.0255848,-0.0109063,-0.447353,0.00885104,0.171699,-0.594845,0.0,0.0,1.0
0.0270893,-0.009375,-0.448107,0.00817292,0.169015,-0.598723,0.0,0.0,1.0
0.0255089,-0.00941071,-0.447277,0.00691771,0.188884,-0.572134,0.0,0.0,1.0
0.0247054,-0.00933036,-0.446696,0.00679062,0.184778,-0.569653,0.0,0.0,1.0
0.0269286,-0.00669643,-0.447339,0.00518854,0.189149,-0.575586,0.0,0.0,1.0
0.0273571,0.0115893,-0.444911,-0.00912083,0.18924,-0.577948,0.0,0.0,1.0
0.026125,0.0004375,-0.445295,-0.000330208,0.191266,-0.583349,0.0,0.0,1.0
0.0299955,-0.000183036,-0.444308,0.000152083,0.191031,-0.57551,0.0,0.0,1.0
0.0276205,-0.00704018,-0.448549,0.00574896,0.184199,-0.568282,0.0,0.0,1.0
0.0271295,-0.00247768,-0.445674,0.00185833,0.196431,-0.565744,0.0,0.0,1.0
0.0260536,-0.0117857,-0.446179,0.00889896,0.187786,-0.568557,0.0,0.0,1.0
0.0284688,0.000174107,-0.445504,-0.000142708,0.19413,-0.573234,0.0,0.0,1.0
0.02875,-0.0108929,-0.447643,0.00881458,0.193417,-0.573646,0.0,0.0,1.0
0.0293839,-0.0168482,-0.444429,0.0138323,0.194818,-0.567651,0.0,0.0,1.0
0.0284821,-0.0168661,-0.444955,0.0137083,0.190817,-0.565192,0.0,0.0,1.0
0.025567,-0.00944196,-0.447612,0.00662396,0.198455,-0.555955,0.0,0.0,1.0
0.0273929,-0.0078125,-0.447812,0.00556042,0.209556,-0.553452,0.0,0.0,1.0
0.0268571,-0.00636607,-0.447884,0.00470312,0.198022,-0.572147,0.0,0.0,1.0
0.0249375,-0.000491071,-0.446304,0.000314583,0.208594,-0.562323,0.0,0.0,1.0
0.0272857,0.000178571,-0.444732,-0.000126042,0.211441,-0.554357,0.0,0.0,1.0
0.0269509,-0.000361607,-0.446451,0.000273958,0.193257,-0.565653,0.0,0.0,1.0
0.0275714,-0.01525,-0.444,0.0119385,0.191732,-0.556586,0.0,0.0,1.0
0.027308,-0.0181741,-0.443701,0.0141406,0.191172,-0.556484,0.0,0.0,1.0
0.0279018,-0.00223214,-0.437098,0.0016625,0.204323,-0.560198,0.0,0.0,1.0
0.0268125,-0.00988393,-0.443054,0.00730833,0.197469,-0.565531,0.0,0.0,1.0
0.0262768,-0.0090625,-0.444982,0.00665208,0.194754,-0.571108,0.0,0.0,1.0
0.0286384,-0.00637946,-0.443192,0.00468125,0.2128,-0.540029,0.0,0.0,1.0
0.0288527,-0.00170982,-0.443317,0.00123229,0.217768,-0.540747,0.0,0.0,1.0
0.0281518,-0.0101339,-0.441964,0.00724167,0.214646,-0.541313,0.0,0.0,1.0
0.0281071,-0.000571429,-0.443911,0.000433333,0.206606,-0.558544,0.0,0.0,1.0
0.0282589,-0.0030625,-0.441821,0.00225104,0.209182,-0.553516,0.0,0.0,1.0
0.0245759,0.00612946,-0.439888,-0.00414479,0.197986,-0.565716,0.0,0.0,1.0
0.0221875,0.000214286,-0.436759,-0.000111458,0.223611,-0.542757,0.0,0.0,1.0
0.025,-8.03571e-05,-0.440866,5.625e-05,0.22171,-0.536148,0.0,0.0,1.0
0.0260402,0.00341518,-0.441013,-0.00218958,0.220835,-0.540023,0.0,0.0,1.0
0.0274375,-5.55112e-17,-0.436366,0.0,0.233479,-0.544854,0.0,0.0,1.0
0.0280982,-5.55112e-17,-0.430009,0.0,0.233604,-0.547771,0.0,0.0,1.0
0.02875,0.0,-0.429411,0.0,0.23375,-0.542,0.0,0.0,1.0
0.0294018,0.0,-0.42883,0.0,0.233875,-0.53625,0.0,0.0,1.0
0.0300536,-5.55112e-17,-0.430018,0.0,0.234021,-0.538188,0.0,0.0,1.0
0.0307143,0.0,-0.431214,0.0,0.234167,-0.540125,0.0,0.0,1.0
0.031375,-5.55112e-17,-0.432411,0.0,0.234292,-0.542083,0.0,0.0,1.0
0.0320268,-5.55112e-17,-0.431152,0.0,0.234437,-0.543187,0.0,0.0,1.0
0.0326786,-5.55112e-17,-0.429893,0.0,0.234583,-0.544292,0.0,0.0,1.0
0.0333393,-5.55112e-17,-0.428625,0.0,0.234729,-0.545396,0.0,0.0,1.0
0.0339911,-5.55112e-17,-0.427366,0.0,0.234854,-0.546479,0.0,0.0,1.0
0.0346429,-5.55112e-17,-0.426107,0.0,0.235,-0.547583,0.0,0.0,1.0
0.0352946,-5.55112e-17,-0.424848,0.0,0.235146,-0.548688,0.0,0.0,1.0
0.0359554,-5.55112e-17,-0.42358,0.0,0.235292,-0.549792,0.0,0.0,1.0
0.0366071,0.0,-0.422321,0.0,0.235417,-0.527083,0.0,0.0,1.0
0.0366071,0.0,-0.422321,0.0,0.23125,-0.53125,0.0,0.0,1.0
0.0366071,-5.55112e-17,-0.422018,0.0,0.232646,-0.534729,0.0,0.0,1.0
0.0366071,0.0,-0.421732,0.0,0.234021,-0.538188,0.0,0.0,1.0
0.0366071,-5.55112e-17,-0.421429,0.0,0.235417,-0.535417,0.0,0.0,1.0
0.0366071,-5.55112e-17,-0.421125,0.0,0.236813,-0.532646,0.0,0.0,1.0
0.0366071,-5.55112e-17,-0.420839,0.0,0.238188,-0.529854,0.0,0.0,1.0
0.0366071,-5.55112e-17,-0.420536,0.0,0.239583,-0.527083,0.0,0.0,1.0
0.0367589,-5.55112e-17,-0.421277,0.0,0.230208,-0.535083,0.0,0.0,1.0
0.0369018,-5.55112e-17,-0.422027,0.0,0.220833,-0.543042,0.0,0.0,1.0
0.0370536,-5.55112e-17,-0.422768,0.0,0.211458,-0.551042,0.0,0.0,1.0
0.0372054,-5.55112e-17,-0.423509,0.0,0.202083,-0.559042,0.0,0.0,1.0
0.0373482,-5.55112e-17,-0.424259,0.0,0.192708,-0.567,0.0,0.0,1.0
0.0375,-5.55112e-17,-0.425,0.0,0.183333,-0.575,0.0,0.0,1.0
0.0389911,0.0,-0.425295,0.0,0.199312,-0.565979,0.0,0.0,1.0
0.0404732,-5.55112e-17,-0.425598,0.0,0.215271,-0.556938,0.0,0.0,1.0
0.0419643,-5.55112e-17,-0.425893,0.0,0.23125,-0.547917,0.0,0.0,1.0
0.0419018,-5.55112e-17,-0.425295,0.0,0.233333,-0.545042,0.0,0.0,1.0
0.0418393,-5.55112e-17,-0.424696,0.0,0.235417,-0.542208,0.0,0.0,1.0
0.0417768,-5.55112e-17,-0.424098,0.0,0.2375,-0.539333,0.0,0.0,1.0
0.0417054,0.0,-0.423491,0.0,0.239583,-0.5365,0.0,0.0,1.0
0.0416429,-5.55112e-17,-0.422893,0.0,0.241667,-0.533625,0.0,0.0,1.0
0.0415804,0.0,-0.422295,0.0,0.24375,-0.530792,0.0,0.0,1.0
0.0415179,-1.11022e-16,-0.421696,0.0,0.245833,-0.527917,0.0,0.0,1.0
0.0414554,-5.55112e-17,-0.421098,0.0,0.247917,-0.525042,0.0,0.0,1.0
0.0413929,-5.55112e-17,-0.4205,0.0,0.25,-0.522208,0.0,0.0,1.0
0.0413304,-5.55112e-17,-0.419902,0.0,0.252083,-0.519333,0.0,0.0,1.0
0.0412589,-5.55112e-17,-0.42117,0.0,0.254167,-0.515042,0.0,0.0,1.0
0.0411964,0.0,-0.422446,0.0,0.25625,-0.510708,0.0,0.0,1.0
0.0411339,-5.55112e-17,-0.423723,0.0,0.258333,-0.506417,0.0,0.0,1.0
0.0410714,-5.55112e-17,-0.425,0.0,0.260417,-0.502083,0.0,0.0,1.0
0.0410714,-5.55112e-17,-0.423482,0.0,0.261187,-0.505104,0.0,0.0,1.0
0.0410714,-5.55112e-17,-0.421964,0.0,0.261937,-0.508146,0.0,0.0,1.0
0.0410714,-5.55112e-17,-0.420446,0.0,0.262688,-0.511187,0.0,0.0,1.0
0.0410714,-5.55112e-17,-0.420571,0.0,0.263438,-0.508479,0.0,0.0,1.0
0.0410714,-5.55112e-17,-0.420696,0.0,0.264188,-0.505771,0.0,0.0,1.0
0.0410714,-1.11022e-16,-0.420821,0.0,0.264958,-0.503083,0.0,0.0,1.0
0.0410714,0.0,-0.420946,0.0,0.265708,-0.500375,0.0,0.0,1.0
0.0410714,-1.11022e-16,-0.421071,0.0,0.266479,-0.497687,0.0,0.0,1.0
0.0410714,-5.55112e-17,-0.421179,0.0,0.267229,-0.494979,0.0,0.0,1.0
0.0410714,-5.55112e-17,-0.421304,0.0,0.268,-0.492292,0.0,0.0,1.0
0.0410714,-5.55112e-17,-0.421429,0.0,0.26875,-0.489583,0.0,0.0,1.0
0.0401786,-5.55112e-17,-0.424107,0.0,0.272917,-0.472917,0.0,0.0,1.0
0.040625,-5.55112e-17,-0.422768,0.0,0.269792,-0.480208,0.0,0.0,1.0
0.0410714,-5.55112e-17,-0.421429,0.0,0.266667,-0.4875,0.0,0.0,1.0
0.0416071,0.0,-0.423929,0.0,0.268542,-0.498958,0.0,0.0,1.0
0.0421429,-5.55112e-17,-0.422661,0.0,0.270417,-0.500708,0.0,0.0,1.0
0.0426786,0.0,-0.421393,0.0,0.272292,-0.502417,0.0,0.0,1.0
0.0432143,-5.55112e-17,-0.422411,0.0,0.274167,-0.492542,0.0,0.0,1.0
0.04375,-5.55112e-17,-0.423446,0.0,0.276042,-0.482708,0.0,0.0,1.0
0.0442857,-5.55112e-17,-0.425054,0.0,0.277917,-0.484333,0.0,0.0,1.0
0.0448214,-5.55112e-17,-0.426679,0.0,0.279792,-0.486,0.0,0.0,1.0
0.0453571,0.0,-0.428304,0.0,0.281667,-0.487667,0.0,0.0,1.0
0.0458839,-5.55112e-17,-0.428438,0.0,0.283542,-0.482375,0.0,0.0,1.0
0.0464286,-5.55112e-17,-0.428571,0.0,0.285417,-0.477083,0.0,0.0,1.0
0.0466429,-5.55112e-17,-0.429464,0.0,0.284896,-0.479688,0.0,0.0,1.0
0.046875,-5.55112e-17,-0.430357,0.0,0.284375,-0.482292,0.0,0.0,1.0
0.0471071,0.0,-0.43125,0.0,0.283854,-0.484896,0.0,0.0,1.0
0.0473214,-5.55112e-17,-0.432143,0.0,0.283333,-0.4875,0.0,0.0,1.0
0.0475357,-5.55112e-17,-0.432143,0.0,0.282813,-0.484896,0.0,0.0,1.0
0.0477679,-5.55112e-17,-0.432143,0.0,0.282292,-0.482292,0.0,0.0,1.0
0.048,-5.55112e-17,-0.432143,0.0,0.281771,-0.479688,0.0,0.0,1.0
0.0482143,-5.55112e-17,-0.432143,0.0,0.28125,-0.477083,0.0,0.0,1.0
0.0485179,-5.55112e-17,-0.434821,0.0,0.283167,-0.478125,0.0,0.0,1.0
0.0488036,-1.11022e-16,-0.4375,0.0,0.285083,-0.479167,0.0,0.0,1.0
0.0491071,-5.55112e-17,-0.440179,0.0,0.286958,-0.480208,0.0,0.0,1.0
0.0494107,-5.55112e-17,-0.442857,0.0,0.288875,-0.48125,0.0,0.0,1.0
0.0496964,-5.55112e-17,-0.445536,0.0,0.290792,-0.482292,0.0,0.0,1.0
0.05,-5.55112e-17,-0.448214,0.0,0.292708,-0.483333,0.0,0.0,1.0
0.0503036,0.0,-0.450893,0.0,0.294625,-0.484375,0.0,0.0,1.0
0.0505893,-5.55112e-17,-0.453571,0.0,0.296542,-0.485417,0.0,0.0,1.0
0.0508929,0.0,-0.457589,0.0,0.298438,-0.478646,0.0,0.0,1.0
0.0329955,-0.0165134,-0.460228,0.011499,0.258001,-0.499834,0.0,0.0,1.0
0.0381116,-0.0223348,-0.461371,0.0216052,0.214545,-0.527316,0.0,0.0,1.0
0.0374911,-0.0160625,-0.469607,0.0123146,0.266219,-0.473406,0.0,0.0,1.0
0.0409911,-0.0217679,-0.468134,0.0245646,0.197721,-0.533783,0.0,0.0,1.0
0.0366473,-0.0202277,-0.472799,0.0159156,0.253589,-0.483172,0.0,0.0,1.0
0.0388527,-0.0231473,-0.474049,0.021351,0.229403,-0.503007,0.0,0.0,1.0
0.0405804,-0.0180982,-0.469446,0.0168771,0.236913,-0.490621,0.0,0.0,1.0
0.0370179,0.00565179,-0.467045,-0.00510521,0.223149,-0.508045,0.0,0.0,1.0
0.043067,-0.0222991,-0.472629,0.0252927,0.206764,-0.503805,0.0,0.0,1.0
0.041567,-0.021442,-0.480594,0.0200229,0.242292,-0.492687,0.0,0.0,1.0
0.0333393,0.0162054,-0.471527,-0.0113802,0.258372,-0.490622,0.0,0.0,1.0
0.0373393,0.0127232,-0.472777,-0.012025,0.215125,-0.537063,0.0,0.0,1.0
0.0460893,-0.0126339,-0.480991,0.014126,0.22437,-0.526411,0.0,0.0,1.0
0.034933,-0.016817,-0.47304,0.0117448,0.272447,-0.464822,0.0,0.0,1.0
0.0345804,-0.00820536,-0.475857,0.00550208,0.280723,-0.461848,0.0,0.0,1.0
0.041308,-0.0257902,-0.482415,0.0256844,0.22587,-0.521641,0.0,0.0,1.0
0.0434911,-0.0355714,-0.486813,0.0330802,0.254632,-0.489341,0.0,0.0,1.0
0.0457411,-0.0406696,-0.489411,0.051351,0.197209,-0.505147,0.0,0.0,1.0
0.0455179,-0.0383571,-0.491071,0.0405948,0.234205,-0.505893,0.0,0.0,1.0
0.0325179,-0.011125,-0.485143,0.00635833,0.309654,-0.454675,0.0,0.0,1.0
0.0324152,-0.000620536,-0.487629,0.00035,0.316383,-0.432904,0.0,0.0,1.0
0.0458393,0.0199911,-0.476277,-0.0199396,0.250171,-0.481233,0.0,0.0,1.0
0.0428393,0.0155804,-0.476063,-0.0134802,0.269557,-0.472953,0.0,0.0,1.0
0.0420313,0.016683,-0.479022,-0.0133542,0.285933,-0.468246,0.0,0.0,1.0
0.0373839,-0.00867857,-0.486705,0.00566771,0.311536,-0.439328,0.0,0.0,1.0
0.0441786,-0.0285446,-0.489884,0.0288312,0.238163,-0.487704,0.0,0.0,1.0
0.0428795,-0.0191027,-0.496094,0.0145438,0.306615,-0.425906,0.0,0.0,1.0
0.0417098,-0.0193527,-0.499772,0.0157125,0.27966,-0.46091,0.0,0.0,1.0
0.0433661,-0.0194911,-0.500268,0.0161625,0.284744,-0.466327,0.0,0.0,1.0
0.0418125,-0.0174464,-0.501348,0.0138302,0.287203,-0.460911,0.0,0.0,1.0
0.0388661,-0.0202946,-0.499357,0.0155219,0.276609,-0.482922,0.0,0.0,1.0
0.0439911,-0.0259464,-0.501277,0.0217458,0.285844,-0.478385,0.0,0.0,1.0
0.0317679,-0.00498214,-0.493875,0.00260625,0.330277,-0.433298,0.0,0.0,1.0
0.0328973,-0.0186205,-0.497451,0.0103031,0.324018,-0.435164,0.0,0.0,1.0
0.0386607,-0.00107143,-0.488893,0.000763542,0.298297,-0.467734,0.0,0.0,1.0
0.0379241,0.0142902,-0.490388,-0.01075,0.274442,-0.497275,0.0,0.0,1.0
0.0364375,-0.0141875,-0.492607,0.00912917,0.308173,-0.470173,0.0,0.0,1.0
0.044067,-0.0251473,-0.49779,0.0206875,0.291617,-0.471263,0.0,0.0,1.0
0.0472768,-0.0270446,-0.498982,0.024374,0.285605,-0.457147,0.0,0.0,1.0
0.0431473,-0.0252009,-0.50071,0.0219146,0.270177,-0.463344,0.0,0.0,1.0
0.0441964,-0.0282411,-0.497473,0.0282479,0.240617,-0.51295,0.0,0.0,1.0
0.0446384,-0.0317545,-0.504004,0.026749,0.288501,-0.463793,0.0,0.0,1.0
0.0445982,-0.0274464,-0.50408,0.0219792,0.303235,-0.455006,0.0,0.0,1.0
0.0454152,-0.0322098,-0.500335,0.028001,0.284434,-0.460976,0.0,0.0,1.0
0.0519375,0.0178036,-0.481027,-0.0181281,0.277701,-0.469326,0.0,0.0,1.0
0.0516161,0.0240446,-0.480607,-0.024151,0.279761,-0.462282,0.0,0.0,1.0
0.0464196,0.0137321,-0.482366,-0.0120542,0.288004,-0.483025,0.0,0.0,1.0
0.0423482,0.00998214,-0.479777,-0.00716563,0.321109,-0.460443,0.0,0.0,1.0
0.0436607,0.009375,-0.480375,-0.00711771,0.313603,-0.470895,0.0,0.0,1.0
0.0461875,0.0148393,-0.481991,-0.01335,0.27956,-0.483456,0.0,0.0,1.0
0.0489955,-0.0255402,-0.488826,0.022851,0.298209,-0.466439,0.0,0.0,1.0
0.044317,-0.0277812,-0.489808,0.021025,0.318744,-0.428681,0.0,0.0,1.0
0.0394643,-0.0266696,-0.485116,0.0199365,0.287459,-0.464439,0.0,0.0,1.0
0.039183,-0.010817,-0.489138,0.007,0.329681,-0.436765,0.0,0.0,1.0
0.0421295,-0.0231384,-0.487701,0.0174344,0.304468,-0.466655,0.0,0.0,1.0
0.0514196,-1.11022e-16,-0.476598,0.0,0.342031,-0.427365,0.0,0.0,1.0
0.0516696,-5.55112e-17,-0.474937,0.0,0.343171,-0.425796,0.0,0.0,1.0
0.0519018,-1.11022e-16,-0.473277,0.0,0.344329,-0.424204,0.0,0.0,1.0
0.0521518,-5.55112e-17,-0.471616,0.0,0.345469,-0.422635,0.0,0.0,1.0
0.0524018,-1.11022e-16,-0.469955,0.0,0.346627,-0.421044,0.0,0.0,1.0
0.0526429,-5.55112e-17,-0.468286,0.0,0.347767,-0.419475,0.0,0.0,1.0
0.0528929,-5.55112e-17,-0.466625,0.0,0.348925,-0.417883,0.0,0.0,1.0
0.0531429,-5.55112e-17,-0.464964,0.0,0.350065,-0.416315,0.0,0.0,1.0
0.0533929,-5.55112e-17,-0.463304,0.0,0.351225,-0.414725,0.0,0.0,1.0
0.0536339,-5.55112e-17,-0.461634,0.0,0.352363,-0.413154,0.0,0.0,1.0
0.0538839,0.0,-0.459973,0.0,0.353523,-0.411565,0.0,0.0,1.0
0.054125,-5.55112e-17,-0.458321,0.0,0.35466,-0.409994,0.0,0.0,1.0
0.0543661,0.0,-0.456652,0.0,0.355821,-0.408404,0.0,0.0,1.0
0.0546161,0.0,-0.454991,0.0,0.356958,-0.406833,0.0,0.0,1.0
0.0548661,-5.55112e-17,-0.45333,0.0,0.358119,-0.405244,0.0,0.0,1.0
0.0551071,-5.55112e-17,-0.451661,0.0,0.359256,-0.403673,0.0,0.0,1.0
0.0553571,-5.55112e-17,-0.45,0.0,0.360417,-0.402083,0.0,0.0,1.0
0.0547321,-5.55112e-17,-0.448304,0.0,0.361667,-0.402083,0.0,0.0,1.0
0.0541071,-5.55112e-17,-0.446607,0.0,0.362917,-0.402083,0.0,0.0,1.0
0.0534821,-5.55112e-17,-0.444911,0.0,0.364167,-0.402083,0.0,0.0,1.0
0.0528571,-5.55112e-17,-0.443214,0.0,0.365417,-0.402083,0.0,0.0,1.0
0.0522321,-5.55112e-17,-0.441518,0.0,0.366667,-0.402083,0.0,0.0,1.0
0.0516071,-5.55112e-17,-0.439821,0.0,0.367917,-0.402083,0.0,0.0,1.0
0.0509821,0.0,-0.438125,0.0,0.369167,-0.402083,0.0,0.0,1.0
0.0503571,-5.55112e-17,-0.436429,0.0,0.370417,-0.402083,0.0,0.0,1.0
0.0497321,-5.55112e-17,-0.434732,0.0,0.371667,-0.402083,0.0,0.0,1.0
0.0491071,-5.55112e-17,-0.433036,0.0,0.372917,-0.402083,0.0,0.0,1.0
0.0494196,-5.55112e-17,-0.432295,0.0,0.374746,-0.402704,0.0,0.0,1.0
0.0497411,0.0,-0.431563,0.0,0.376596,-0.403304,0.0,0.0,1.0
0.0500446,-5.55112e-17,-0.43083,0.0,0.378427,-0.403927,0.0,0.0,1.0
0.0503661,0.0,-0.430098,0.0,0.380277,-0.404527,0.0,0.0,1.0
0.0506786,0.0,-0.429357,0.0,0.382106,-0.405148,0.0,0.0,1.0
0.051,-5.55112e-17,-0.428625,0.0,0.383935,-0.405769,0.0,0.0,1.0
0.0513125,-5.55112e-17,-0.427884,0.0,0.385787,-0.406371,0.0,0.0,1.0
0.0516339,-5.55112e-17,-0.427152,0.0,0.387617,-0.406992,0.0,0.0,1.0
0.0519375,-5.55112e-17,-0.42642,0.0,0.389467,-0.407592,0.0,0.0,1.0
0.0522589,-5.55112e-17,-0.425687,0.0,0.391296,-0.408213,0.0,0.0,1.0
0.0525714,-1.11022e-16,-0.424946,0.0,0.393148,-0.408815,0.0,0.0,1.0
0.0528929,0.0,-0.424214,0.0,0.394977,-0.409435,0.0,0.0,1.0
0.0532054,0.0,-0.423473,0.0,0.396806,-0.410056,0.0,0.0,1.0
0.0535268,-5.55112e-17,-0.422741,0.0,0.398656,-0.410656,0.0,0.0,1.0
0.0538304,0.0,-0.422009,0.0,0.400488,-0.411279,0.0,0.0,1.0
0.0541518,-5.55112e-17,-0.421277,0.0,0.402337,-0.411879,0.0,0.0,1.0
0.0544643,-5.55112e-17,-0.420536,0.0,0.404167,-0.4125,0.0,0.0,1.0
0.0545179,0.0,-0.420679,0.0,0.404715,-0.413048,0.0,0.0,1.0
0.0545536,-5.55112e-17,-0.420821,0.0,0.405263,-0.413596,0.0,0.0,1.0
0.0546071,-5.55112e-17,-0.420964,0.0,0.40581,-0.414144,0.0,0.0,1.0
0.0546518,-5.55112e-17,-0.421098,0.0,0.40636,-0.414694,0.0,0.0,1.0
0.0547054,0.0,-0.421241,0.0,0.406908,-0.415242,0.0,0.0,1.0
0.0547411,-5.55112e-17,-0.421384,0.0,0.407456,-0.41579,0.0,0.0,1.0
0.0547946,-5.55112e-17,-0.421527,0.0,0.408004,-0.416337,0.0,0.0,1.0
0.0548393,-1.11022e-16,-0.421661,0.0,0.408552,-0.416885,0.0,0.0,1.0
0.0548929,-5.55112e-17,-0.421804,0.0,0.4091,-0.417433,0.0,0.0,1.0
0.0549286,-5.55112e-17,-0.421946,0.0,0.40965,-0.417983,0.0,0.0,1.0
0.0549821,-5.55112e-17,-0.422089,0.0,0.410198,-0.418531,0.0,0.0,1.0
0.0550268,-1.11022e-16,-0.422223,0.0,0.410746,-0.419079,0.0,0.0,1.0
0.0550804,-1.11022e-16,-0.422366,0.0,0.411294,-0.419627,0.0,0.0,1.0
0.0551161,-5.55112e-17,-0.422509,0.0,0.411842,-0.420175,0.0,0.0,1.0
0.0571205,0.0105937,-0.419478,-0.00843125,0.391071,-0.437175,0.0,0.0,1.0
0.0568036,0.0104732,-0.418366,-0.00814271,0.397957,-0.41077,0.0,0.0,1.0
0.0488661,-0.0111696,-0.42625,0.00752292,0.395094,-0.42649,0.0,0.0,1.0
0.0439196,-0.00939286,-0.42742,0.00533542,0.420804,-0.422054,0.0,0.0,1.0
0.0443705,0.00770089,-0.426558,-0.00439896,0.422847,-0.427409,0.0,0.0,1.0
0.0498616,-0.00367411,-0.425656,0.00240729,0.415951,-0.440368,0.0,0.0,1.0
0.0580804,-0.000151786,-0.422339,0.000121875,0.405676,-0.450051,0.0,0.0,1.0
0.0577768,0.00214286,-0.42408,-0.00166146,0.407178,-0.431595,0.0,0.0,1.0
0.0562009,0.0146295,-0.422326,-0.0119812,0.373523,-0.460335,0.0,0.0,1.0
0.0557321,0.00133929,-0.423286,-0.000979167,0.414033,-0.429388,0.0,0.0,1.0
0.0591161,0.000767857,-0.423259,-0.0005875,0.418798,-0.423006,0.0,0.0,1.0
0.0531339,0.00461607,-0.418357,-0.00316354,0.422486,-0.425653,0.0,0.0,1.0
0.0584286,-0.000553571,-0.415214,0.000457292,0.385774,-0.471191,0.0,0.0,1.0
0.0603839,-0.0123214,-0.420634,0.010125,0.399921,-0.423588,0.0,0.0,1.0
0.0609286,-0.00419643,-0.420286,0.00343854,0.404801,-0.409905,0.0,0.0,1.0
0.0621205,-0.00541518,-0.418219,0.00445625,0.410929,-0.415304,0.0,0.0,1.0
0.060683,-0.00423661,-0.419379,0.00330937,0.423393,-0.427455,0.0,0.0,1.0
0.0617366,-0.0131652,-0.418335,0.0106219,0.41672,-0.44047,0.0,0.0,1.0
0.062567,-0.0169687,-0.416183,0.0137271,0.421071,-0.436383,0.0,0.0,1.0
0.0734821,-0.04875,-0.415571,0.0497677,0.391932,-0.424453,0.0,0.0,1.0
0.0804732,0.0498214,-0.405527,-0.0585667,0.3727,-0.432721,0.0,0.0,1.0
0.0815982,0.0479911,-0.402464,-0.0588896,0.362042,-0.436021,0.0,0.0,1.0
0.0800982,-0.0604821,-0.408812,0.0715167,0.368835,-0.420065,0.0,0.0,1.0
0.0699241,0.020183,-0.38754,-0.0181844,0.422632,-0.436945,0.0,0.0,1.0
0.0694732,0.0200982,-0.389696,-0.0177167,0.428998,-0.440498,0.0,0.0,1.0
0.0721518,0.0259375,-0.393196,-0.0260635,0.390911,-0.464057,0.0,0.0,1.0
0.0759107,0.0220089,-0.390277,-0.023101,0.393916,-0.445353,0.0,0.0,1.0
0.0776071,-0.0450625,-0.396545,0.0523552,0.363649,-0.440045,0.0,0.0,1.0
0.076192,-0.0432455,-0.402406,0.0455177,0.394151,-0.418839,0.0,0.0,1.0
0.0740446,-0.0435268,-0.400661,0.0449823,0.390103,-0.426499,0.0,0.0,1.0
0.0724107,-0.0379286,-0.400857,0.036501,0.409678,-0.436886,0.0,0.0,1.0
0.0717321,-0.0451786,-0.395571,0.0436208,0.404531,-0.439823,0.0,0.0,1.0
0.0707991,-0.029433,-0.392906,0.0270146,0.42006,-0.434748,0.0,0.0,1.0
0.0777679,-0.0235536,-0.381179,0.0244333,0.408254,-0.416817,0.0,0.0,1.0
0.0731741,-0.0217277,-0.381871,0.0212646,0.407131,-0.412235,0.0,0.0,1.0
0.0732589,-0.0330893,-0.378723,0.0324875,0.406144,-0.416206,0.0,0.0,1.0
0.0706295,0.0123795,-0.363433,-0.0108406,0.438668,-0.407834,0.0,0.0,1.0
0.0700089,0.00213393,-0.361839,-0.00188021,0.431705,-0.43608,0.0,0.0,1.0
0.07275,-0.0010625,-0.368455,0.000977083,0.431008,-0.433404,0.0,0.0,1.0
0.0729107,0.00326786,-0.368018,-0.00304583,0.425094,-0.425427,0.0,0.0,1.0
0.0700045,0.030567,-0.368594,-0.0293906,0.396453,-0.410641,0.0,0.0,1.0
0.0640089,0.0196786,-0.361455,-0.0145615,0.471195,-0.353049,0.0,0.0,1.0
0.0744286,-0.0269286,-0.385232,0.0267719,0.40757,-0.425424,0.0,0.0,1.0
0.0732009,-0.0253884,-0.385469,0.0242125,0.417802,-0.43076,0.0,0.0,1.0
0.075067,-0.0249598,-0.388308,0.0241323,0.422564,-0.434397,0.0,0.0,1.0
0.0791071,-0.0185,-0.390179,0.018775,0.42424,-0.432844,0.0,0.0,1.0
0.082808,-0.00737946,-0.388799,0.00793021,0.419872,-0.425893,0.0,0.0,1.0
0.0889732,-0.0222589,-0.384464,0.0267063,0.4037,-0.411242,0.0,0.0,1.0
0.0885402,-0.0539063,-0.383862,0.0682917,0.38051,-0.412885,0.0,0.0,1.0
0.0881429,-0.0595625,-0.391027,0.0771104,0.370627,-0.420523,0.0,0.0,1.0
0.0858839,-0.0550089,-0.394661,0.0661448,0.388868,-0.432847,0.0,0.0,1.0
0.0841786,0.0190089,-0.398509,-0.0204812,0.425383,-0.431904,0.0,0.0,1.0
0.0961116,-0.0352098,-0.397496,0.0446677,0.412478,-0.415603,0.0,0.0,1.0
0.0936473,-0.0588973,-0.401183,0.0839333,0.357775,-0.390588,0.0,0.0,1.0
0.0938661,-0.0323482,-0.411536,0.0415667,0.397683,-0.412371,0.0,0.0,1.0
0.0905268,-0.0537054,-0.409929,0.0692833,0.382117,-0.4282,0.0,0.0,1.0
0.0863304,-0.0603929,-0.407098,0.0753812,0.376531,-0.431281,0.0,0.0,1.0
0.0851429,-0.05325,-0.406375,0.0641698,0.384626,-0.430084,0.0,0.0,1.0
0.0888929,-0.0542321,-0.404554,0.0675,0.388848,-0.414098,0.0,0.0,1.0
0.10483,-0.000982143,-0.405759,0.00124375,0.451367,-0.365367,0.0,0.0,1.0
0.0961473,0.080442,-0.41321,-0.12725,0.330913,-0.383829,0.0,0.0,1.0
0.101353,0.0637366,-0.397808,-0.0930187,0.378108,-0.415379,0.0,0.0,1.0
0.0972768,-0.0752321,-0.396384,0.112754,0.353375,-0.424708,0.0,0.0,1.0
0.0998705,-0.080683,-0.392317,0.125249,0.350284,-0.427743,0.0,0.0,1.0
0.103964,0.0651696,-0.398562,-0.0934104,0.394948,-0.432531,0.0,0.0,1.0
0.104125,0.0101071,-0.394464,-0.0125385,0.457155,-0.406822,0.0,0.0,1.0
0.0859509,-0.00159375,-0.385871,0.00162604,0.458616,-0.388449,0.0,0.0,1.0
0.0847321,0.0220179,-0.388929,-0.0239312,0.424525,-0.418588,0.0,0.0,1.0
0.0915804,0.0630714,-0.39117,-0.0782688,0.401762,-0.420742,0.0,0.0,1.0
0.086375,-0.00810714,-0.3915,0.00862292,0.442279,-0.448988,0.0,0.0,1.0
0.0791875,0.0217857,-0.385312,-0.0206927,0.45382,-0.450174,0.0,0.0,1.0
0.085067,0.00078125,-0.386469,-0.000746875,0.483157,-0.409157,0.0,0.0,1.0
0.0994643,0.00114286,-0.385571,-0.00143021,0.434786,-0.436932,0.0,0.0,1.0
0.101946,-0.0329018,-0.386473,0.0451427,0.40457,-0.407341,0.0,0.0,1.0
0.105379,-0.042183,-0.394406,0.0615417,0.393244,-0.397869,0.0,0.0,1.0
0.105384,-0.0460893,-0.394866,0.0680135,0.388841,-0.407361,0.0,0.0,1.0
0.109991,-0.0609554,-0.391893,0.0951604,0.383623,-0.426706,0.0,0.0,1.0
0.11342,-0.0607857,-0.39108,0.0932333,0.402556,-0.43016,0.0,0.0,1.0
0.124473,-0.053,-0.382134,0.0892354,0.402504,-0.410192,0.0,0.0,1.0
0.124429,-0.0509018,-0.382098,0.0836167,0.412454,-0.387037,0.0,0.0,1.0
0.116,-0.0489196,-0.392188,0.0758208,0.40744,-0.36796,0.0,0.0,1.0
0.117263,-0.0465491,-0.398933,0.0717688,0.414092,-0.383946,0.0,0.0,1.0
0.113045,-0.0369821,-0.408741,0.0545458,0.417317,-0.4204,0.0,0.0,1.0
0.1095,-0.0244107,-0.412518,0.0332896,0.43721,-0.438877,0.0,0.0,1.0
0.106964,-0.00173214,-0.42025,0.00225833,0.444075,-0.447575,0.0,0.0,1.0
0.104692,-0.000816964,-0.415326,0.00104896,0.438293,-0.440793,0.0,0.0,1.0
0.114888,-5.80357e-05,-0.405728,8.4375e-05,0.42703,-0.431155,0.0,0.0,1.0
0.103973,0.000866071,-0.414232,-0.00116354,0.422645,-0.425395,0.0,0.0,1.0
0.117531,-0.0259062,-0.410888,0.0392938,0.421825,-0.418408,0.0,0.0,1.0
0.111705,-0.00233929,-0.422491,0.00320521,0.444718,-0.447759,0.0,0.0,1.0
0.115357,-0.0193304,-0.427509,0.0274823,0.441695,-0.441632,0.0,0.0,1.0
0.111513,-0.00587946,-0.434433,0.00798021,0.447345,-0.448324,0.0,0.0,1.0
0.114054,-0.0018125,-0.442616,0.00240208,0.468167,-0.399146,0.0,0.0,1.0
0.121946,-0.0601696,-0.43633,0.106432,0.37538,-0.370234,0.0,0.0,1.0
0.106955,0.114107,-0.474063,-0.221794,0.299565,-0.295565,0.0,0.0,1.0
0.126554,-0.0242679,-0.466661,0.0367521,0.454971,-0.300596,0.0,0.0,1.0
0.101647,-0.00269196,-0.500567,0.00374792,0.397396,-0.395438,0.0,0.0,1.0
0.0921518,0.0169554,-0.519214,-0.0186875,0.455206,-0.354435,0.0,0.0,1.0
0.0934911,0.0289018,-0.526143,-0.0368312,0.399444,-0.376069,0.0,0.0,1.0
0.100384,0.01525,-0.523527,-0.0220146,0.378675,-0.361821,0.0,0.0,1.0
0.107688,0.0360536,-0.518152,-0.0531031,0.398003,-0.338982,0.0,0.0,1.0
0.109598,0.000223214,-0.503482,-0.000370833,0.364204,-0.367871,0.0,0.0,1.0
0.120924,-0.0140223,-0.486656,0.0192615,0.479522,-0.238084,0.0,0.0,1.0
0.111089,-0.0730446,-0.495205,0.186839,0.236443,-0.344526,0.0,0.0,1.0
0.108821,-0.0382946,-0.455616,0.070276,0.322818,-0.327089,0.0,0.0,1.0
0.110134,-0.0291518,-0.425,0.0470813,0.371287,-0.282079,0.0,0.0,1.0
0.0992411,-0.0158929,-0.414491,0.0191885,0.447501,-0.199689,0.0,0.0,1.0
0.0648125,0.0367143,-0.40992,-0.0292917,0.442325,-0.223658,0.0,0.0,1.0
0.0558839,0.0623571,-0.418027,-0.0452542,0.419183,-0.234183,0.0,0.0,1.0
0.0560179,0.0603482,-0.42842,-0.0479375,0.383906,-0.27676,0.0,0.0,1.0
0.0558795,0.0646384,-0.43104,-0.0460854,0.42666,-0.232619,0.0,0.0,1.0
0.049567,0.0550938,-0.449067,-0.0443333,0.335365,-0.310073,0.0,0.0,1.0
0.0600937,0.0342991,-0.458915,-0.0347073,0.323393,-0.305601,0.0,0.0,1.0
0.0941607,-0.00170536,-0.453598,0.00299583,0.291371,-0.292579,0.0,0.0,1.0
0.0993482,-0.0477321,-0.470812,0.124501,0.207376,-0.272918,0.0,0.0,1.0
0.0937946,-0.0444464,-0.470277,0.103712,0.218858,-0.281775,0.0,0.0,1.0
0.0920982,-0.0470714,-0.468634,0.107787,0.218975,-0.293475,0.0,0.0,1.0
0.0887411,-0.051375,-0.460187,0.147715,0.168027,-0.310694,0.0,0.0,1.0
0.0767679,-0.0168929,-0.448857,0.030125,0.234417,-0.254917,0.0,0.0,1.0
0.0466205,0.0257723,-0.431362,-0.0219708,0.297742,-0.296221,0.0,0.0,1.0
0.0513661,0.0396964,-0.430313,-0.0371396,0.29891,-0.273306,0.0,0.0,1.0
0.0602857,0.0466786,-0.414268,-0.0380635,0.402522,-0.154543,0.0,0.0,1.0
0.0682232,0.0225536,-0.41083,-0.0250677,0.334193,-0.255255,0.0,0.0,1.0
0.0697679,0.0182054,-0.398116,-0.0185563,0.372806,-0.204994,0.0,0.0,1.0
0.0573616,0.0125045,-0.390978,-0.0131885,0.29623,-0.283793,0.0,0.0,1.0
0.0475089,0.0170357,-0.392062,-0.0153125,0.287854,-0.277625,0.0,0.0,1.0
0.0378393,0.0285357,-0.385589,-0.0209792,0.280229,-0.266667,0.0,0.0,1.0
0.0462054,0.0195,-0.380937,-0.0140417,0.349229,-0.197854,0.0,0.0,1.0
0.0550134,0.00715625,-0.378763,-0.0076875,0.278646,-0.263708,0.0,0.0,1.0
0.0614821,0.0184464,-0.378411,-0.018375,0.336104,-0.217771,0.0,0.0,1.0
0.0501518,0.00464286,-0.37683,-0.0045625,0.278521,-0.286583,0.0,0.0,1.0
0.0503125,0.0231607,-0.381723,-0.0232917,0.272417,-0.267708,0.0,0.0,1.0
0.0357768,0.01225,-0.377009,-0.00861458,0.277031,-0.254135,0.0,0.0,1.0
0.0466607,0.0312946,-0.384723,-0.0319063,0.249198,-0.25149,0.0,0.0,1.0
0.0567857,0.0191518,-0.387295,-0.0227083,0.260667,-0.24075,0.0,0.0,1.0
0.0578527,0.0253259,-0.38446,-0.0294062,0.271219,-0.233052,0.0,0.0,1.0
0.0567813,0.0296384,-0.385344,-0.033,0.277667,-0.209583,0.0,0.0,1.0
0.0517634,0.0132991,-0.399647,-0.0158854,0.235948,-0.26851,0.0,0.0,1.0
0.041192,0.00903125,-0.405951,-0.00883333,0.229021,-0.241396,0.0,0.0,1.0
0.0290402,0.0115402,-0.414219,-0.00815625,0.223615,-0.231448,0.0,0.0,1.0
0.0445893,-0.00215179,-0.422205,0.00234375,0.223427,-0.225927,0.0,0.0,1.0
0.0418304,0.0291964,-0.437223,-0.02675,0.248458,-0.228917,0.0,0.0,1.0
0.0445357,0.0215893,-0.445446,-0.023875,0.219208,-0.267167,0.0,0.0,1.0
0.0378125,-0.006875,-0.44867,0.00522917,0.270708,-0.201979,0.0,0.0,1.0
0.0317098,0.00315625,-0.451853,-0.00286458,0.19026,-0.288094,0.0,0.0,1.0
0.0303304,0.00390179,-0.453375,-0.00277083,0.232479,-0.235417,0.0,0.0,1.0
0.0273795,0.0124063,-0.448094,-0.0083125,0.222417,-0.233396,0.0,0.0,1.0
0.0373839,0.00247321,-0.451286,-0.00217708,0.231406,-0.233656,0.0,0.0,1.0
0.0420446,0.0266964,-0.449259,-0.0277917,0.219854,-0.216521,0.0,0.0,1.0
0.0443036,0.0213304,-0.452973,-0.0231354,0.222448,-0.208156,0.0,0.0,1.0
0.03475,0.00275,-0.459161,-0.0025,0.208542,-0.218458,0.0,0.0,1.0
0.032375,0.00461607,-0.462813,-0.00404167,0.200667,-0.224208,0.0,0.0,1.0
0.0232054,0.00900893,-0.459393,-0.0055625,0.204271,-0.212458,0.0,0.0,1.0
0.0204107,0.00853571,-0.458286,-0.00486458,0.194948,-0.200448,0.0,0.0,1.0
0.0253571,0.00834821,-0.458688,-0.00567708,0.203198,-0.20149,0.0,0.0,1.0
0.0278929,0.009875,-0.462232,-0.0085,0.176188,-0.219979,0.0,0.0,1.0
0.0257232,-0.00116964,-0.459071,0.00084375,0.191281,-0.206948,0.0,0.0,1.0
0.026192,0.0102277,-0.460397,-0.00970833,0.150292,-0.238542,0.0,0.0,1.0
0.0220179,-0.00157143,-0.450304,0.00104167,0.179813,-0.199146,0.0,0.0,1.0
0.019317,0.00502232,-0.44596,-0.00297917,0.177208,-0.194063,0.0,0.0,1.0
0.0203259,0.0171563,-0.439406,-0.0121667,0.156062,-0.188146,0.0,0.0,1.0
0.0239286,0.00115179,-0.437884,-0.00090625,0.164948,-0.183531,0.0,0.0,1.0
0.0336607,-0.00672321,-0.436295,0.00929167,0.132646,-0.203562,0.0,0.0,1.0
0.0281295,0.000200893,-0.426487,-0.000197917,0.153531,-0.184948,0.0,0.0,1.0
0.0275714,0.00558036,-0.428241,-0.00614583,0.1365,-0.201021,0.0,0.0,1.0
0.0255134,0.0110848,-0.428424,-0.0115312,0.13351,-0.193073,0.0,0.0,1.0
0.0241473,0.00414732,-0.426879,-0.00377083,0.144417,-0.170896,0.0,0.0,1.0
0.0194911,-0.000133929,-0.430143,9.375e-05,0.153323,-0.166365,0.0,0.0,1.0
0.0185982,0.00658036,-0.426607,-0.00448958,0.14851,-0.161427,0.0,0.0,1.0
0.0191786,8.03571e-05,-0.428116,-6.25e-05,0.125188,-0.1915,0.0,0.0,1.0
0.0178393,-0.00541071,-0.431589,0.0036875,0.142417,-0.164771,0.0,0.0,1.0
0.0174018,-0.00336607,-0.432161,0.00217708,0.14674,-0.155302,0.0,0.0,1.0
0.0160446,-0.00303571,-0.434759,0.00179167,0.148062,-0.150896,0.0,0.0,1.0
0.0166875,0.0105446,-0.43775,-0.00677083,0.141479,-0.148,0.0,0.0,1.0
0.0221339,-0.0139643,-0.439134,0.0167083,0.100646,-0.175896,0.0,0.0,1.0
0.0168795,0.00302232,-0.441379,-0.00208333,0.133417,-0.155083,0.0,0.0,1.0
0.0195268,0.000321429,-0.444402,-0.00025,0.134083,-0.163333,0.0,0.0,1.0
0.016183,0.000495536,-0.446299,-0.000354167,0.125083,-0.164521,0.0,0.0,1.0
0.0179777,-0.00934375,-0.452737,0.00735417,0.124417,-0.160021,0.0,0.0,1.0
0.0166161,-0.00725,-0.454598,0.00539583,0.121604,-0.161625,0.0,0.0,1.0
0.0129018,0.00158036,-0.45375,-0.000885417,0.125844,-0.165448,0.0,0.0,1.0
0.0187857,-0.00790179,-0.449848,0.00673958,0.11976,-0.160677,0.0,0.0,1.0
0.0161384,0.000397321,-0.453835,-0.000291667,0.119729,-0.168354,0.0,0.0,1.0
0.0123036,0.00408929,-0.455536,-0.0024375,0.112625,-0.167979,0.0,0.0,1.0
0.0143214,-0.00115179,-0.457188,0.00078125,0.115323,-0.169135,0.0,0.0,1.0
0.0132188,0.000352679,-0.451022,-0.000229167,0.1105,-0.177687,0.0,0.0,1.0
0.0164554,0.0118661,-0.448482,-0.0106042,0.100271,-0.184417,0.0,0.0,1.0
0.0148393,-0.00216964,-0.448777,0.00164583,0.106083,-0.188688,0.0,0.0,1.0
0.0158839,-0.000169643,-0.451607,0.000145833,0.106083,-0.183812,0.0,0.0,1.0
0.0166473,-0.000299107,-0.448772,0.000291667,0.093375,-0.187625,0.0,0.0,1.0
0.0128616,-0.00522768,-0.450192,0.00389583,0.0938125,-0.186083,0.0,0.0,1.0
0.0150982,-0.00285714,-0.45042,0.00252083,0.0932708,-0.182208,0.0,0.0,1.0
0.0152634,-0.00271875,-0.452103,0.002625,0.0864792,-0.188604,0.0,0.0,1.0
0.0144777,0.00281696,-0.454469,-0.00241667,0.0921042,-0.190271,0.0,0.0,1.0
0.0151071,0.00548214,-0.454089,-0.0048125,0.0938125,-0.197083,0.0,0.0,1.0
0.0167723,0.010433,-0.453067,-0.011625,0.0819583,-0.203,0.0,0.0,1.0
0.015808,0.0144866,-0.448996,-0.0153437,0.0812813,-0.208635,0.0,0.0,1.0
0.015067,0.013817,-0.45079,-0.0213333,0.053125,-0.234792,0.0,0.0,1.0
0.0158036,0.0151875,-0.443402,-0.0168542,0.0775417,-0.213271,0.0,0.0,1.0
0.0187723,0.0178973,-0.44879,-0.0281563,0.0649687,-0.219219,0.0,0.0,1.0
0.014567,0.00336161,-0.452254,-0.00409375,0.0652812,-0.229177,0.0,0.0,1.0
0.0137143,0.0114732,-0.450777,-0.014875,0.057625,-0.233917,0.0,0.0,1.0
0.0156607,0.0156071,-0.454339,-0.0235,0.0566458,-0.228021,0.0,0.0,1.0
0.0149688,0.0154152,-0.453799,-0.0261979,0.0479479,-0.230302,0.0,0.0,1.0
0.0151116,0.00688839,-0.463504,-0.00870833,0.0650833,-0.229083,0.0,0.0,1.0
0.0134732,0.010375,-0.460027,-0.0114375,0.0665833,-0.232021,0.0,0.0,1.0
0.0113036,0.009,-0.460696,-0.00929167,0.0595,-0.231875,0.0,0.0,1.0
0.012625,0.0020625,-0.465848,-0.00210417,0.0673542,-0.2365,0.0,0.0,1.0
0.0126071,0.0065625,-0.468116,-0.00735417,0.0612708,-0.227458,0.0,0.0,1.0
0.0134286,0.0122589,-0.470741,-0.0129062,0.0694688,-0.22799,0.0,0.0,1.0
0.012625,0.0116339,-0.474241,-0.0118542,0.0674792,-0.236125,0.0,0.0,1.0
0.0119732,0.0147589,-0.479964,-0.0140729,0.0684271,-0.236094,0.0,0.0,1.0
0.0101786,0.0113393,-0.480982,-0.00791667,0.079375,-0.233542,0.0,0.0,1.0
0.011308,0.00965625,-0.481906,-0.00791667,0.075125,-0.241208,0.0,0.0,1.0
0.0119464,0.0115,-0.483536,-0.0096875,0.0771667,-0.241896,0.0,0.0,1.0
0.0118929,0.0153125,-0.487955,-0.0150313,0.0659688,-0.244594,0.0,0.0,1.0
0.0121339,0.009625,-0.49283,-0.00833333,0.0763542,-0.236896,0.0,0.0,1.0
0.0113036,0.0138393,-0.498375,-0.0140729,0.0605521,-0.243406,0.0,0.0,1.0
0.0118036,0.0013125,-0.499277,-0.0010625,0.0790208,-0.239833,0.0,0.0,1.0
0.00915179,0.00792857,-0.50417,-0.00546875,0.0722604,-0.235865,0.0,0.0,1.0
0.00950446,0.00417411,-0.506076,-0.00289583,0.0746458,-0.234375,0.0,0.0,1.0
0.0100179,0.00696429,-0.509714,-0.004875,0.0780417,-0.234167,0.0,0.0,1.0
0.0144286,0.00124107,-0.508134,-0.00125,0.0780625,-0.235479,0.0,0.0,1.0
0.0113482,0.00408036,-0.516143,-0.0031875,0.0789792,-0.23425,0.0,0.0,1.0
0.015125,0.0113125,-0.522991,-0.0128333,0.0726042,-0.232396,0.0,0.0,1.0
0.0098125,0.003375,-0.523598,-0.00234375,0.0769479,-0.235948,0.0,0.0,1.0
0.0126339,0.0164018,-0.524536,-0.0170729,0.0661146,-0.228594,0.0,0.0,1.0
0.013058,0.0171295,-0.527531,-0.0193958,0.0628125,-0.230708,0.0,0.0,1.0
0.0115982,0.0178125,-0.529464,-0.0169063,0.0665729,-0.23101,0.0,0.0,1.0
0.0129687,0.0134955,-0.535469,-0.012375,0.0769792,-0.237271,0.0,0.0,1.0
0.0117321,0.0141964,-0.537607,-0.0126563,0.0716354,-0.234906,0.0,0.0,1.0
0.0119554,0.0149643,-0.542545,-0.0177604,0.0548646,-0.244969,0.0,0.0,1.0
0.0131964,0.00761607,-0.548705,-0.0090625,0.0604583,-0.245979,0.0,0.0,1.0
0.0125,-1.11022e-16,-0.551786,0.0,0.0583333,-0.245833,0.0,0.0,1.0
0.0112321,-0.00135714,-0.553804,0.001375,0.0604375,-0.243396,0.0,0.0,1.0
0.0101786,0.00169643,-0.558964,-0.00139583,0.0671667,-0.239812,0.0,0.0,1.0
0.00835714,0.00166964,-0.564741,-0.00122917,0.0615625,-0.243042,0.0,0.0,1.0
0.0146116,0.00595982,-0.563326,-0.00619792,0.0764479,-0.233552,0.0,0.0,1.0
0.0153214,-0.000616071,-0.564616,0.000729167,0.0705,-0.233646,0.0,0.0,1.0
0.0117232,0.000419643,-0.574321,-0.000385417,0.0679271,-0.232677,0.0,0.0,1.0
0.0124687,0.00296875,-0.574683,-0.00290625,0.0693021,-0.232156,0.0,0.0,1.0
0.0133661,-6.25e-05,-0.582804,6.25e-05,0.0711458,-0.227958,0.0,0.0,1.0
0.0135625,0.0174911,-0.586946,-0.0284792,0.0453542,-0.234917,0.0,0.0,1.0
0.0133884,-0.000272321,-0.589879,0.000270833,0.072125,-0.238063,0.0,0.0,1.0
0.0151741,0.00101339,-0.593763,-0.00113542,0.0736354,-0.236865,0.0,0.0,1.0
0.0135402,0.00146875,-0.596674,-0.00157292,0.0684687,-0.236323,0.0,0.0,1.0
0.0117902,0.00423661,-0.60121,-0.00372917,0.0730208,-0.235083,0.0,0.0,1.0
0.0108482,0.00786607,-0.606893,-0.0065625,0.0707917,-0.242354,0.0,0.0,1.0
0.0100402,-0.00108482,-0.613085,0.000916667,0.0645208,-0.236687,0.0,0.0,1.0
0.0107143,-1.11022e-16,-0.614286,0.0,0.0583333,-0.241667,0.0,0.0,1.0
0.0110714,0.00475,-0.618929,-0.004125,0.0693125,-0.233354,0.0,0.0,1.0
0.0133348,0.00187946,-0.620442,-0.002,0.0679375,-0.240271,0.0,0.0,1.0
0.0170045,0.00101339,-0.624942,-0.00141667,0.0662708,-0.238104,0.0,0.0,1.0
0.00891964,-0.00295536,-0.630464,0.0024375,0.0590625,-0.240083,0.0,0.0,1.0
0.008875,-0.00200893,-0.634009,0.00153125,0.0636562,-0.233698,0.0,0.0,1.0
0.0105357,-0.00108036,-0.636259,0.0010625,0.0585417,-0.238021,0.0,0.0,1.0
0.0102411,0.00371429,-0.639473,-0.00320833,0.0644375,-0.240229,0.0,0.0,1.0
0.0109196,-0.000776786,-0.643268,0.000645833,0.0714792,-0.235208,0.0,0.0,1.0
-0.0115536,0.00158929,-0.647071,0.00158333,0.0633958,-0.240938,0.0,0.0,1.0
0.0112321,-0.000892857,-0.648839,0.000833333,0.0647083,-0.241542,0.0,0.0,1.0
0.0115625,-0.00204464,-0.652375,0.00197917,0.0653125,-0.229792,0.0,0.0,1.0
0.00904911,-0.00177232,-0.656174,0.00141667,0.0615833,-0.230875,0.0,0.0,1.0
0.0112187,-0.00692411,-0.660415,0.00604167,0.07,-0.232208,0.0,0.0,1.0
-0.00844643,-0.00158929,-0.662607,-0.00127083,0.0573333,-0.234187,0.0,0.0,1.0
0.0107143,-5.55112e-17,-0.667857,0.0,0.0625,-0.233333,0.0,0.0,1.0
0.0116071,-5.55112e-17,-0.66875,0.0,0.0666667,-0.2375,0.0,0.0,1.0
0.0116562,-0.000861607,-0.671415,0.000875,0.0623333,-0.236417,0.0,0.0,1.0
0.0103884,-0.000227679,-0.672665,0.0001875,0.0669792,-0.248667,0.0,0.0,1.0
0.0143393,0.001625,-0.670982,-0.00166667,0.0758542,-0.241313,0.0,0.0,1.0
0.0129732,0.00254464,-0.677196,-0.00258333,0.0695625,-0.240146,0.0,0.0,1.0
0.0133661,0.00963393,-0.678446,-0.011875,0.059,-0.230958,0.0,0.0,1.0
0.0138705,0.00888839,-0.679924,-0.0106771,0.0628854,-0.232365,0.0,0.0,1.0
0.00975,0.00492857,-0.681321,-0.00403125,0.0649271,-0.232385,0.0,0.0,1.0
0.0116071,0.00916964,-0.683652,-0.0101771,0.0570104,-0.240531,0.0,0.0,1.0
0.00879911,-0.00137946,-0.686165,0.00103125,0.0642188,-0.24901,0.0,0.0,1.0
0.0105982,-0.00227679,-0.686804,0.00192708,0.0680729,-0.237281,0.0,0.0,1.0
0.00877232,-0.000308036,-0.685549,0.000208333,0.0720417,-0.238375,0.0,0.0,1.0
0.0123839,2.67857e-05,-0.689071,-2.08333e-05,0.06875,-0.235396,0.0,0.0,1.0
0.00892857,-5.55112e-17,-0.691071,0.0,0.06875,-0.235417,0.0,0.0,1.0
0.00982143,-1.11022e-16,-0.690179,0.0,0.0625,-0.2375,0.0,0.0,1.0
0.0116741,-0.00253125,-0.691763,0.00247917,0.065,-0.230062,0.0,0.0,1.0
0.009,-0.00632143,-0.694839,0.00477083,0.0649792,-0.228583,0.0,0.0,1.0
0.0118393,-0.00527679,-0.69558,0.00560417,0.0606875,-0.223458,0.0,0.0,1.0
0.0109464,-0.00540179,-0.695116,0.00497917,0.0644375,-0.223833,0.0,0.0,1.0
0.00995536,-0.00355357,-0.695884,0.00302083,0.0637708,-0.232708,0.0,0.0,1.0
0.00940179,-0.0035625,-0.697893,0.00292708,0.0623021,-0.23526,0.0,0.0,1.0
0.0101607,-0.00497321,-0.69758,0.00445833,0.0616042,-0.232937,0.0,0.0,1.0
0.0112366,-0.00380804,-0.697254,0.00357292,0.0651771,-0.230281,0.0,0.0,1.0
0.010683,-0.00776339,-0.696219,0.007375,0.0611458,-0.228729,0.0,0.0,1.0
0.0129464,-0.0091875,-0.696009,0.00953125,0.0679063,-0.226344,0.0,0.0,1.0
0.0124196,-0.00602679,-0.695232,0.00630208,0.0646979,-0.231635,0.0,0.0,1.0
0.00953571,-0.00575,-0.696339,0.00527083,0.0566042,-0.230292,0.0,0.0,1.0
0.00734821,-0.000928571,-0.695241,0.000541667,0.0684167,-0.234542,0.0,0.0,1.0
0.00791964,-0.00132143,-0.695938,0.0009375,0.0606042,-0.231375,0.0,0.0,1.0
0.0120714,-3.57143e-05,-0.691304,2.08333e-05,0.0643125,-0.23375,0.0,0.0,1.0
0.00988839,-0.00249554,-0.693388,0.00190625,0.0704479,-0.227656,0.0,0.0,1.0
0.0127857,-0.00386607,-0.692045,0.00407292,0.0661979,-0.232698,0.0,0.0,1.0
0.00924107,-0.00113393,-0.691732,0.000770833,0.0729167,-0.234854,0.0,0.0,1.0
0.0108705,0.000486607,-0.690853,-0.000427083,0.0684896,-0.224906,0.0,0.0,1.0
0.00914732,-0.000691964,-0.692728,0.000479167,0.0721875,-0.229708,0.0,0.0,1.0
0.0109732,-0.00538393,-0.692589,0.00502083,0.0638958,-0.235583,0.0,0.0,1.0
0.00984821,-0.00195536,-0.692696,0.00154167,0.0678125,-0.234771,0.0,0.0,1.0
0.00841964,-0.00195536,-0.692911,0.0011875,0.0761875,-0.236042,0.0,0.0,1.0
0.00882143,0.000133929,-0.692795,-8.33333e-05,0.0728333,-0.231375,0.0,0.0,1.0
0.00754018,-0.000584821,-0.693013,0.00034375,0.0704479,-0.234135,0.0,0.0,1.0
0.0117991,-0.00120089,-0.688906,0.00104167,0.0745833,-0.226958,0.0,0.0,1.0
0.0119598,-0.00654911,-0.692442,0.00691667,0.0615625,-0.234646,0.0,0.0,1.0
0.00874107,-0.0030625,-0.693571,0.0020625,0.0707917,-0.230312,0.0,0.0,1.0
0.0120536,-0.00794643,-0.692589,0.007875,0.0662292,-0.228396,0.0,0.0,1.0
0.00884821,-0.00194643,-0.69358,0.0013125,0.071,-0.224812,0.0,0.0,1.0
0.0103973,-0.00406696,-0.693683,0.00339583,0.0679375,-0.22725,0.0,0.0,1.0
0.00947321,-0.00330357,-0.693402,0.00244792,0.0697187,-0.227115,0.0,0.0,1.0
0.00896429,-0.00271429,-0.692696,0.00210417,0.0629167,-0.231521,0.0,0.0,1.0
0.0119286,-7.14286e-05,-0.689625,7.29167e-05,0.0611979,-0.233823,0.0,0.0,1.0
0.00911607,-0.00321429,-0.693937,0.00270833,0.05925,-0.235292,0.0,0.0,1.0
0.0113616,-0.00254911,-0.691049,0.00246875,0.0640104,-0.236906,0.0,0.0,1.0
0.01075,-0.00525893,-0.692741,0.00451042,0.0681979,-0.225698,0.0,0.0,1.0
0.0116652,-0.00470982,-0.689826,0.00436458,0.0686563,-0.229115,0.0,0.0,1.0
0.0112679,-0.00599107,-0.690384,0.00570833,0.0642708,-0.228188,0.0,0.0,1.0
0.0140089,-0.0109554,-0.690179,0.0130625,0.0639375,-0.220833,0.0,0.0,1.0
0.0121741,-0.00932589,-0.690531,0.0121667,0.0507917,-0.224458,0.0,0.0,1.0
0.0111429,-0.00924107,-0.69092,0.00925,0.0605,-0.223208,0.0,0.0,1.0
0.0118839,-0.00809821,-0.690536,0.00769792,0.0680104,-0.22199,0.0,0.0,1.0
0.0107946,-0.0129643,-0.688366,0.0115417,0.066,-0.218125,0.0,0.0,1.0
0.00840179,-0.0125446,-0.687179,0.0100625,0.0569792,-0.220708,0.0,0.0,1.0
0.00842857,-0.0119018,-0.687437,0.009875,0.0552708,-0.220188,0.0,0.0,1.0
0.00833929,-0.0053125,-0.684116,0.00416667,0.0579583,-0.222375,0.0,0.0,1.0
0.00840179,-0.0130714,-0.679884,0.0117708,0.0508542,-0.222667,0.0,0.0,1.0
0.00961607,-0.00459821,-0.678411,0.00445833,0.0539167,-0.222625,0.0,0.0,1.0
0.00978571,-0.0103125,-0.675723,0.00914583,0.0600208,-0.218,0.0,0.0,1.0
0.00920536,-0.00308929,-0.671241,0.00308333,0.0500208,-0.227104,0.0,0.0,1.0
0.0100089,-0.00389286,-0.671027,0.00357292,0.0594687,-0.229677,0.0,0.0,1.0
0.0102054,-0.0130893,-0.666705,0.0143021,0.0508646,-0.227885,0.0,0.0,1.0
0.009375,-0.0174107,-0.664286,0.021875,0.040625,-0.227083,0.0,0.0,1.0
0.00954018,-0.0169777,-0.663674,0.0204167,0.0432083,-0.23375,0.0,0.0,1.0
0.0108839,-0.0170179,-0.660402,0.0217708,0.0463333,-0.232104,0.0,0.0,1.0
0.0127679,-0.0100625,-0.656634,0.0108333,0.0645625,-0.231396,0.0,0.0,1.0
0.0117589,-0.00223214,-0.655223,0.0023125,0.0614583,-0.230146,0.0,0.0,1.0
0.0118661,-0.008625,-0.651384,0.00977083,0.057,-0.230438,0.0,0.0,1.0
0.0111339,-0.0102054,-0.647875,0.0106979,0.0578437,-0.228115,0.0,0.0,1.0
0.00962946,-0.00326339,-0.644415,0.00258333,0.0660417,-0.22975,0.0,0.0,1.0
0.0106429,-0.00532143,-0.640214,0.00495833,0.0621042,-0.222521,0.0,0.0,1.0
0.0104464,-0.00910714,-0.635804,0.008125,0.06375,-0.226458,0.0,0.0,1.0
0.00966071,-0.00271429,-0.631679,0.002625,0.0544583,-0.239042,0.0,0.0,1.0
0.0107411,-0.00392857,-0.626884,0.00421875,0.0545104,-0.231156,0.0,0.0,1.0
0.01075,-0.00732143,-0.623339,0.00852083,0.0503333,-0.237937,0.0,0.0,1.0
0.00916071,-0.00558929,-0.620429,0.00445833,0.0625208,-0.231354,0.0,0.0,1.0
0.0101964,-0.00691964,-0.619616,0.00628125,0.0611771,-0.239573,0.0,0.0,1.0
0.00996875,-0.00238839,-0.615799,0.00210417,0.0616458,-0.241333,0.0,0.0,1.0
0.01025,-0.0023125,-0.612741,0.00208333,0.062,-0.240542,0.0,0.0,1.0
0.0119018,-0.00555357,-0.608545,0.00620833,0.0579375,-0.234104,0.0,0.0,1.0
0.0129286,-0.00451786,-0.603143,0.00476042,0.0667604,-0.241073,0.0,0.0,1.0
0.0133348,-0.00642411,-0.596933,0.00740625,0.0629688,-0.241177,0.0,0.0,1.0
0.0108348,0.000111607,-0.592969,-0.000104167,0.0690625,-0.235333,0.0,0.0,1.0
0.00969196,-3.125e-05,-0.590049,2.08333e-05,0.0729375,-0.235417,0.0,0.0,1.0
0.0105759,-0.00853125,-0.584478,0.00672917,0.0729792,-0.231417,0.0,0.0,1.0
0.0128661,-0.00219643,-0.580955,0.00203125,0.0755313,-0.230198,0.0,0.0,1.0
0.0146563,-0.000191964,-0.579915,0.00021875,0.0724688,-0.234052,0.0,0.0,1.0
0.0126607,-0.00735714,-0.569304,0.00748958,0.0676979,-0.232365,0.0,0.0,1.0
0.0100893,-0.00930357,-0.567929,0.00765625,0.0667187,-0.230115,0.0,0.0,1.0
0.00970536,-0.00866071,-0.563973,0.0063125,0.0724167,-0.227104,0.0,0.0,1.0
0.00866518,-0.00796875,-0.559987,0.00533333,0.0705,-0.231333,0.0,0.0,1.0
0.00940179,-0.00622321,-0.554036,0.00460417,0.0691042,-0.231375,0.0,0.0,1.0
0.0116429,-0.0103482,-0.550616,0.0101875,0.064375,-0.230229,0.0,0.0,1.0
0.00911161,0.00245089,-0.54429,-0.00183333,0.0663958,-0.226938,0.0,0.0,1.0
0.00850446,-0.00281696,-0.53646,0.0020625,0.0632292,-0.230125,0.0,0.0,1.0
0.0122768,-0.00851786,-0.531812,0.00841667,0.0675625,-0.227604,0.0,0.0,1.0
0.0117455,-0.00859375,-0.525004,0.0085625,0.0641667,-0.233729,0.0,0.0,1.0
0.0120134,-0.00149554,-0.527871,0.00152083,0.0643542,-0.24575,0.0,0.0,1.0
0.0116875,-0.00269643,-0.518045,0.00269792,0.0635521,-0.242385,0.0,0.0,1.0
0.00985714,-0.00138393,-0.512491,0.00108333,0.0684792,-0.243604,0.0,0.0,1.0
0.0123125,-0.00800893,-0.505393,0.00795833,0.0674792,-0.237896,0.0,0.0,1.0
0.0103304,-0.00397321,-0.505018,0.00302083,0.0741042,-0.235583,0.0,0.0,1.0
0.00976339,-0.00570982,-0.500103,0.0039375,0.0771667,-0.233479,0.0,0.0,1.0
0.0149464,-0.000982143,-0.4955,0.00104167,0.077625,-0.233,0.0,0.0,1.0
0.0137277,-0.00707589,-0.48654,0.00667708,0.0792812,-0.233656,0.0,0.0,1.0
0.0164286,0.00258036,-0.484313,-0.003375,0.068375,-0.236417,0.0,0.0,1.0
0.0131607,-0.0116696,-0.473509,0.0146979,0.0568646,-0.233656,0.0,0.0,1.0
0.0116518,-0.0100982,-0.466554,0.00970833,0.066,-0.234333,0.0,0.0,1.0
0.00949554,-0.00987946,-0.463808,0.00714583,0.0714583,-0.227604,0.0,0.0,1.0
0.01125,-0.00350893,-0.457563,0.00276042,0.0777604,-0.234427,0.0,0.0,1.0
0.00937946,-0.00723661,-0.453138,0.00547917,0.0676042,-0.234167,0.0,0.0,1.0
0.0114777,-0.00210268,-0.44729,0.00196875,0.0668021,-0.238865,0.0,0.0,1.0
0.0117679,-0.00511607,-0.438795,0.00485417,0.067625,-0.234979,0.0,0.0,1.0
0.0117009,-2.23214e-05,-0.436522,3.125e-05,0.0612812,-0.240135,0.0,0.0,1.0
0.0109375,-0.00251786,-0.427063,0.002125,0.0705208,-0.229729,0.0,0.0,1.0
0.0116205,-0.00179911,-0.422897,0.00160417,0.0714375,-0.225083,0.0,0.0,1.0
0.0090625,-0.00409821,-0.414875,0.00282292,0.0717812,-0.224073,0.0,0.0,1.0
0.0112411,-0.00839286,-0.407813,0.0070625,0.0726875,-0.222458,0.0,0.0,1.0
0.0145804,0.000151786,-0.405768,-0.00021875,0.0554063,-0.244552,0.0,0.0,1.0
0.0133571,-0.00223214,-0.397196,0.00283333,0.0572917,-0.238625,0.0,0.0,1.0
0.0107902,0.0101205,-0.388397,-0.00889583,0.0669167,-0.225729,0.0,0.0,1.0
0.011125,0.00451786,-0.387857,-0.00370833,0.0737917,-0.224583,0.0,0.0,1.0
0.0113705,0.00333482,-0.385281,-0.00294792,0.0699688,-0.23251,0.0,0.0,1.0
0.0123973,-0.000272321,-0.378478,0.00025,0.0722917,-0.232792,0.0,0.0,1.0
0.00954018,-4.91071e-05,-0.373424,3.125e-05,0.0730937,-0.235198,0.0,0.0,1.0
0.0124375,0.00127679,-0.369179,-0.00127083,0.0687083,-0.227396,0.0,0.0,1.0
0.0141964,-0.00233036,-0.364062,0.00316667,0.0569583,-0.230792,0.0,0.0,1.0
0.0150402,-0.00267411,-0.36004,0.00428125,0.0511979,-0.227406,0.0,0.0,1.0
0.0152545,-0.00791518,-0.354674,0.011125,0.0590833,-0.227625,0.0,0.0,1.0
0.0143973,-0.000772321,-0.349415,0.00104167,0.0584167,-0.242042,0.0,0.0,1.0
0.0129509,0.00621875,-0.344272,-0.00671875,0.0653021,-0.232594,0.0,0.0,1.0
0.011808,0.00441518,-0.34554,-0.00425,0.067,-0.228208,0.0,0.0,1.0
0.00835268,0.00021875,-0.339915,-0.00015625,0.0659688,-0.232281,0.0,0.0,1.0
0.0126518,0.001625,-0.335277,-0.00191667,0.0586042,-0.234563,0.0,0.0,1.0
0.0136607,-0.00103571,-0.331589,0.00141667,0.054625,-0.232833,0.0,0.0,1.0
0.0123571,0.0184643,-0.326036,-0.0318958,0.0389583,-0.220396,0.0,0.0,1.0
0.00991964,0.00733036,-0.325339,-0.00671875,0.0588854,-0.222281,0.0,0.0,1.0
0.0075,0.00564286,-0.326304,-0.00365625,0.0630521,-0.226281,0.0,0.0,1.0
0.00882589,0.00509375,-0.326246,-0.00383333,0.0640417,-0.228125,0.0,0.0,1.0
0.0102455,0.0106027,-0.324406,-0.00982292,0.0602396,-0.229948,0.0,0.0,1.0
0.0104911,0.011375,-0.322134,-0.011125,0.0583958,-0.230312,0.0,0.0,1.0
0.0105714,0.0119732,-0.323955,-0.0123333,0.0558333,-0.23125,0.0,0.0,1.0
0.011625,0.0112946,-0.320795,-0.0121979,0.0585521,-0.229823,0.0,0.0,1.0
0.0104241,0.000566964,-0.323237,-0.00046875,0.0675521,-0.226844,0.0,0.0,1.0
0.0128884,0.00740625,-0.320817,-0.00802083,0.0648333,-0.233146,0.0,0.0,1.0
0.00991964,0.00100893,-0.323714,-0.000822917,0.0665312,-0.230198,0.0,0.0,1.0
0.00931696,-0.000477679,-0.323067,0.000364583,0.0661771,-0.229719,0.0,0.0,1.0
0.00896429,0.00144643,-0.325929,-0.000927083,0.0757188,-0.23599,0.0,0.0,1.0
