0.086266,-0.000817308,-0.16859,0.00115057,0.192685,-0.0272017,0.0,0.0,1.0
0.0882372,-0.01375,-0.191378,0.0192898,0.197784,-0.0172443,0.0,0.0,1.0
0.0936378,-0.00557692,-0.198381,0.00809659,0.202983,-0.0238068,0.0,0.0,1.0
0.0905849,-0.00515224,-0.204495,0.00707386,0.207045,-0.0259375,0.0,0.0,1.0
0.0913782,-0.00567308,-0.209615,0.00846591,0.192585,-0.0428693,0.0,0.0,1.0
0.091875,-0.00735577,-0.212756,0.0111506,0.190128,-0.0603267,0.0,0.0,1.0
0.0904006,-0.00844551,-0.216378,0.0124432,0.192955,-0.0800568,0.0,0.0,1.0
0.0887901,-0.00994391,-0.218582,0.0151705,0.182898,-0.0913636,0.0,0.0,1.0
0.0872035,-0.0154567,-0.225617,0.022983,0.184318,-0.116506,0.0,0.0,1.0
0.0880929,-0.0124519,-0.230224,0.0180682,0.190852,-0.146761,0.0,0.0,1.0
0.0870593,-0.00864583,-0.240553,0.0123438,0.191719,-0.175781,0.0,0.0,1.0
0.0885737,-0.0113782,-0.250433,0.0159659,0.198523,-0.199034,0.0,0.0,1.0
0.088109,-0.0145833,-0.258013,0.0205455,0.19654,-0.21708,0.0,0.0,1.0
0.0949439,-0.00140224,-0.267188,0.00215625,0.194912,-0.237412,0.0,0.0,1.0
0.0872276,-0.00945513,-0.272067,0.0129801,0.199696,-0.251486,0.0,0.0,1.0
0.0914423,-0.00947115,-0.273574,0.0132983,0.204787,-0.262628,0.0,0.0,1.0
0.0949199,-0.00737179,-0.272516,0.0105071,0.209263,-0.264661,0.0,0.0,1.0
0.0926042,-0.0237099,-0.278037,0.0363267,0.189935,-0.270645,0.0,0.0,1.0
0.0934295,-0.0261699,-0.276298,0.0417017,0.184145,-0.281815,0.0,0.0,1.0
0.0910897,-0.0333173,-0.279119,0.0544645,0.175146,-0.285743,0.0,0.0,1.0
0.095,-0.00564103,-0.285801,0.00867188,0.19401,-0.302163,0.0,0.0,1.0
0.0916827,-0.0319872,-0.276458,0.0532415,0.173156,-0.304065,0.0,0.0,1.0
0.0967628,-0.0137019,-0.27601,0.0233736,0.178453,-0.293084,0.0,0.0,1.0
0.0935897,-0.0357051,-0.275801,0.0647955,0.16204,-0.274966,0.0,0.0,1.0
0.0963782,-0.0269071,-0.27383,0.0479588,0.169862,-0.266794,0.0,0.0,1.0
0.0984295,-0.0186058,-0.274087,0.0344347,0.167134,-0.238781,0.0,0.0,1.0
0.101106,-0.0164744,-0.268638,0.0295966,0.176841,-0.228261,0.0,0.0,1.0
0.0957692,-0.00649038,-0.265913,0.0108523,0.179773,-0.200625,0.0,0.0,1.0
0.0899038,0.0018109,-0.259054,-0.00261364,0.195426,-0.182358,0.0,0.0,1.0
0.0947115,-0.0171955,-0.256747,0.0296165,0.172798,-0.190043,0.0,0.0,1.0
0.0946715,-0.0140465,-0.249383,0.0249148,0.167784,-0.210028,0.0,0.0,1.0
0.0963782,-0.00528846,-0.242756,0.00892045,0.179318,-0.226307,0.0,0.0,1.0
0.0939022,-0.0299439,-0.248662,0.0526676,0.167753,-0.24031,0.0,0.0,1.0
0.0924119,0.00731571,-0.232123,-0.0106548,0.199433,-0.273212,0.0,0.0,1.0
0.0930449,-0.0126442,-0.231907,0.0186349,0.19853,-0.297678,0.0,0.0,1.0
0.0939343,0.000104167,-0.228534,-0.000140625,0.209709,-0.333487,0.0,0.0,1.0
0.0914022,-0.00114583,-0.224527,0.00157102,0.208497,-0.354321,0.0,0.0,1.0
0.0951042,-0.0230849,-0.217284,0.033402,0.20657,-0.357933,0.0,0.0,1.0
0.0989343,-0.00439904,-0.215617,0.0063821,0.21476,-0.370243,0.0,0.0,1.0
0.1002,0.000376603,-0.213357,-0.000541193,0.219081,-0.357632,0.0,0.0,1.0
0.103109,-0.00189103,-0.208878,0.00283807,0.217187,-0.345653,0.0,0.0,1.0
0.106426,-0.00240385,-0.209439,0.00377557,0.213767,-0.327659,0.0,0.0,1.0
0.102869,-0.00258013,-0.214936,0.00378551,0.219783,-0.321686,0.0,0.0,1.0
0.0966506,-0.0011859,-0.20899,0.00162784,0.221051,-0.300114,0.0,0.0,1.0
0.10274,-0.0019391,-0.214423,0.0029446,0.213018,-0.277109,0.0,0.0,1.0
0.100016,0.00160256,-0.20867,-0.00240909,0.209338,-0.253628,0.0,0.0,1.0
0.0913061,0.030024,-0.213454,-0.0425241,0.202581,-0.217837,0.0,0.0,1.0
0.0855128,-0.0482051,-0.204327,0.0760241,0.170428,-0.192359,0.0,0.0,1.0
0.0912981,0.00466346,-0.202019,-0.00644886,0.207614,-0.15429,0.0,0.0,1.0
0.0882212,-0.00487179,-0.195497,0.00650568,0.207756,-0.114545,0.0,0.0,1.0
0.0904327,0.00108974,-0.195304,-0.00149148,0.209531,-0.0779687,0.0,0.0,1.0
0.0921314,0.000673077,-0.188285,-0.000965909,0.202869,-0.0823011,0.0,0.0,1.0
0.0952724,-0.00535256,-0.179792,0.008125,0.197699,-0.0872443,0.0,0.0,1.0
0.0955369,-0.0120272,-0.171707,0.0176705,0.204318,-0.101705,0.0,0.0,1.0
0.0950401,-0.00487981,-0.163742,0.00708807,0.205355,-0.148253,0.0,0.0,1.0
0.0910096,-0.0163462,-0.155369,0.0225994,0.206804,-0.172088,0.0,0.0,1.0
0.0913462,-0.00416667,-0.151154,0.00557244,0.214607,-0.214834,0.0,0.0,1.0
0.0891667,-0.0102083,-0.14601,0.0135795,0.210591,-0.251045,0.0,0.0,1.0
0.0908974,0.00155449,-0.146715,-0.00195312,0.229143,-0.272808,0.0,0.0,1.0
0.0919551,-0.00285256,-0.143429,0.00368892,0.223382,-0.284291,0.0,0.0,1.0
0.0865064,0.00126603,-0.143125,-0.00161648,0.214304,-0.282116,0.0,0.0,1.0
0.0872276,0.00235577,-0.143526,-0.00329545,0.196074,-0.285165,0.0,0.0,1.0
0.100513,-0.00025641,-0.129263,0.000424716,0.18607,-0.272518,0.0,0.0,1.0
0.0849038,0.0520192,-0.131827,-0.112949,0.122892,-0.246187,0.0,0.0,1.0
0.1027,0.00305288,-0.12871,-0.00553977,0.177841,-0.243722,0.0,0.0,1.0
0.104864,-0.00572917,-0.124287,0.0101847,0.185156,-0.231435,0.0,0.0,1.0
0.10016,0.000160256,-0.125737,-0.000255682,0.185142,-0.230227,0.0,0.0,1.0
0.101058,0.00626603,-0.125753,-0.010071,0.197372,-0.216293,0.0,0.0,1.0
0.105208,0.00177885,-0.119295,-0.00284091,0.208494,-0.207131,0.0,0.0,1.0
0.0963942,-8.01282e-05,-0.122051,0.000113636,0.218239,-0.200682,0.0,0.0,1.0
0.0970833,0.00227564,-0.117468,-0.00315341,0.221108,-0.184773,0.0,0.0,1.0
0.0919712,-0.000977564,-0.116891,0.00127841,0.224176,-0.169659,0.0,0.0,1.0
0.0922516,-0.000600962,-0.113421,0.000795455,0.224261,-0.150795,0.0,0.0,1.0
0.0954808,0.00272436,-0.109583,-0.00365057,0.223736,-0.13081,0.0,0.0,1.0
0.0950641,-0.00125,-0.104135,0.00167614,0.223011,-0.115313,0.0,0.0,1.0
0.100705,-0.00155449,-0.105721,0.00227273,0.214972,-0.121619,0.0,0.0,1.0
0.10601,0.00293269,-0.105032,-0.00447443,0.218082,-0.138281,0.0,0.0,1.0
0.103285,-0.00894231,-0.100016,0.0136932,0.211761,-0.158352,0.0,0.0,1.0
0.101859,0.000785256,-0.10226,-0.00113636,0.225881,-0.178949,0.0,0.0,1.0
0.0940064,-0.0115385,-0.100801,0.0150298,0.226967,-0.222848,0.0,0.0,1.0
0.0888622,-0.0245994,-0.0921795,0.0295156,0.232669,-0.266447,0.0,0.0,1.0
0.0894391,-0.0240545,-0.0857051,0.028304,0.238773,-0.311273,0.0,0.0,1.0
0.0956971,-0.0130849,-0.0886779,0.0162841,0.241639,-0.359509,0.0,0.0,1.0
0.0885577,-0.0316506,-0.0825801,0.0387599,0.227232,-0.392629,0.0,0.0,1.0
0.0995994,-0.00225962,-0.085609,0.00307244,0.230163,-0.410788,0.0,0.0,1.0
0.0978846,-0.0135737,-0.0836378,0.0181832,0.229575,-0.410882,0.0,0.0,1.0
0.0977644,-0.0123798,-0.0826522,0.0162756,0.233812,-0.412705,0.0,0.0,1.0
0.0991026,-0.0160577,-0.0780128,0.0215114,0.232472,-0.410682,0.0,0.0,1.0
0.101546,-0.0145913,-0.0771394,0.0202855,0.229527,-0.409186,0.0,0.0,1.0
0.102788,-0.00160256,-0.0736859,0.00226847,0.228737,-0.406408,0.0,0.0,1.0
0.104054,-0.00445513,-0.0694391,0.00648153,0.224845,-0.3903,0.0,0.0,1.0
0.100617,-0.0083734,-0.0706811,0.0120682,0.219631,-0.380341,0.0,0.0,1.0
0.101795,-0.00541667,-0.0669872,0.00789915,0.219663,-0.367107,0.0,0.0,1.0
0.0993349,-0.00922276,-0.0740785,0.0128466,0.224028,-0.33954,0.0,0.0,1.0
0.101362,-0.0161538,-0.0760417,0.0225043,0.228626,-0.317206,0.0,0.0,1.0
0.105144,-0.00660256,-0.080016,0.00931392,0.234263,-0.292161,0.0,0.0,1.0
0.101298,-0.0134135,-0.0883333,0.0183224,0.233058,-0.263541,0.0,0.0,1.0
0.100497,-0.00961538,-0.0944712,0.0132017,0.230216,-0.232233,0.0,0.0,1.0
0.106202,-0.00983974,-0.0983173,0.0138224,0.237902,-0.210203,0.0,0.0,1.0
0.110288,-0.00649038,-0.108734,0.00965625,0.233236,-0.197213,0.0,0.0,1.0
0.108478,-0.00972756,-0.124327,0.0136847,0.242122,-0.193997,0.0,0.0,1.0
0.102933,-0.0124519,-0.135192,0.0177244,0.227384,-0.230679,0.0,0.0,1.0
0.105577,0.00610577,-0.138638,-0.00873295,0.231347,-0.271091,0.0,0.0,1.0
0.0979808,0.00580128,-0.134071,-0.0075,0.237858,-0.32354,0.0,0.0,1.0
0.0988702,-0.000232372,-0.130585,0.00031392,0.224837,-0.405945,0.0,0.0,1.0
0.0947676,-0.00497596,-0.125393,0.00703693,0.21096,-0.459938,0.0,0.0,1.0
0.0992708,0.00132212,-0.110905,-0.00201278,0.205078,-0.461357,0.0,0.0,1.0
0.103197,0.00276442,-0.109784,-0.0042358,0.211426,-0.45492,0.0,0.0,1.0
0.10859,0.00621795,-0.0959295,-0.010706,0.198294,-0.428379,0.0,0.0,1.0
0.103478,-0.0129006,-0.0900962,0.0217003,0.193342,-0.390729,0.0,0.0,1.0
0.105793,-0.00431891,-0.0866587,0.00785085,0.182348,-0.361155,0.0,0.0,1.0
0.100873,0.00670673,-0.0791747,-0.0117017,0.181574,-0.339869,0.0,0.0,1.0
0.105296,0.0033734,-0.0778766,-0.00595739,0.187866,-0.315878,0.0,0.0,1.0
0.102532,-0.00570513,-0.0778205,0.00911364,0.202028,-0.290636,0.0,0.0,1.0
0.0924519,-0.0474199,-0.0877244,0.0780341,0.176557,-0.289824,0.0,0.0,1.0
0.105345,-0.00101763,-0.0862099,0.00179403,0.188808,-0.283666,0.0,0.0,1.0
0.107228,-0.00833333,-0.0913942,0.01325,0.211812,-0.291983,0.0,0.0,1.0
0.105697,-0.0106971,-0.099976,0.0156236,0.227368,-0.284982,0.0,0.0,1.0
0.107885,-0.0136699,-0.107708,0.0193182,0.239759,-0.284134,0.0,0.0,1.0
0.102628,-0.0132532,-0.115433,0.0179489,0.238293,-0.273179,0.0,0.0,1.0
0.103566,-0.00816506,-0.128309,0.0112457,0.236331,-0.248263,0.0,0.0,1.0
0.108886,-0.00262019,-0.125232,0.00412358,0.217089,-0.240357,0.0,0.0,1.0
0.111835,-0.00228365,-0.131627,0.00371449,0.216592,-0.227814,0.0,0.0,1.0
0.109038,-0.00267628,-0.12851,0.00409233,0.223541,-0.222575,0.0,0.0,1.0
0.114455,0.00133013,-0.126619,-0.00210795,0.22669,-0.22419,0.0,0.0,1.0
0.108646,-0.000216346,-0.118726,0.000333807,0.226251,-0.271195,0.0,0.0,1.0
0.104768,0.000232372,-0.109127,-0.000340909,0.225247,-0.304168,0.0,0.0,1.0
0.098133,-0.000344551,-0.100745,0.000460227,0.231045,-0.343659,0.0,0.0,1.0
0.0977484,-0.00116186,-0.091242,0.00153551,0.231964,-0.378499,0.0,0.0,1.0
0.0985978,-0.0046234,-0.0775401,0.00623722,0.23026,-0.407305,0.0,0.0,1.0
0.100729,-0.000232372,-0.071883,0.000315341,0.222764,-0.40427,0.0,0.0,1.0
0.104559,-0.000232372,-0.0597035,0.000367898,0.213416,-0.354979,0.0,0.0,1.0
0.109359,0.00685897,-0.0520513,-0.0113395,0.207621,-0.318842,0.0,0.0,1.0
0.0857612,0.0686458,-0.062508,-0.168036,0.110109,-0.283036,0.0,0.0,1.0
0.0909135,0.0548558,-0.0523397,-0.135089,0.116027,-0.268214,0.0,0.0,1.0
0.0908013,0.0548558,-0.0557853,-0.136619,0.114574,-0.251705,0.0,0.0,1.0
0.106659,0.000344551,-0.0420753,-0.000667614,0.177429,-0.228622,0.0,0.0,1.0
0.108846,0.0312821,-0.0551282,-0.0727699,0.14706,-0.22473,0.0,0.0,1.0
0.10899,0.0348558,-0.0620513,-0.0815383,0.146396,-0.211851,0.0,0.0,1.0
0.100625,0.000897436,-0.0626442,-0.0013821,0.205075,-0.228058,0.0,0.0,1.0
0.0958013,0.00153846,-0.0721795,-0.00223153,0.207714,-0.225243,0.0,0.0,1.0
0.104335,0.00169071,-0.0803766,-0.00259659,0.212653,-0.219216,0.0,0.0,1.0
0.107292,-0.00690705,-0.0891987,0.0101705,0.228977,-0.191364,0.0,0.0,1.0
0.104375,-0.00600962,-0.095641,0.00855114,0.22983,-0.17821,0.0,0.0,1.0
0.107147,-0.00269231,-0.107212,0.00409091,0.221676,-0.171847,0.0,0.0,1.0
0.101603,-0.00392628,-0.122612,0.00551136,0.227983,-0.152812,0.0,0.0,1.0
0.104984,0.00126603,-0.133077,-0.00204545,0.204403,-0.154574,0.0,0.0,1.0
0.100433,0.00209936,-0.139551,-0.00316761,0.209389,-0.17544,0.0,0.0,1.0
0.098766,-8.01282e-05,-0.138013,0.000113636,0.205568,-0.205227,0.0,0.0,1.0
0.096907,0.0099359,-0.129279,-0.0138125,0.219088,-0.233577,0.0,0.0,1.0
0.0954968,-0.00169872,-0.120785,0.00219318,0.231551,-0.281807,0.0,0.0,1.0
0.0951122,-0.00588141,-0.110224,0.00752841,0.233452,-0.324162,0.0,0.0,1.0
0.0982853,-0.00201923,-0.103349,0.00275,0.22602,-0.377071,0.0,0.0,1.0
0.103221,-0.00144231,-0.0895673,0.00222017,0.211064,-0.406405,0.0,0.0,1.0
0.109824,0.00176282,-0.0802404,-0.00318324,0.190751,-0.394956,0.0,0.0,1.0
0.105849,0.0454968,-0.0925,-0.117536,0.128757,-0.368558,0.0,0.0,1.0
0.0872756,0.0469231,-0.0842949,-0.114797,0.112098,-0.34582,0.0,0.0,1.0
0.0973317,0.0413221,-0.0930048,-0.115432,0.109523,-0.303813,0.0,0.0,1.0
0.0807452,0.0539503,-0.0967067,-0.141879,0.0964815,-0.260175,0.0,0.0,1.0
0.114431,0.00220353,-0.0705849,-0.00457386,0.172756,-0.219773,0.0,0.0,1.0
0.11351,1.60256e-05,-0.0710256,-2.84091e-05,0.166648,-0.217244,0.0,0.0,1.0
0.111074,0.000112179,-0.0752885,-0.000241477,0.164901,-0.21581,0.0,0.0,1.0
0.113542,0.0042468,-0.0861218,-0.00826705,0.183267,-0.22,0.0,0.0,1.0
0.109663,-0.00107372,-0.101122,0.00187216,0.196759,-0.236815,0.0,0.0,1.0
0.117909,0.00181891,-0.115665,-0.00329119,0.205641,-0.237345,0.0,0.0,1.0
0.114856,-0.00116987,-0.12766,0.00190057,0.222602,-0.243938,0.0,0.0,1.0
0.110946,-0.00229167,-0.136442,0.00352273,0.22631,-0.241196,0.0,0.0,1.0
0.109872,0.00123397,-0.145785,-0.00189915,0.224911,-0.218405,0.0,0.0,1.0
0.106002,0.00563301,-0.154511,-0.00869318,0.21608,-0.206875,0.0,0.0,1.0
0.110809,-0.00223558,-0.161546,0.00379261,0.204787,-0.201236,0.0,0.0,1.0
0.10851,0.00589744,-0.174183,-0.00985795,0.204148,-0.197812,0.0,0.0,1.0
0.104199,0.00649038,-0.177228,-0.0103125,0.206165,-0.200057,0.0,0.0,1.0
0.103189,0.00434295,-0.170417,-0.00634091,0.221966,-0.213017,0.0,0.0,1.0
0.0967628,0.00916667,-0.158942,-0.0115327,0.24155,-0.231266,0.0,0.0,1.0
0.0971314,0.000240385,-0.154776,-0.00031108,0.240044,-0.284675,0.0,0.0,1.0
0.102476,-0.00188301,-0.147588,0.00251705,0.242645,-0.331707,0.0,0.0,1.0
0.107949,-0.00222756,-0.134119,0.00307528,0.245959,-0.368459,0.0,0.0,1.0
0.115929,-0.00145833,-0.127676,0.00221591,0.239915,-0.385881,0.0,0.0,1.0
0.116907,-0.00267628,-0.119744,0.00459943,0.213244,-0.384608,0.0,0.0,1.0
0.122131,-0.0114744,-0.109343,0.0214446,0.205257,-0.362842,0.0,0.0,1.0
0.12121,-0.0142548,-0.10395,0.0270384,0.200885,-0.335487,0.0,0.0,1.0
0.119183,-0.0109295,-0.103189,0.0217997,0.187572,-0.305214,0.0,0.0,1.0
0.116747,-3.20513e-05,-0.103766,7.8125e-05,0.191814,-0.282751,0.0,0.0,1.0
0.117051,0.000432692,-0.102548,-0.000848011,0.191115,-0.26191,0.0,0.0,1.0
0.115321,0.00713141,-0.104856,-0.0129531,0.1998,-0.235936,0.0,0.0,1.0
0.118317,-8.01282e-05,-0.110192,0.000166193,0.203246,-0.243075,0.0,0.0,1.0
0.118189,-8.01282e-05,-0.114904,0.000160511,0.215328,-0.22476,0.0,0.0,1.0
0.123622,-0.000673077,-0.125994,0.00115767,0.225396,-0.208663,0.0,0.0,1.0
0.118077,-0.000961538,-0.135897,0.00150568,0.235426,-0.188295,0.0,0.0,1.0
0.120272,0.000833333,-0.146522,-0.00130682,0.237159,-0.190284,0.0,0.0,1.0
0.113574,-0.00177885,-0.154455,0.00275568,0.230767,-0.18358,0.0,0.0,1.0
0.120954,-0.000616987,-0.154271,0.00105114,0.224091,-0.177074,0.0,0.0,1.0
0.1098,-0.00568109,-0.164736,0.00857955,0.228097,-0.17804,0.0,0.0,1.0
0.113253,-0.00402244,-0.172468,0.00629261,0.226974,-0.171634,0.0,0.0,1.0
0.116466,-0.000328526,-0.183774,0.000511364,0.238892,-0.175199,0.0,0.0,1.0
0.106034,-0.0180529,-0.183245,0.0277642,0.216656,-0.200491,0.0,0.0,1.0
0.106779,-0.0110577,-0.184631,0.0168423,0.220368,-0.241192,0.0,0.0,1.0
0.104038,-0.00307692,-0.184904,0.00463778,0.216763,-0.280882,0.0,0.0,1.0
0.102869,-0.00376603,-0.184359,0.00534375,0.227631,-0.330869,0.0,0.0,1.0
0.10242,-0.00714744,-0.184439,0.00974432,0.235915,-0.381057,0.0,0.0,1.0
0.103638,-0.00467949,-0.188542,0.00631108,0.24093,-0.419112,0.0,0.0,1.0
0.103197,-0.00173878,-0.195633,0.00228125,0.245278,-0.446983,0.0,0.0,1.0
0.114567,0.00248397,-0.193333,-0.0036804,0.2438,-0.463288,0.0,0.0,1.0
0.111731,-0.00165064,-0.194696,0.00235511,0.246151,-0.470724,0.0,0.0,1.0
0.122163,0.00639423,-0.188654,-0.0100668,0.243564,-0.472712,0.0,0.0,1.0
0.12645,0.00669071,-0.184928,-0.0111719,0.237982,-0.466987,0.0,0.0,1.0
0.122869,0.009375,-0.191827,-0.0152031,0.237933,-0.453075,0.0,0.0,1.0
0.118349,0.00866987,-0.195897,-0.0137983,0.23377,-0.433884,0.0,0.0,1.0
0.115962,0.00232372,-0.198189,-0.00360369,0.2342,-0.414399,0.0,0.0,1.0
0.0773958,-0.0963702,-0.216579,0.124271,0.188589,-0.360692,0.0,0.0,1.0
0.0765064,-0.0861699,-0.209599,0.112922,0.18349,-0.337723,0.0,0.0,1.0
0.0710577,-0.0983013,-0.215577,0.124298,0.176571,-0.304895,0.0,0.0,1.0
0.072476,-0.0932772,-0.207428,0.12276,0.173044,-0.279038,0.0,0.0,1.0
0.0766667,-0.0866346,-0.204038,0.117675,0.177362,-0.242987,0.0,0.0,1.0
0.115264,0.00244391,-0.188357,-0.00432386,0.204938,-0.251358,0.0,0.0,1.0
0.110849,-0.00991987,-0.182853,0.0173906,0.198612,-0.22543,0.0,0.0,1.0
0.0786458,-0.0672035,-0.178405,0.10602,0.156673,-0.194685,0.0,0.0,1.0
0.0719071,-0.0819551,-0.178798,0.134859,0.137331,-0.173666,0.0,0.0,1.0
-0.000849359,-0.104439,-0.184231,0.206051,-0.00136364,-0.17554,0.0,0.0,1.0
0.00109776,-0.111226,-0.171354,0.198011,0.00193182,-0.197614,0.0,0.0,1.0
0.00150641,-0.109054,-0.169728,0.203153,0.00255682,-0.225767,0.0,0.0,1.0
0.0034375,-0.110841,-0.161643,0.203193,0.00590341,-0.26592,0.0,0.0,1.0
-0.00068109,-0.109223,-0.16347,0.212966,-0.00108807,-0.302114,0.0,0.0,1.0
-0.00346154,-0.120465,-0.162292,0.215455,-0.00608523,-0.331307,0.0,0.0,1.0
-0.00175481,-0.12097,-0.167123,0.222882,-0.00298153,-0.364899,0.0,0.0,1.0
-0.00136218,-0.121731,-0.159599,0.231622,-0.00225284,-0.389321,0.0,0.0,1.0
-0.0230449,-0.11641,-0.150641,0.248591,-0.0339148,-0.418307,0.0,0.0,1.0
-0.00665865,-0.119848,-0.151018,0.244396,-0.0102571,-0.467379,0.0,0.0,1.0
0.00185897,-0.124391,-0.146571,0.240821,0.00301989,-0.498946,0.0,0.0,1.0
-0.0030609,-0.121955,-0.139792,0.243884,-0.0047983,-0.541298,0.0,0.0,1.0
-0.0139904,-0.118413,-0.125449,0.238109,-0.0218537,-0.574104,0.0,0.0,1.0
-0.0107372,-0.115577,-0.116346,0.240024,-0.0162514,-0.591161,0.0,0.0,1.0
-0.0110657,-0.122556,-0.114896,0.241949,-0.0176165,-0.589278,0.0,0.0,1.0
-0.00982372,-0.120785,-0.111859,0.245222,-0.0152045,-0.58883,0.0,0.0,1.0
-0.00908654,-0.120609,-0.107324,0.256626,-0.0134134,-0.572365,0.0,0.0,1.0
-0.0117308,-0.118429,-0.101154,0.251955,-0.0173239,-0.570989,0.0,0.0,1.0
-0.00723558,-0.121194,-0.0979888,0.251872,-0.0109375,-0.556787,0.0,0.0,1.0
-0.0150881,-0.122572,-0.096242,0.258175,-0.0225241,-0.526896,0.0,0.0,1.0
0.000336538,-0.130881,-0.0980449,0.259506,0.000534091,-0.496523,0.0,0.0,1.0
0.000152244,-0.143966,-0.091851,0.261696,0.000255682,-0.459963,0.0,0.0,1.0
-0.00227564,-0.148622,-0.0959295,0.261486,-0.00405966,-0.422878,0.0,0.0,1.0
0.00211538,-0.147404,-0.100032,0.253834,0.00386222,-0.388379,0.0,0.0,1.0
0.000777244,-0.142091,-0.100393,0.275232,0.00125994,-0.363811,0.0,0.0,1.0
0.000496795,-0.140849,-0.115288,0.261484,0.000848011,-0.380632,0.0,0.0,1.0
0.00297276,-0.143325,-0.129575,0.263122,0.00508807,-0.404855,0.0,0.0,1.0
0.00342949,-0.136186,-0.145545,0.269528,0.0054517,-0.440437,0.0,0.0,1.0
0.000432692,-0.133013,-0.158317,0.275676,0.000653409,-0.468943,0.0,0.0,1.0
-0.014375,-0.129311,-0.168365,0.281771,-0.0207202,-0.503902,0.0,0.0,1.0
0.00508013,-0.131923,-0.192196,0.262795,0.00800568,-0.543136,0.0,0.0,1.0
-0.0152404,-0.120753,-0.200192,0.266643,-0.0216974,-0.556246,0.0,0.0,1.0
-0.00088141,-0.127468,-0.215529,0.264121,-0.00133381,-0.554547,0.0,0.0,1.0
-0.0164824,-0.122364,-0.223373,0.270838,-0.0233864,-0.537457,0.0,0.0,1.0
-0.0149439,-0.122091,-0.233245,0.266109,-0.021544,-0.527984,0.0,0.0,1.0
0.00163462,-0.132853,-0.252853,0.253088,0.0027017,-0.509253,0.0,0.0,1.0
-0.0169071,-0.116907,-0.258526,0.263061,-0.0236122,-0.504283,0.0,0.0,1.0
-0.0116186,-0.122869,-0.273077,0.257232,-0.0174219,-0.494078,0.0,0.0,1.0
-0.016274,-0.113502,-0.2823,0.264322,-0.0219759,-0.469834,0.0,0.0,1.0
-0.00536859,-0.118734,-0.297596,0.255822,-0.00783665,-0.45872,0.0,0.0,1.0
-0.00686699,-0.118053,-0.308502,0.261455,-0.00974716,-0.434097,0.0,0.0,1.0
-0.00160256,-0.117388,-0.321074,0.261138,-0.00226847,-0.418126,0.0,0.0,1.0
-0.00315705,-0.11899,-0.329423,0.265625,-0.00443466,-0.398068,0.0,0.0,1.0
7.21154e-05,-0.12488,-0.340649,0.254405,0.000109375,-0.379178,0.0,0.0,1.0
-0.0058734,-0.119575,-0.334239,0.25644,-0.00860795,-0.366639,0.0,0.0,1.0
-0.00110577,-0.121891,-0.343061,0.249642,-0.00172159,-0.33217,0.0,0.0,1.0
-0.000384615,-0.126875,-0.356779,0.252251,-0.000617898,-0.308388,0.0,0.0,1.0
-0.00150641,-0.125994,-0.360128,0.261712,-0.00229403,-0.278331,0.0,0.0,1.0
-0.00223558,-0.123934,-0.348726,0.245587,-0.00354403,-0.295842,0.0,0.0,1.0
-0.0122676,-0.12347,-0.336306,0.256084,-0.0185838,-0.326368,0.0,0.0,1.0
-0.0025,-0.125321,-0.320641,0.256575,-0.00384233,-0.363422,0.0,0.0,1.0
-0.00886218,-0.123846,-0.304439,0.2658,-0.0129645,-0.396595,0.0,0.0,1.0
-0.00563301,-0.12371,-0.295793,0.269916,-0.00810085,-0.447331,0.0,0.0,1.0
-0.0164904,-0.119343,-0.281122,0.28476,-0.0217088,-0.478112,0.0,0.0,1.0
0.000160256,-0.121522,-0.275048,0.280744,0.000221591,-0.51921,0.0,0.0,1.0
0.00133814,-0.121915,-0.264543,0.273405,0.00187358,-0.534484,0.0,0.0,1.0
-0.0254808,-0.11258,-0.250881,0.278169,-0.0324134,-0.549902,0.0,0.0,1.0
-0.0103846,-0.120465,-0.248446,0.277396,-0.0141577,-0.570749,0.0,0.0,1.0
-0.0140865,-0.123029,-0.233429,0.278254,-0.0195724,-0.578964,0.0,0.0,1.0
-0.0113782,-0.126571,-0.223718,0.27483,-0.0164744,-0.590227,0.0,0.0,1.0
-0.0132532,-0.129808,-0.210304,0.274291,-0.0196974,-0.59591,0.0,0.0,1.0
-0.0421955,-0.122067,-0.19609,0.286973,-0.0563963,-0.579501,0.0,0.0,1.0
-0.0597516,-0.119848,-0.182572,0.29169,-0.0771591,-0.55902,0.0,0.0,1.0
-0.0491667,-0.119808,-0.17609,0.297122,-0.0622983,-0.549935,0.0,0.0,1.0
-0.0088141,-0.142372,-0.173942,0.279168,-0.0141364,-0.546043,0.0,0.0,1.0
-0.0643029,-0.117636,-0.159591,0.28747,-0.0826974,-0.504374,0.0,0.0,1.0
-0.0116747,-0.128133,-0.146178,0.287185,-0.0163835,-0.483065,0.0,0.0,1.0
-0.00171474,-0.137564,-0.140369,0.28346,-0.00259943,-0.43542,0.0,0.0,1.0
-0.00876603,-0.143045,-0.137228,0.281655,-0.013973,-0.386314,0.0,0.0,1.0
-0.000376603,-0.154543,-0.140345,0.272393,-0.000671875,-0.360291,0.0,0.0,1.0
-0.00217949,-0.15508,-0.148478,0.265205,-0.00400852,-0.321938,0.0,0.0,1.0
-0.00190705,-0.153574,-0.16266,0.258216,-0.0035767,-0.300716,0.0,0.0,1.0
-0.00558494,-0.142139,-0.171162,0.27205,-0.00915483,-0.298868,0.0,0.0,1.0
-0.00546474,-0.142612,-0.187019,0.270609,-0.00904403,-0.354246,0.0,0.0,1.0
-0.0110417,-0.138686,-0.202228,0.282268,-0.0170469,-0.414939,0.0,0.0,1.0
0.000128205,-0.148686,-0.228782,0.292067,0.000197443,-0.478004,0.0,0.0,1.0
-0.0103766,-0.144912,-0.243165,0.289594,-0.0163239,-0.535134,0.0,0.0,1.0
-0.00409455,-0.147155,-0.262748,0.285376,-0.00662642,-0.574893,0.0,0.0,1.0
-5.60897e-05,-0.134303,-0.285601,0.279685,-8.52273e-05,-0.591759,0.0,0.0,1.0
4.80769e-05,-0.134247,-0.300705,0.283388,6.39205e-05,-0.60157,0.0,0.0,1.0
-0.0312821,-0.11508,-0.299631,0.263406,-0.0429489,-0.589088,0.0,0.0,1.0
-0.0116026,-0.123766,-0.312356,0.253301,-0.0177898,-0.605403,0.0,0.0,1.0
-0.0175801,-0.122628,-0.322933,0.2552,-0.0265639,-0.581024,0.0,0.0,1.0
-0.0150561,-0.12379,-0.327412,0.245815,-0.0238352,-0.557037,0.0,0.0,1.0
-0.0142147,-0.12524,-0.333429,0.24375,-0.0229574,-0.534489,0.0,0.0,1.0
-0.0137179,-0.121394,-0.338894,0.243506,-0.0215028,-0.517682,0.0,0.0,1.0
-0.00580128,-0.123478,-0.348061,0.24368,-0.00924858,-0.499078,0.0,0.0,1.0
0.000264423,-0.125825,-0.353309,0.247354,0.000430398,-0.488178,0.0,0.0,1.0
-0.0104888,-0.123534,-0.364319,0.251063,-0.0162159,-0.469102,0.0,0.0,1.0
-0.00487179,-0.124199,-0.368782,0.248862,-0.00764062,-0.444686,0.0,0.0,1.0
0.000713141,-0.120601,-0.374463,0.243202,0.00111364,-0.423287,0.0,0.0,1.0
0.00228365,-0.114191,-0.388646,0.238616,0.00343466,-0.388247,0.0,0.0,1.0
-0.00222756,-0.109183,-0.388942,0.237876,-0.00322869,-0.34782,0.0,0.0,1.0
0.00391827,-0.114159,-0.394671,0.239183,0.0058821,-0.319041,0.0,0.0,1.0
0.00580128,-0.116058,-0.39859,0.253487,0.0083679,-0.291754,0.0,0.0,1.0
0.0114183,-0.117796,-0.393534,0.261254,0.0161832,-0.264436,0.0,0.0,1.0
0.00056891,-0.118678,-0.388261,0.23849,0.000901989,-0.305081,0.0,0.0,1.0
0.00205929,-0.111242,-0.385377,0.241105,0.00298295,-0.363406,0.0,0.0,1.0
0.00261218,-0.109631,-0.371282,0.256939,0.00349574,-0.433161,0.0,0.0,1.0
-0.00346154,-0.111587,-0.359503,0.254712,-0.00475142,-0.511615,0.0,0.0,1.0
0.00105769,-0.111378,-0.350769,0.255972,0.00144034,-0.551,0.0,0.0,1.0
-0.00357372,-0.109471,-0.336859,0.262197,-0.00468324,-0.587226,0.0,0.0,1.0
-0.00205929,-0.114559,-0.333069,0.262835,-0.00283523,-0.605449,0.0,0.0,1.0
3.20513e-05,-0.115192,-0.323333,0.263534,5.39773e-05,-0.627,0.0,0.0,1.0
-0.00919872,-0.112324,-0.312099,0.270298,-0.0120142,-0.624645,0.0,0.0,1.0
-0.00429487,-0.116763,-0.303654,0.267945,-0.00587642,-0.624962,0.0,0.0,1.0
-0.000416667,-0.116891,-0.297564,0.267639,-0.000568182,-0.628662,0.0,0.0,1.0
-0.00205929,-0.116787,-0.290601,0.270942,-0.00278551,-0.620317,0.0,0.0,1.0
-0.000560897,-0.114567,-0.284455,0.266148,-0.000747159,-0.611886,0.0,0.0,1.0
-0.00176282,-0.115385,-0.279455,0.279145,-0.00228409,-0.592213,0.0,0.0,1.0
-0.00479167,-0.115016,-0.273942,0.284777,-0.00607528,-0.580857,0.0,0.0,1.0
0.00181891,-0.118165,-0.273389,0.279474,0.00243182,-0.550497,0.0,0.0,1.0
0.000592949,-0.117051,-0.271298,0.278607,0.000768466,-0.541703,0.0,0.0,1.0
-0.00121795,-0.120978,-0.272356,0.281746,-0.00164062,-0.514132,0.0,0.0,1.0
-8.8141e-05,-0.126386,-0.272764,0.267108,-0.000119318,-0.477278,0.0,0.0,1.0
0.00099359,-0.120897,-0.269808,0.251832,0.00150568,-0.451065,0.0,0.0,1.0
0.00366987,-0.120048,-0.269103,0.253007,0.00546733,-0.429314,0.0,0.0,1.0
-7.21154e-05,-0.117348,-0.270409,0.243555,-0.000112216,-0.401851,0.0,0.0,1.0
0.00025641,-0.124022,-0.268381,0.256854,0.000387784,-0.37907,0.0,0.0,1.0
0.0,-0.129519,-0.267724,0.274276,0.0,-0.370753,0.0,0.0,1.0
3.20513e-05,-0.122933,-0.267196,0.262983,5.39773e-05,-0.381847,0.0,0.0,1.0
0.00533654,-0.124327,-0.278125,0.278038,0.00748438,-0.410624,0.0,0.0,1.0
-0.0101122,-0.125337,-0.273045,0.283754,-0.0140298,-0.439266,0.0,0.0,1.0
-0.0101362,-0.128181,-0.273421,0.291751,-0.0139872,-0.471979,0.0,0.0,1.0
0.00088141,-0.120208,-0.279103,0.271116,0.00122159,-0.49194,0.0,0.0,1.0
0.00572917,-0.126498,-0.283293,0.276112,0.0082429,-0.522021,0.0,0.0,1.0
0.00145833,-0.116939,-0.277981,0.27125,0.0019858,-0.542216,0.0,0.0,1.0
0.00242788,-0.115296,-0.281498,0.253557,0.00346875,-0.544409,0.0,0.0,1.0
0.00646635,-0.112925,-0.284848,0.24606,0.00933239,-0.558361,0.0,0.0,1.0
0.00745192,-0.112196,-0.285577,0.250844,0.0104801,-0.551668,0.0,0.0,1.0
0.0155929,-0.107548,-0.288558,0.257692,0.0204531,-0.544908,0.0,0.0,1.0
0.0102564,-0.111026,-0.289776,0.262459,0.0136349,-0.549163,0.0,0.0,1.0
0.00288462,-0.118494,-0.291699,0.259661,0.00412642,-0.544746,0.0,0.0,1.0
0.000232372,-0.11847,-0.293534,0.258155,0.000336648,-0.54003,0.0,0.0,1.0
0.0016266,-0.1252,-0.308277,0.255608,0.0025142,-0.526432,0.0,0.0,1.0
0.00809295,-0.109728,-0.307917,0.263483,0.0105881,-0.516466,0.0,0.0,1.0
0.0148958,-0.105168,-0.31512,0.263209,0.0186946,-0.499175,0.0,0.0,1.0
-0.00164263,-0.112572,-0.327716,0.255504,-0.00229119,-0.481328,0.0,0.0,1.0
0.0221314,-0.108029,-0.3375,0.245094,0.0306705,-0.452594,0.0,0.0,1.0
-0.0515224,-0.0876603,-0.366394,0.184786,-0.0768168,-0.420581,0.0,0.0,1.0
-0.0536859,-0.0804327,-0.379279,0.174754,-0.0776491,-0.374271,0.0,0.0,1.0
-0.0533333,-0.0823397,-0.393558,0.177121,-0.0779162,-0.325274,0.0,0.0,1.0
-0.0492468,-0.083125,-0.405545,0.174199,-0.073858,-0.281926,0.0,0.0,1.0
-0.0474359,-0.0825641,-0.412532,0.186537,-0.0659688,-0.239832,0.0,0.0,1.0
-0.0472035,-0.0839824,-0.426643,0.176879,-0.0704304,-0.212476,0.0,0.0,1.0
-0.0475721,-0.0844952,-0.438341,0.17867,-0.0706875,-0.191739,0.0,0.0,1.0
-0.0534936,-0.0823077,-0.450705,0.185937,-0.0744034,-0.163864,0.0,0.0,1.0
