0.129399,-0.00122596,-0.16859,0.00172585,0.289027,-0.0272017,0.0,0.0,1.0
0.132356,-0.020625,-0.191378,0.0289347,0.296676,-0.0172443,0.0,0.0,1.0
0.140457,-0.00836538,-0.198381,0.0121449,0.304474,-0.0238068,0.0,0.0,1.0
0.135877,-0.00772837,-0.204495,0.0106108,0.310568,-0.0259375,0.0,0.0,1.0
0.137067,-0.00850962,-0.209615,0.0126989,0.288878,-0.0428693,0.0,0.0,1.0
0.137812,-0.0110337,-0.212756,0.0167259,0.285192,-0.0603267,0.0,0.0,1.0
0.135601,-0.0126683,-0.216378,0.0186648,0.289432,-0.0800568,0.0,0.0,1.0
0.133185,-0.0149159,-0.218582,0.0227557,0.274347,-0.0913636,0.0,0.0,1.0
0.130805,-0.0231851,-0.225617,0.0344744,0.276477,-0.116506,0.0,0.0,1.0
0.132139,-0.0186779,-0.230224,0.0271023,0.286278,-0.146761,0.0,0.0,1.0
0.130589,-0.0129687,-0.240553,0.0185156,0.287578,-0.175781,0.0,0.0,1.0
0.132861,-0.0170673,-0.250433,0.0239489,0.297784,-0.199034,0.0,0.0,1.0
0.132163,-0.021875,-0.258013,0.0308182,0.29481,-0.21708,0.0,0.0,1.0
0.142416,-0.00210337,-0.267188,0.00323438,0.292368,-0.237412,0.0,0.0,1.0
0.130841,-0.0141827,-0.272067,0.0194702,0.299544,-0.251486,0.0,0.0,1.0
0.137163,-0.0142067,-0.273574,0.0199474,0.30718,-0.262628,0.0,0.0,1.0
0.14238,-0.0110577,-0.272516,0.0157607,0.313894,-0.264661,0.0,0.0,1.0
0.138906,-0.0355649,-0.278037,0.0544901,0.284902,-0.270645,0.0,0.0,1.0
0.140144,-0.0392548,-0.276298,0.0625526,0.276217,-0.281815,0.0,0.0,1.0
0.136635,-0.049976,-0.279119,0.0816967,0.262719,-0.285743,0.0,0.0,1.0
0.1425,-0.00846154,-0.285801,0.0130078,0.291015,-0.302163,0.0,0.0,1.0
0.137524,-0.0479808,-0.276458,0.0798622,0.259734,-0.304065,0.0,0.0,1.0
0.145144,-0.0205529,-0.27601,0.0350604,0.26768,-0.293084,0.0,0.0,1.0
0.140385,-0.0535577,-0.275801,0.0971932,0.24306,-0.274966,0.0,0.0,1.0
0.144567,-0.0403606,-0.27383,0.0719382,0.254793,-0.266794,0.0,0.0,1.0
0.147644,-0.0279087,-0.274087,0.051652,0.2507,-0.238781,0.0,0.0,1.0
0.151659,-0.0247115,-0.268638,0.0443949,0.265261,-0.228261,0.0,0.0,1.0
0.143654,-0.00973558,-0.265913,0.0162784,0.269659,-0.200625,0.0,0.0,1.0
0.134856,0.00271635,-0.259054,-0.00392045,0.293139,-0.182358,0.0,0.0,1.0
0.142067,-0.0257933,-0.256747,0.0444247,0.259197,-0.190043,0.0,0.0,1.0
0.142007,-0.0210697,-0.249383,0.0373722,0.251676,-0.210028,0.0,0.0,1.0
0.144567,-0.00793269,-0.242756,0.0133807,0.268977,-0.226307,0.0,0.0,1.0
0.140853,-0.0449159,-0.248662,0.0790014,0.251629,-0.24031,0.0,0.0,1.0
0.138618,0.0109736,-0.232123,-0.0159822,0.29915,-0.273212,0.0,0.0,1.0
0.139567,-0.0189663,-0.231907,0.0279524,0.297795,-0.297678,0.0,0.0,1.0
0.140901,0.00015625,-0.228534,-0.000210938,0.314563,-0.333487,0.0,0.0,1.0
0.137103,-0.00171875,-0.224527,0.00235653,0.312746,-0.354321,0.0,0.0,1.0
0.142656,-0.0346274,-0.217284,0.050103,0.309854,-0.357933,0.0,0.0,1.0
0.148401,-0.00659856,-0.215617,0.00957315,0.32214,-0.370243,0.0,0.0,1.0
0.1503,0.000564904,-0.213357,-0.00081179,0.328621,-0.357632,0.0,0.0,1.0
0.154663,-0.00283654,-0.208878,0.0042571,0.325781,-0.345653,0.0,0.0,1.0
0.159639,-0.00360577,-0.209439,0.00566335,0.320651,-0.327659,0.0,0.0,1.0
0.154303,-0.00387019,-0.214936,0.00567827,0.329674,-0.321686,0.0,0.0,1.0
0.144976,-0.00177885,-0.20899,0.00244176,0.331577,-0.300114,0.0,0.0,1.0
0.154111,-0.00290865,-0.214423,0.0044169,0.319528,-0.277109,0.0,0.0,1.0
0.150024,0.00240385,-0.20867,-0.00361364,0.314007,-0.253628,0.0,0.0,1.0
0.136959,0.0450361,-0.213454,-0.0637862,0.303871,-0.217837,0.0,0.0,1.0
0.128269,-0.0723077,-0.204327,0.114036,0.255641,-0.192359,0.0,0.0,1.0
0.136947,0.00699519,-0.202019,-0.0096733,0.31142,-0.15429,0.0,0.0,1.0
0.132332,-0.00730769,-0.195497,0.00975852,0.311634,-0.114545,0.0,0.0,1.0
0.135649,0.00163462,-0.195304,-0.00223722,0.314297,-0.0779687,0.0,0.0,1.0
0.138197,0.00100962,-0.188285,-0.00144886,0.304304,-0.0823011,0.0,0.0,1.0
0.142909,-0.00802885,-0.179792,0.0121875,0.296548,-0.0872443,0.0,0.0,1.0
0.143305,-0.0180409,-0.171707,0.0265057,0.306477,-0.101705,0.0,0.0,1.0
0.14256,-0.00731971,-0.163742,0.0106321,0.308033,-0.148253,0.0,0.0,1.0
0.136514,-0.0245192,-0.155369,0.0338991,0.310206,-0.172088,0.0,0.0,1.0
0.137019,-0.00625,-0.151154,0.00835866,0.32191,-0.214834,0.0,0.0,1.0
0.13375,-0.0153125,-0.14601,0.0203693,0.315886,-0.251045,0.0,0.0,1.0
0.136346,0.00233173,-0.146715,-0.00292969,0.343715,-0.272808,0.0,0.0,1.0
0.137933,-0.00427885,-0.143429,0.00553338,0.335073,-0.284291,0.0,0.0,1.0
0.12976,0.00189904,-0.143125,-0.00242472,0.321456,-0.282116,0.0,0.0,1.0
0.130841,0.00353365,-0.143526,-0.00494318,0.294111,-0.285165,0.0,0.0,1.0
0.150769,-0.000384615,-0.129263,0.000637074,0.279104,-0.272518,0.0,0.0,1.0
0.127356,0.0780288,-0.131827,-0.169423,0.184338,-0.246187,0.0,0.0,1.0
0.15405,0.00457933,-0.12871,-0.00830966,0.266761,-0.243722,0.0,0.0,1.0
0.157296,-0.00859375,-0.124287,0.015277,0.277734,-0.231435,0.0,0.0,1.0
0.15024,0.000240385,-0.125737,-0.000383523,0.277713,-0.230227,0.0,0.0,1.0
0.151587,0.00939904,-0.125753,-0.0151065,0.296058,-0.216293,0.0,0.0,1.0
0.157813,0.00266827,-0.119295,-0.00426136,0.312741,-0.207131,0.0,0.0,1.0
0.144591,-0.000120192,-0.122051,0.000170455,0.327358,-0.200682,0.0,0.0,1.0
0.145625,0.00341346,-0.117468,-0.00473011,0.331662,-0.184773,0.0,0.0,1.0
0.137957,-0.00146635,-0.116891,0.00191761,0.336264,-0.169659,0.0,0.0,1.0
0.138377,-0.000901442,-0.113421,0.00119318,0.336392,-0.150795,0.0,0.0,1.0
0.143221,0.00408654,-0.109583,-0.00547585,0.335604,-0.13081,0.0,0.0,1.0
0.142596,-0.001875,-0.104135,0.0025142,0.334517,-0.115313,0.0,0.0,1.0
0.151058,-0.00233173,-0.105721,0.00340909,0.322457,-0.121619,0.0,0.0,1.0
0.159014,0.00439904,-0.105032,-0.00671165,0.327124,-0.138281,0.0,0.0,1.0
0.154928,-0.0134135,-0.100016,0.0205398,0.317642,-0.158352,0.0,0.0,1.0
0.152788,0.00117788,-0.10226,-0.00170455,0.338821,-0.178949,0.0,0.0,1.0
0.14101,-0.0173077,-0.100801,0.0225447,0.340451,-0.222848,0.0,0.0,1.0
0.133293,-0.036899,-0.0921795,0.0442734,0.349004,-0.266447,0.0,0.0,1.0
0.134159,-0.0360817,-0.0857051,0.042456,0.358159,-0.311273,0.0,0.0,1.0
0.143546,-0.0196274,-0.0886779,0.0244261,0.362459,-0.359509,0.0,0.0,1.0
0.132837,-0.047476,-0.0825801,0.0581399,0.340847,-0.392629,0.0,0.0,1.0
0.149399,-0.00338942,-0.085609,0.00460866,0.345245,-0.410788,0.0,0.0,1.0
0.146827,-0.0203606,-0.0836378,0.0272749,0.344363,-0.410882,0.0,0.0,1.0
0.146647,-0.0185697,-0.0826522,0.0244134,0.350719,-0.412705,0.0,0.0,1.0
0.148654,-0.0240865,-0.0780128,0.032267,0.348707,-0.410682,0.0,0.0,1.0
0.15232,-0.021887,-0.0771394,0.0304283,0.34429,-0.409186,0.0,0.0,1.0
0.154183,-0.00240385,-0.0736859,0.0034027,0.343106,-0.406408,0.0,0.0,1.0
0.156082,-0.00668269,-0.0694391,0.0097223,0.337268,-0.3903,0.0,0.0,1.0
0.150925,-0.0125601,-0.0706811,0.0181023,0.329446,-0.380341,0.0,0.0,1.0
0.152692,-0.008125,-0.0669872,0.0118487,0.329495,-0.367107,0.0,0.0,1.0
0.149002,-0.0138341,-0.0740785,0.0192699,0.336043,-0.33954,0.0,0.0,1.0
0.152043,-0.0242308,-0.0760417,0.0337564,0.34294,-0.317206,0.0,0.0,1.0
0.157716,-0.00990385,-0.080016,0.0139709,0.351394,-0.292161,0.0,0.0,1.0
0.151947,-0.0201202,-0.0883333,0.0274837,0.349587,-0.263541,0.0,0.0,1.0
0.150745,-0.0144231,-0.0944712,0.0198026,0.345324,-0.232233,0.0,0.0,1.0
0.159303,-0.0147596,-0.0983173,0.0207337,0.356853,-0.210203,0.0,0.0,1.0
0.165433,-0.00973558,-0.108734,0.0144844,0.349854,-0.197213,0.0,0.0,1.0
0.162716,-0.0145913,-0.124327,0.020527,0.363183,-0.193997,0.0,0.0,1.0
0.154399,-0.0186779,-0.135192,0.0265866,0.341075,-0.230679,0.0,0.0,1.0
0.158365,0.00915865,-0.138638,-0.0130994,0.34702,-0.271091,0.0,0.0,1.0
0.146971,0.00870192,-0.134071,-0.01125,0.356787,-0.32354,0.0,0.0,1.0
0.148305,-0.000348558,-0.130585,0.000470881,0.337255,-0.405945,0.0,0.0,1.0
0.142151,-0.00746394,-0.125393,0.0105554,0.31644,-0.459938,0.0,0.0,1.0
0.148906,0.00198317,-0.110905,-0.00301918,0.307617,-0.461357,0.0,0.0,1.0
0.154796,0.00414663,-0.109784,-0.00635369,0.317139,-0.45492,0.0,0.0,1.0
0.162885,0.00932692,-0.0959295,-0.0160589,0.297441,-0.428379,0.0,0.0,1.0
0.155216,-0.019351,-0.0900962,0.0325504,0.290013,-0.390729,0.0,0.0,1.0
0.15869,-0.00647837,-0.0866587,0.0117763,0.273522,-0.361155,0.0,0.0,1.0
0.15131,0.0100601,-0.0791747,-0.0175526,0.272361,-0.339869,0.0,0.0,1.0
0.157945,0.0050601,-0.0778766,-0.00893608,0.2818,-0.315878,0.0,0.0,1.0
0.153798,-0.00855769,-0.0778205,0.0136705,0.303043,-0.290636,0.0,0.0,1.0
0.138678,-0.0711298,-0.0877244,0.117051,0.264835,-0.289824,0.0,0.0,1.0
0.158017,-0.00152644,-0.0862099,0.00269105,0.283212,-0.283666,0.0,0.0,1.0
0.160841,-0.0125,-0.0913942,0.019875,0.317719,-0.291983,0.0,0.0,1.0
0.158546,-0.0160457,-0.099976,0.0234354,0.341052,-0.284982,0.0,0.0,1.0
0.161827,-0.0205048,-0.107708,0.0289773,0.359638,-0.284134,0.0,0.0,1.0
0.153942,-0.0198798,-0.115433,0.0269233,0.357439,-0.273179,0.0,0.0,1.0
0.155349,-0.0122476,-0.128309,0.0168686,0.354496,-0.248263,0.0,0.0,1.0
0.163329,-0.00393029,-0.125232,0.00618537,0.325634,-0.240357,0.0,0.0,1.0
0.167752,-0.00342548,-0.131627,0.00557173,0.324888,-0.227814,0.0,0.0,1.0
0.163558,-0.00401442,-0.12851,0.00613849,0.335312,-0.222575,0.0,0.0,1.0
0.171683,0.00199519,-0.126619,-0.00316193,0.340035,-0.22419,0.0,0.0,1.0
0.162969,-0.000324519,-0.118726,0.00050071,0.339377,-0.271195,0.0,0.0,1.0
0.157151,0.000348558,-0.109127,-0.000511364,0.337871,-0.304168,0.0,0.0,1.0
0.1472,-0.000516827,-0.100745,0.000690341,0.346568,-0.343659,0.0,0.0,1.0
0.146623,-0.00174279,-0.091242,0.00230327,0.347947,-0.378499,0.0,0.0,1.0
0.147897,-0.0069351,-0.0775401,0.00935582,0.34539,-0.407305,0.0,0.0,1.0
0.151094,-0.000348558,-0.071883,0.000473011,0.334146,-0.40427,0.0,0.0,1.0
0.156839,-0.000348558,-0.0597035,0.000551847,0.320124,-0.354979,0.0,0.0,1.0
0.164038,0.0102885,-0.0520513,-0.0170092,0.311431,-0.318842,0.0,0.0,1.0
0.128642,0.102969,-0.062508,-0.252053,0.165164,-0.283036,0.0,0.0,1.0
0.13637,0.0822837,-0.0523397,-0.202634,0.17404,-0.268214,0.0,0.0,1.0
0.136202,0.0822837,-0.0557853,-0.204929,0.171861,-0.251705,0.0,0.0,1.0
0.159988,0.000516827,-0.0420753,-0.00100142,0.266143,-0.228622,0.0,0.0,1.0
0.163269,0.0469231,-0.0551282,-0.109155,0.220589,-0.22473,0.0,0.0,1.0
0.163486,0.0522837,-0.0620513,-0.122308,0.219594,-0.211851,0.0,0.0,1.0
0.150937,0.00134615,-0.0626442,-0.00207315,0.307613,-0.228058,0.0,0.0,1.0
0.143702,0.00230769,-0.0721795,-0.0033473,0.311572,-0.225243,0.0,0.0,1.0
0.156502,0.00253606,-0.0803766,-0.00389489,0.31898,-0.219216,0.0,0.0,1.0
0.160938,-0.0103606,-0.0891987,0.0152557,0.343466,-0.191364,0.0,0.0,1.0
0.156563,-0.00901442,-0.095641,0.0128267,0.344744,-0.17821,0.0,0.0,1.0
0.160721,-0.00403846,-0.107212,0.00613636,0.332514,-0.171847,0.0,0.0,1.0
0.152404,-0.00588942,-0.122612,0.00826705,0.341974,-0.152812,0.0,0.0,1.0
0.157476,0.00189904,-0.133077,-0.00306818,0.306605,-0.154574,0.0,0.0,1.0
0.150649,0.00314904,-0.139551,-0.00475142,0.314084,-0.17544,0.0,0.0,1.0
0.148149,-0.000120192,-0.138013,0.000170455,0.308352,-0.205227,0.0,0.0,1.0
0.145361,0.0149038,-0.129279,-0.0207187,0.328632,-0.233577,0.0,0.0,1.0
0.143245,-0.00254808,-0.120785,0.00328977,0.347327,-0.281807,0.0,0.0,1.0
0.142668,-0.00882212,-0.110224,0.0112926,0.350178,-0.324162,0.0,0.0,1.0
0.147428,-0.00302885,-0.103349,0.004125,0.33903,-0.377071,0.0,0.0,1.0
0.154832,-0.00216346,-0.0895673,0.00333026,0.316596,-0.406405,0.0,0.0,1.0
0.164736,0.00264423,-0.0802404,-0.00477486,0.286127,-0.394956,0.0,0.0,1.0
0.158774,0.0682452,-0.0925,-0.176303,0.193136,-0.368558,0.0,0.0,1.0
0.130913,0.0703846,-0.0842949,-0.172195,0.168147,-0.34582,0.0,0.0,1.0
0.145998,0.0619832,-0.0930048,-0.173148,0.164284,-0.303813,0.0,0.0,1.0
0.121118,0.0809255,-0.0967067,-0.212819,0.144722,-0.260175,0.0,0.0,1.0
0.171647,0.00330529,-0.0705849,-0.0068608,0.259134,-0.219773,0.0,0.0,1.0
0.170264,2.40385e-05,-0.0710256,-4.26136e-05,0.249972,-0.217244,0.0,0.0,1.0
0.166611,0.000168269,-0.0752885,-0.000362216,0.247351,-0.21581,0.0,0.0,1.0
0.170312,0.00637019,-0.0861218,-0.0124006,0.274901,-0.22,0.0,0.0,1.0
0.164495,-0.00161058,-0.101122,0.00280824,0.295138,-0.236815,0.0,0.0,1.0
0.176863,0.00272837,-0.115665,-0.00493679,0.308461,-0.237345,0.0,0.0,1.0
0.172284,-0.00175481,-0.12766,0.00285085,0.333903,-0.243938,0.0,0.0,1.0
0.166418,-0.0034375,-0.136442,0.00528409,0.339464,-0.241196,0.0,0.0,1.0
0.164808,0.00185096,-0.145785,-0.00284872,0.337366,-0.218405,0.0,0.0,1.0
0.159002,0.00844952,-0.154511,-0.0130398,0.324119,-0.206875,0.0,0.0,1.0
0.166214,-0.00335337,-0.161546,0.00568892,0.30718,-0.201236,0.0,0.0,1.0
0.162764,0.00884615,-0.174183,-0.0147869,0.306222,-0.197812,0.0,0.0,1.0
0.156298,0.00973558,-0.177228,-0.0154688,0.309247,-0.200057,0.0,0.0,1.0
0.154784,0.00651442,-0.170417,-0.00951136,0.332949,-0.213017,0.0,0.0,1.0
0.145144,0.01375,-0.158942,-0.017299,0.362325,-0.231266,0.0,0.0,1.0
0.145697,0.000360577,-0.154776,-0.000466619,0.360066,-0.284675,0.0,0.0,1.0
0.153714,-0.00282452,-0.147588,0.00377557,0.363967,-0.331707,0.0,0.0,1.0
0.161923,-0.00334135,-0.134119,0.00461293,0.368938,-0.368459,0.0,0.0,1.0
0.173894,-0.0021875,-0.127676,0.00332386,0.359872,-0.385881,0.0,0.0,1.0
0.175361,-0.00401442,-0.119744,0.00689915,0.319866,-0.384608,0.0,0.0,1.0
0.183197,-0.0172115,-0.109343,0.0321669,0.307886,-0.362842,0.0,0.0,1.0
0.181815,-0.0213822,-0.10395,0.0405575,0.301327,-0.335487,0.0,0.0,1.0
0.178774,-0.0163942,-0.103189,0.0326996,0.281359,-0.305214,0.0,0.0,1.0
0.17512,-4.80769e-05,-0.103766,0.000117187,0.287721,-0.282751,0.0,0.0,1.0
0.175577,0.000649038,-0.102548,-0.00127202,0.286673,-0.26191,0.0,0.0,1.0
0.172981,0.0106971,-0.104856,-0.0194297,0.2997,-0.235936,0.0,0.0,1.0
0.177476,-0.000120192,-0.110192,0.00024929,0.304869,-0.243075,0.0,0.0,1.0
0.177284,-0.000120192,-0.114904,0.000240767,0.322992,-0.22476,0.0,0.0,1.0
0.185433,-0.00100962,-0.125994,0.00173651,0.338094,-0.208663,0.0,0.0,1.0
0.177115,-0.00144231,-0.135897,0.00225852,0.353139,-0.188295,0.0,0.0,1.0
0.180409,0.00125,-0.146522,-0.00196023,0.355739,-0.190284,0.0,0.0,1.0
0.170361,-0.00266827,-0.154455,0.00413352,0.346151,-0.18358,0.0,0.0,1.0
0.18143,-0.000925481,-0.154271,0.0015767,0.336136,-0.177074,0.0,0.0,1.0
0.1647,-0.00852163,-0.164736,0.0128693,0.342145,-0.17804,0.0,0.0,1.0
0.16988,-0.00603365,-0.172468,0.00943892,0.340462,-0.171634,0.0,0.0,1.0
0.1747,-0.000492788,-0.183774,0.000767045,0.358338,-0.175199,0.0,0.0,1.0
0.15905,-0.0270793,-0.183245,0.0416463,0.324984,-0.200491,0.0,0.0,1.0
0.160168,-0.0165865,-0.184631,0.0252635,0.330552,-0.241192,0.0,0.0,1.0
0.156058,-0.00461538,-0.184904,0.00695668,0.325144,-0.280882,0.0,0.0,1.0
0.154303,-0.00564904,-0.184359,0.00801563,0.341446,-0.330869,0.0,0.0,1.0
0.15363,-0.0107212,-0.184439,0.0146165,0.353872,-0.381057,0.0,0.0,1.0
0.155457,-0.00701923,-0.188542,0.00946662,0.361396,-0.419112,0.0,0.0,1.0
0.154796,-0.00260817,-0.195633,0.00342187,0.367918,-0.446983,0.0,0.0,1.0
0.171851,0.00372596,-0.193333,-0.0055206,0.3657,-0.463288,0.0,0.0,1.0
0.167596,-0.00247596,-0.194696,0.00353267,0.369226,-0.470724,0.0,0.0,1.0
0.183245,0.00959135,-0.188654,-0.0151001,0.365346,-0.472712,0.0,0.0,1.0
0.189675,0.0100361,-0.184928,-0.0167578,0.356972,-0.466987,0.0,0.0,1.0
0.184303,0.0140625,-0.191827,-0.0228047,0.3569,-0.453075,0.0,0.0,1.0
0.177524,0.0130048,-0.195897,-0.0206974,0.350655,-0.433884,0.0,0.0,1.0
0.173942,0.00348558,-0.198189,-0.00540554,0.3513,-0.414399,0.0,0.0,1.0
0.116094,-0.144555,-0.216579,0.186407,0.282884,-0.360692,0.0,0.0,1.0
0.11476,-0.129255,-0.209599,0.169383,0.275235,-0.337723,0.0,0.0,1.0
0.106587,-0.147452,-0.215577,0.186447,0.264857,-0.304895,0.0,0.0,1.0
0.108714,-0.139916,-0.207428,0.18414,0.259566,-0.279038,0.0,0.0,1.0
0.115,-0.129952,-0.204038,0.176512,0.266043,-0.242987,0.0,0.0,1.0
0.172897,0.00366587,-0.188357,-0.0064858,0.307406,-0.251358,0.0,0.0,1.0
0.166274,-0.0148798,-0.182853,0.0260859,0.297918,-0.22543,0.0,0.0,1.0
0.117969,-0.100805,-0.178405,0.15903,0.23501,-0.194685,0.0,0.0,1.0
0.107861,-0.122933,-0.178798,0.202289,0.205996,-0.173666,0.0,0.0,1.0
-0.00127404,-0.156659,-0.184231,0.309077,-0.00204545,-0.17554,0.0,0.0,1.0
0.00164663,-0.166839,-0.171354,0.297017,0.00289773,-0.197614,0.0,0.0,1.0
0.00225962,-0.163582,-0.169728,0.30473,0.00383523,-0.225767,0.0,0.0,1.0
0.00515625,-0.166262,-0.161643,0.30479,0.00885511,-0.26592,0.0,0.0,1.0
-0.00102163,-0.163834,-0.16347,0.319449,-0.0016321,-0.302114,0.0,0.0,1.0
-0.00519231,-0.180697,-0.162292,0.323182,-0.00912784,-0.331307,0.0,0.0,1.0
-0.00263221,-0.181454,-0.167123,0.334323,-0.0044723,-0.364899,0.0,0.0,1.0
-0.00204327,-0.182596,-0.159599,0.347433,-0.00337926,-0.389321,0.0,0.0,1.0
-0.0345673,-0.174615,-0.150641,0.372886,-0.0508722,-0.418307,0.0,0.0,1.0
-0.00998798,-0.179772,-0.151018,0.366594,-0.0153857,-0.467379,0.0,0.0,1.0
0.00278846,-0.186587,-0.146571,0.361232,0.00452983,-0.498946,0.0,0.0,1.0
-0.00459135,-0.182933,-0.139792,0.365825,-0.00719744,-0.541298,0.0,0.0,1.0
-0.0209856,-0.17762,-0.125449,0.357164,-0.0327805,-0.574104,0.0,0.0,1.0
-0.0161058,-0.173365,-0.116346,0.360036,-0.0243771,-0.591161,0.0,0.0,1.0
-0.0165986,-0.183834,-0.114896,0.362923,-0.0264247,-0.589278,0.0,0.0,1.0
-0.0147356,-0.181178,-0.111859,0.367832,-0.0228068,-0.58883,0.0,0.0,1.0
-0.0136298,-0.180913,-0.107324,0.38494,-0.02012,-0.572365,0.0,0.0,1.0
-0.0175962,-0.177644,-0.101154,0.377932,-0.0259858,-0.570989,0.0,0.0,1.0
-0.0108534,-0.181791,-0.0979888,0.377808,-0.0164062,-0.556787,0.0,0.0,1.0
-0.0226322,-0.183858,-0.096242,0.387262,-0.0337862,-0.526896,0.0,0.0,1.0
0.000504808,-0.196322,-0.0980449,0.389259,0.000801136,-0.496523,0.0,0.0,1.0
0.000228365,-0.21595,-0.091851,0.392544,0.000383523,-0.459963,0.0,0.0,1.0
-0.00341346,-0.222933,-0.0959295,0.392229,-0.00608949,-0.422878,0.0,0.0,1.0
0.00317308,-0.221106,-0.100032,0.380751,0.00579332,-0.388379,0.0,0.0,1.0
0.00116587,-0.213137,-0.100393,0.412847,0.00188991,-0.363811,0.0,0.0,1.0
0.000745192,-0.211274,-0.115288,0.392227,0.00127202,-0.380632,0.0,0.0,1.0
0.00445913,-0.214988,-0.129575,0.394683,0.0076321,-0.404855,0.0,0.0,1.0
0.00514423,-0.204279,-0.145545,0.404293,0.00817756,-0.440437,0.0,0.0,1.0
0.000649038,-0.199519,-0.158317,0.413514,0.000980114,-0.468943,0.0,0.0,1.0
-0.0215625,-0.193966,-0.168365,0.422657,-0.0310803,-0.503902,0.0,0.0,1.0
0.00762019,-0.197885,-0.192196,0.394193,0.0120085,-0.543136,0.0,0.0,1.0
-0.0228606,-0.18113,-0.200192,0.399965,-0.0325462,-0.556246,0.0,0.0,1.0
-0.00132212,-0.191202,-0.215529,0.396181,-0.00200071,-0.554547,0.0,0.0,1.0
-0.0247236,-0.183546,-0.223373,0.406257,-0.0350795,-0.537457,0.0,0.0,1.0
-0.0224159,-0.183137,-0.233245,0.399164,-0.0323161,-0.527984,0.0,0.0,1.0
0.00245192,-0.199279,-0.252853,0.379632,0.00405256,-0.509253,0.0,0.0,1.0
-0.0253606,-0.175361,-0.258526,0.394592,-0.0354183,-0.504283,0.0,0.0,1.0
-0.0174279,-0.184303,-0.273077,0.385847,-0.0261328,-0.494078,0.0,0.0,1.0
-0.0244111,-0.170252,-0.2823,0.396484,-0.0329638,-0.469834,0.0,0.0,1.0
-0.00805288,-0.178101,-0.297596,0.383734,-0.011755,-0.45872,0.0,0.0,1.0
-0.0103005,-0.177079,-0.308502,0.392182,-0.0146207,-0.434097,0.0,0.0,1.0
-0.00240385,-0.176082,-0.321074,0.391707,-0.0034027,-0.418126,0.0,0.0,1.0
-0.00473558,-0.178486,-0.329423,0.398438,-0.00665199,-0.398068,0.0,0.0,1.0
0.000108173,-0.18732,-0.340649,0.381607,0.000164062,-0.379178,0.0,0.0,1.0
-0.0088101,-0.179363,-0.334239,0.384661,-0.0129119,-0.366639,0.0,0.0,1.0
-0.00165865,-0.182837,-0.343061,0.374463,-0.00258239,-0.33217,0.0,0.0,1.0
-0.000576923,-0.190313,-0.356779,0.378377,-0.000926847,-0.308388,0.0,0.0,1.0
-0.00225962,-0.18899,-0.360128,0.392567,-0.00344105,-0.278331,0.0,0.0,1.0
-0.00335337,-0.185901,-0.348726,0.36838,-0.00531605,-0.295842,0.0,0.0,1.0
-0.0184014,-0.185204,-0.336306,0.384126,-0.0278757,-0.326368,0.0,0.0,1.0
-0.00375,-0.187981,-0.320641,0.384863,-0.00576349,-0.363422,0.0,0.0,1.0
-0.0132933,-0.185769,-0.304439,0.3987,-0.0194467,-0.396595,0.0,0.0,1.0
-0.00844952,-0.185565,-0.295793,0.404874,-0.0121513,-0.447331,0.0,0.0,1.0
-0.0247356,-0.179014,-0.281122,0.42714,-0.0325632,-0.478112,0.0,0.0,1.0
0.000240385,-0.182284,-0.275048,0.421116,0.000332386,-0.51921,0.0,0.0,1.0
0.00200721,-0.182873,-0.264543,0.410107,0.00281037,-0.534484,0.0,0.0,1.0
-0.0382212,-0.16887,-0.250881,0.41331,-0.0446767,-0.545959,0.0,0.0,1.0
-0.0155769,-0.180697,-0.248446,0.414071,-0.0192129,-0.568725,0.0,0.0,1.0
-0.0211298,-0.184543,-0.233429,0.410956,-0.0229331,-0.572539,0.0,0.0,1.0
-0.0170673,-0.189856,-0.223718,0.40545,-0.0179169,-0.583433,0.0,0.0,1.0
-0.0198798,-0.194712,-0.210304,0.40221,-0.0203191,-0.586683,0.0,0.0,1.0
-0.0632933,-0.183101,-0.19609,0.406819,-0.060954,-0.555861,0.0,0.0,1.0
-0.0896274,-0.179772,-0.182572,0.409462,-0.0876651,-0.530946,0.0,0.0,1.0
-0.07375,-0.179712,-0.17609,0.423418,-0.0711822,-0.527669,0.0,0.0,1.0
-0.0132212,-0.213558,-0.173942,0.418751,-0.0212045,-0.546043,0.0,0.0,1.0
-0.0964543,-0.176454,-0.159591,0.4163,-0.10914,-0.489468,0.0,0.0,1.0
-0.017512,-0.1922,-0.146178,0.430777,-0.0245753,-0.483065,0.0,0.0,1.0
-0.00257212,-0.206346,-0.140369,0.42519,-0.00389915,-0.43542,0.0,0.0,1.0
-0.013149,-0.214567,-0.137228,0.422482,-0.0209595,-0.386314,0.0,0.0,1.0
-0.000564904,-0.231815,-0.140345,0.40859,-0.00100781,-0.360291,0.0,0.0,1.0
-0.00326923,-0.23262,-0.148478,0.397807,-0.00601278,-0.321938,0.0,0.0,1.0
-0.00286058,-0.230361,-0.16266,0.387324,-0.00536506,-0.300716,0.0,0.0,1.0
-0.0083774,-0.213209,-0.171162,0.408075,-0.0137322,-0.298868,0.0,0.0,1.0
-0.00819712,-0.213918,-0.187019,0.405914,-0.0135661,-0.354246,0.0,0.0,1.0
-0.0165625,-0.208029,-0.202228,0.423403,-0.0255703,-0.414939,0.0,0.0,1.0
0.000192308,-0.223029,-0.228782,0.4381,0.000296165,-0.478004,0.0,0.0,1.0
-0.0155649,-0.217368,-0.243165,0.434391,-0.0244858,-0.535134,0.0,0.0,1.0
-0.00614183,-0.220733,-0.262748,0.424838,-0.00671254,-0.571666,0.0,0.0,1.0
-8.41346e-05,-0.201454,-0.285601,0.413884,-6.39205e-05,-0.586116,0.0,0.0,1.0
7.21154e-05,-0.20137,-0.300705,0.411756,4.26136e-05,-0.588244,0.0,0.0,1.0
-0.0469231,-0.17262,-0.299631,0.382956,-0.0522702,-0.576935,0.0,0.0,1.0
-0.0174038,-0.185649,-0.312356,0.37694,-0.0236726,-0.602391,0.0,0.0,1.0
-0.0263702,-0.183942,-0.322933,0.381882,-0.0389277,-0.580106,0.0,0.0,1.0
-0.0225841,-0.185685,-0.327412,0.368723,-0.0357528,-0.557037,0.0,0.0,1.0
-0.0213221,-0.187861,-0.333429,0.365625,-0.0344361,-0.534489,0.0,0.0,1.0
-0.0205769,-0.182091,-0.338894,0.365259,-0.0322543,-0.517682,0.0,0.0,1.0
-0.00870192,-0.185216,-0.348061,0.365521,-0.0138729,-0.499078,0.0,0.0,1.0
0.000396635,-0.188738,-0.353309,0.371031,0.000645597,-0.488178,0.0,0.0,1.0
-0.0157332,-0.1853,-0.364319,0.376594,-0.0243239,-0.469102,0.0,0.0,1.0
-0.00730769,-0.186298,-0.368782,0.373293,-0.0114609,-0.444686,0.0,0.0,1.0
0.00106971,-0.180901,-0.374463,0.364803,0.00167045,-0.423287,0.0,0.0,1.0
0.00342548,-0.171286,-0.388646,0.357925,0.00515199,-0.388247,0.0,0.0,1.0
-0.00334135,-0.163774,-0.388942,0.356815,-0.00484304,-0.34782,0.0,0.0,1.0
0.0058774,-0.171238,-0.394671,0.358775,0.00882315,-0.319041,0.0,0.0,1.0
0.00870192,-0.174087,-0.39859,0.380231,0.0125518,-0.291754,0.0,0.0,1.0
0.0171274,-0.176695,-0.393534,0.391881,0.0242749,-0.264436,0.0,0.0,1.0
0.000853365,-0.178017,-0.388261,0.357735,0.00135298,-0.305081,0.0,0.0,1.0
0.00308894,-0.166863,-0.385377,0.361658,0.00447443,-0.363406,0.0,0.0,1.0
0.00391827,-0.164447,-0.371282,0.385408,0.00524361,-0.433161,0.0,0.0,1.0
-0.00519231,-0.16738,-0.359503,0.382067,-0.00712713,-0.511615,0.0,0.0,1.0
0.00158654,-0.167067,-0.350769,0.383957,0.00216051,-0.551,0.0,0.0,1.0
-0.00536058,-0.164207,-0.336859,0.393296,-0.00702486,-0.587226,0.0,0.0,1.0
-0.00308894,-0.171839,-0.333069,0.393266,-0.00326634,-0.604462,0.0,0.0,1.0
4.80769e-05,-0.172788,-0.323333,0.384151,4.26136e-05,-0.615849,0.0,0.0,1.0
-0.0137981,-0.168486,-0.312099,0.390401,-0.00901278,-0.609599,0.0,0.0,1.0
-0.00644231,-0.175144,-0.303654,0.388478,-0.00441051,-0.611522,0.0,0.0,1.0
-0.000625,-0.175337,-0.297564,0.386398,-0.000426136,-0.613602,0.0,0.0,1.0
-0.00308894,-0.17518,-0.290601,0.393048,-0.00208807,-0.606952,0.0,0.0,1.0
-0.000841346,-0.171851,-0.284455,0.393668,-0.000553977,-0.606332,0.0,0.0,1.0
-0.00264423,-0.173077,-0.279455,0.413252,-0.00170455,-0.586748,0.0,0.0,1.0
-0.0071875,-0.172524,-0.273942,0.422883,-0.00483079,-0.576574,0.0,0.0,1.0
0.00272837,-0.177248,-0.273389,0.419212,0.00364773,-0.550497,0.0,0.0,1.0
0.000889423,-0.175577,-0.271298,0.41791,0.0011527,-0.541703,0.0,0.0,1.0
-0.00182692,-0.181466,-0.272356,0.422619,-0.00246094,-0.514132,0.0,0.0,1.0
-0.000132212,-0.189579,-0.272764,0.400662,-0.000178977,-0.477278,0.0,0.0,1.0
0.00149038,-0.181346,-0.269808,0.377749,0.00225852,-0.451065,0.0,0.0,1.0
0.00550481,-0.180072,-0.269103,0.379511,0.00820099,-0.429314,0.0,0.0,1.0
-0.000108173,-0.176022,-0.270409,0.365333,-0.000168324,-0.401851,0.0,0.0,1.0
0.000384615,-0.186034,-0.268381,0.385281,0.000581676,-0.37907,0.0,0.0,1.0
6.93889e-18,-0.194279,-0.267724,0.411413,0.0,-0.370753,0.0,0.0,1.0
4.80769e-05,-0.184399,-0.267196,0.394474,8.09659e-05,-0.381847,0.0,0.0,1.0
0.00800481,-0.18649,-0.278125,0.417058,0.0112266,-0.410624,0.0,0.0,1.0
-0.0151683,-0.188005,-0.273045,0.425631,-0.0210447,-0.439266,0.0,0.0,1.0
-0.0152043,-0.192272,-0.273421,0.437627,-0.0209808,-0.471979,0.0,0.0,1.0
0.00132212,-0.180312,-0.279103,0.406675,0.00183239,-0.49194,0.0,0.0,1.0
0.00859375,-0.189748,-0.283293,0.414168,0.0123643,-0.522021,0.0,0.0,1.0
0.0021875,-0.175409,-0.277981,0.406875,0.00297869,-0.542216,0.0,0.0,1.0
0.00364183,-0.172945,-0.281498,0.380335,0.00520313,-0.544409,0.0,0.0,1.0
0.00969952,-0.169387,-0.284848,0.369089,0.0139986,-0.558361,0.0,0.0,1.0
0.0111779,-0.168293,-0.285577,0.376266,0.0157202,-0.551668,0.0,0.0,1.0
0.0233894,-0.161322,-0.288558,0.386538,0.0306797,-0.544908,0.0,0.0,1.0
0.0153846,-0.166538,-0.289776,0.393688,0.0204524,-0.549163,0.0,0.0,1.0
0.00432692,-0.17774,-0.291699,0.389491,0.00618963,-0.544746,0.0,0.0,1.0
0.000348558,-0.177704,-0.293534,0.387232,0.000504972,-0.54003,0.0,0.0,1.0
0.0024399,-0.1878,-0.308277,0.383412,0.00377131,-0.526432,0.0,0.0,1.0
0.0121394,-0.164591,-0.307917,0.395224,0.0158821,-0.516466,0.0,0.0,1.0
0.0223437,-0.157752,-0.31512,0.394813,0.0280419,-0.499175,0.0,0.0,1.0
-0.00246394,-0.168858,-0.327716,0.383256,-0.00343679,-0.481328,0.0,0.0,1.0
0.0331971,-0.162043,-0.3375,0.367641,0.0460057,-0.452594,0.0,0.0,1.0
-0.0772837,-0.13149,-0.366394,0.277178,-0.115225,-0.420581,0.0,0.0,1.0
-0.0805288,-0.120649,-0.379279,0.262131,-0.116474,-0.374271,0.0,0.0,1.0
-0.08,-0.12351,-0.393558,0.265681,-0.116874,-0.325274,0.0,0.0,1.0
-0.0738702,-0.124688,-0.405545,0.261298,-0.110787,-0.281926,0.0,0.0,1.0
-0.0711538,-0.123846,-0.412532,0.279805,-0.0989531,-0.239832,0.0,0.0,1.0
-0.0708053,-0.125974,-0.426643,0.265319,-0.105646,-0.212476,0.0,0.0,1.0
-0.0713582,-0.126743,-0.438341,0.268006,-0.106031,-0.191739,0.0,0.0,1.0
-0.0802404,-0.123462,-0.450705,0.278906,-0.111605,-0.163864,0.0,0.0,1.0
