0.273187,-0.0132891,-0.0575781,0.0185938,0.347281,-0.0784167,0.0,0.0,1.0
0.27157,-0.0168281,-0.0583594,0.0235625,0.344781,-0.0723125,0.0,0.0,1.0
0.274477,-0.0277266,-0.0880625,0.0388438,0.348281,-0.0435833,0.0,0.0,1.0
0.273844,-0.0372891,-0.139453,0.0585781,0.309922,0.0288021,0.0,0.0,1.0
0.270258,-0.0126563,-0.160578,0.0186719,0.325766,0.0879479,0.0,0.0,1.0
0.272414,-0.0134766,-0.140406,0.0189375,0.344531,0.0618958,0.0,0.0,1.0
0.27416,-0.00542578,-0.144961,0.00809375,0.326281,0.036625,0.0,0.0,1.0
0.271617,-0.00466406,-0.150594,0.00715625,0.314625,0.0324792,0.0,0.0,1.0
0.280922,-0.00267188,-0.229687,0.00425,0.31275,0.0708333,0.0,0.0,1.0
0.255469,-5.55112e-17,-0.370313,0.0,0.259375,0.260417,0.0,0.0,1.0
0.239063,-1.38778e-17,-0.103125,0.0,0.278125,0.264583,0.0,0.0,1.0
0.26932,0.000210938,-0.0542188,-0.0003125,0.3185,0.129167,0.0,0.0,1.0
0.276703,-0.00621094,-0.119453,0.00959375,0.319125,0.0756042,0.0,0.0,1.0
0.274617,0.00475781,-0.148094,-0.00690625,0.336313,0.0596875,0.0,0.0,1.0
0.274477,-2.34375e-05,-0.180469,3.125e-05,0.320531,0.0491667,0.0,0.0,1.0
0.274219,-0.000304688,-0.222266,0.0004375,0.328125,0.089875,0.0,0.0,1.0
0.279703,0.00248437,-0.223562,-0.00375,0.330125,0.115458,0.0,0.0,1.0
0.285117,-0.0177187,-0.186047,0.02925,0.306844,0.0794792,0.0,0.0,1.0
0.278906,-2.77556e-17,-0.135937,0.0,0.325,-0.0166667,0.0,0.0,1.0
0.267914,0.00342187,-0.149891,-0.0051875,0.314625,-0.177625,0.0,0.0,1.0
0.278977,0.00253125,-0.210453,-0.003875,0.324625,-0.197417,0.0,0.0,1.0
0.27191,0.00216797,-0.196117,-0.0035625,0.292469,-0.138187,0.0,0.0,1.0
0.265078,0.00274219,-0.0980156,-0.0045625,0.284156,0.0251458,0.0,0.0,1.0
0.270773,-0.000609375,-0.00460937,0.00107812,0.271703,0.160156,0.0,0.0,1.0
0.26925,0.000164062,0.0236094,-0.000234375,0.308953,0.21126,0.0,0.0,1.0
0.282187,-0.00339844,-0.0165781,0.00545313,0.312984,0.226573,0.0,0.0,1.0
0.271875,-1.38778e-17,-0.0625,6.93889e-18,0.3125,0.245833,0.0,0.0,1.0
0.272941,0.00174609,-0.0815391,-0.00264062,0.321766,0.246635,0.0,0.0,1.0
0.277852,0.00461719,-0.0982812,-0.00720312,0.317172,0.217635,0.0,0.0,1.0
0.274242,0.000398437,-0.119438,-0.000625,0.321687,0.156083,0.0,0.0,1.0
0.271898,-0.00264844,-0.120969,0.00389062,0.327609,0.117427,0.0,0.0,1.0
0.275801,-0.000761719,-0.0994922,0.00121875,0.311375,0.0732292,0.0,0.0,1.0
0.277418,-0.000386719,-0.0673516,0.000625,0.308125,0.0276667,0.0,0.0,1.0
0.283055,7.03125e-05,-0.0735312,-0.000109375,0.314922,-0.0599896,0.0,0.0,1.0
0.270586,-0.00473438,-0.115234,0.0074375,0.305781,-0.148146,0.0,0.0,1.0
0.271875,-4.16334e-17,-0.13125,-1.38778e-17,0.30625,-0.2375,0.0,0.0,1.0
0.280148,-0.00480469,-0.107781,0.00748438,0.320047,-0.292073,0.0,0.0,1.0
0.278449,-1.17188e-05,-0.0549453,1.5625e-05,0.307328,-0.25626,0.0,0.0,1.0
0.269578,-0.00496875,-0.0310312,0.00742187,0.319859,-0.238969,0.0,0.0,1.0
0.271289,-9.375e-05,-0.0283906,0.000140625,0.324422,-0.20801,0.0,0.0,1.0
0.274406,-0.00138281,0.00310938,0.00225,0.300813,-0.0557083,0.0,0.0,1.0
0.270844,-0.00182812,0.0113438,0.00284375,0.310969,0.123708,0.0,0.0,1.0
0.27457,0.00124219,0.0279063,-0.00190625,0.317906,0.170458,0.0,0.0,1.0
0.265277,-0.00165234,0.0395859,0.00240625,0.324375,0.199437,0.0,0.0,1.0
0.276539,0.00225,0.0221719,-0.00354687,0.312859,0.185531,0.0,0.0,1.0
0.275895,-0.00254297,0.00407031,0.0039375,0.314781,0.134312,0.0,0.0,1.0
0.27218,-0.00250781,0.00015625,0.00382813,0.317859,0.10724,0.0,0.0,1.0
0.267445,-0.00958594,0.0094375,0.0146563,0.310937,0.0444375,0.0,0.0,1.0
0.266098,-0.00505078,0.0153984,0.00685938,0.348047,-0.11074,0.0,0.0,1.0
0.271266,-0.00192188,0.0194688,0.00275,0.338313,-0.126708,0.0,0.0,1.0
0.270281,-0.00557812,0.0245938,0.0078125,0.342094,-0.0396875,0.0,0.0,1.0
0.270457,-0.00516797,0.0107891,0.00759375,0.327437,-0.0301875,0.0,0.0,1.0
0.27177,-0.000925781,0.00644531,0.001375,0.324906,-0.0405625,0.0,0.0,1.0
0.269461,-0.00117188,0.0136094,0.00175,0.320719,-0.0438958,0.0,0.0,1.0
0.273211,-0.00199219,0.0349062,0.0030625,0.314438,-0.0276667,0.0,0.0,1.0
0.2715,-0.000609375,0.0628125,0.000921875,0.317891,0.0168646,0.0,0.0,1.0
0.278578,0.00028125,0.0590313,-0.0004375,0.318625,0.0753333,0.0,0.0,1.0
0.27743,-0.0131484,-0.0132188,0.0207813,0.311969,0.078,0.0,0.0,1.0
0.281063,-0.00199219,-0.123609,0.00303125,0.32725,0.0761458,0.0,0.0,1.0
0.280535,-0.00317578,-0.196398,0.00503125,0.315188,0.0639375,0.0,0.0,1.0
0.276656,0.000304688,-0.183859,-0.000515625,0.309828,0.0608021,0.0,0.0,1.0
0.292148,-0.000164062,-0.100875,0.00028125,0.316125,0.0619792,0.0,0.0,1.0
0.295312,-6.93889e-18,0.025,6.93889e-18,0.3125,0.0833333,0.0,0.0,1.0
0.297656,0.0,0.142188,0.0,0.321875,0.0979167,0.0,0.0,1.0
0.265922,-0.00335156,0.220453,0.00490625,0.321,0.121063,0.0,0.0,1.0
0.272016,-0.00232031,0.202672,0.00348438,0.325234,0.119156,0.0,0.0,1.0
0.278379,-0.00244922,0.164352,0.00367187,0.330891,0.0827188,0.0,0.0,1.0
0.287613,-0.000878906,0.0957734,0.00140625,0.317969,0.00841667,0.0,0.0,1.0
0.291656,0.00147656,-0.00332812,-0.00235937,0.328984,-0.113052,0.0,0.0,1.0
0.276246,-0.000386719,-0.0684609,0.00059375,0.327656,-0.131042,0.0,0.0,1.0
0.271078,0.000632813,-0.0676094,-0.00096875,0.316844,-0.0825,0.0,0.0,1.0
0.272883,-0.000375,-0.0395156,0.000609375,0.310922,-0.0190938,0.0,0.0,1.0
0.267703,-0.00220313,-0.0243437,0.00353125,0.299469,0.0444583,0.0,0.0,1.0
0.283957,-0.00240234,0.0296016,0.00403125,0.300844,0.0935417,0.0,0.0,1.0
0.28616,0.000152344,0.106352,-0.00028125,0.29925,0.133354,0.0,0.0,1.0
0.276445,0.00257813,0.143328,-0.00384375,0.330906,0.17325,0.0,0.0,1.0
0.278836,0.00234375,0.132859,-0.00370313,0.312109,0.214927,0.0,0.0,1.0
0.273234,0.000421875,0.1085,-0.000625,0.32025,0.252583,0.0,0.0,1.0
0.27348,0.00512109,0.0775859,-0.00784375,0.317531,0.238375,0.0,0.0,1.0
0.261832,0.00280078,0.00153906,-0.00434375,0.299906,0.177083,0.0,0.0,1.0
0.273656,0.000773437,-0.110172,-0.00126563,0.297828,0.14826,0.0,0.0,1.0
0.268289,-0.000703125,-0.154953,0.00103125,0.321656,0.156,0.0,0.0,1.0
0.271875,-2.77556e-17,-0.1625,0.0,0.325,0.183333,0.0,0.0,1.0
0.275859,-0.00548438,-0.138219,0.00875,0.306656,0.175771,0.0,0.0,1.0
0.283594,-1.38778e-17,-0.0765625,-6.93889e-18,0.303125,0.10625,0.0,0.0,1.0
0.271875,-3.46945e-18,-0.028125,3.46945e-18,0.296875,-0.0145833,0.0,0.0,1.0
0.276188,-0.0043125,0.0119063,0.00723437,0.292078,-0.138677,0.0,0.0,1.0
0.292102,-0.00473438,0.111797,0.008125,0.302156,-0.213104,0.0,0.0,1.0
0.271688,0.00438281,0.177922,-0.00698437,0.302453,-0.205281,0.0,0.0,1.0
0.266426,-0.00291797,0.204195,0.00460937,0.299922,-0.131281,0.0,0.0,1.0
0.272578,-0.00471094,0.200047,0.00740625,0.307594,-0.071125,0.0,0.0,1.0
0.272695,-0.00499219,0.16425,0.00810937,0.298422,-0.0394688,0.0,0.0,1.0
0.274711,-0.000867188,0.0984062,0.00151563,0.278328,0.0138437,0.0,0.0,1.0
0.267188,1.73472e-18,0.015625,-1.73472e-18,0.28125,0.1,0.0,0.0,1.0
0.276563,-3.46945e-18,-0.040625,6.93889e-18,0.309375,0.15625,0.0,0.0,1.0
0.280008,0.000539062,-0.0865937,-0.000875,0.305469,0.149062,0.0,0.0,1.0
0.276234,0.00028125,-0.1255,-0.000453125,0.305859,0.108844,0.0,0.0,1.0
0.270797,-0.000726563,-0.161109,0.00114062,0.310453,0.0633021,0.0,0.0,1.0
0.275531,-7.03125e-05,-0.181859,0.000109375,0.308297,0.0601354,0.0,0.0,1.0
0.280723,0.000292969,-0.149414,-0.0005,0.290375,0.027,0.0,0.0,1.0
0.283102,0.00065625,-0.0947344,-0.0011875,0.278062,-0.0405,0.0,0.0,1.0
0.275086,0.00290625,-0.0508281,-0.00471875,0.30075,-0.0978958,0.0,0.0,1.0
0.272684,-0.00277734,-0.00658594,0.004625,0.292219,-0.0756875,0.0,0.0,1.0
0.264,-0.00142969,0.0399844,0.00234375,0.290406,-0.000125,0.0,0.0,1.0
0.265805,-0.00869531,0.110594,0.0143437,0.286625,0.121437,0.0,0.0,1.0
0.272648,-0.0050625,0.138172,0.0078125,0.313594,0.133563,0.0,0.0,1.0
0.281133,0.00494531,0.10325,-0.00825,0.300094,0.0626458,0.0,0.0,1.0
0.275063,-0.00065625,-0.00325,0.0010625,0.304312,-0.0209167,0.0,0.0,1.0
0.260566,-0.00366797,-0.15182,0.005375,0.315406,0.00447917,0.0,0.0,1.0
0.282164,-0.00508594,-0.247187,0.00709375,0.359844,0.0955417,0.0,0.0,1.0
0.277594,-0.00724219,-0.312172,0.0109219,0.326641,0.188573,0.0,0.0,1.0
0.266789,-0.00888281,-0.306906,0.0133281,0.316047,0.192781,0.0,0.0,1.0
0.289348,-0.00528516,-0.260695,0.00867188,0.313953,0.12099,0.0,0.0,1.0
0.267281,-0.00210938,-0.209656,0.00334375,0.299062,0.0372708,0.0,0.0,1.0
0.270012,-0.000621094,-0.114773,0.0009375,0.316344,-0.0737708,0.0,0.0,1.0
0.25507,7.03125e-05,-0.0856562,-7.8125e-05,0.333703,-0.0605938,0.0,0.0,1.0
0.26482,0.000398437,-0.101438,-0.00059375,0.321844,0.0203333,0.0,0.0,1.0
0.269426,-0.000386719,-0.116305,0.0005625,0.328031,0.0644375,0.0,0.0,1.0
0.269578,-0.0102422,-0.128797,0.0148125,0.331531,0.0718542,0.0,0.0,1.0
0.282187,0.00726563,-0.102719,-0.0112969,0.322922,0.0157604,0.0,0.0,1.0
0.261645,-0.00263672,-0.0653828,0.00370313,0.330578,0.0244063,0.0,0.0,1.0
0.269531,0.00110156,-0.0796094,-0.00164062,0.323484,0.0624062,0.0,0.0,1.0
0.264469,-0.00100781,-0.123453,0.00140625,0.330938,0.128396,0.0,0.0,1.0
0.272461,-0.00478125,-0.163578,0.007375,0.315219,0.140938,0.0,0.0,1.0
0.271711,-0.00140625,-0.190609,0.00221875,0.304312,0.0919375,0.0,0.0,1.0
0.276023,0.00391406,-0.199687,-0.00575,0.333781,0.0162708,0.0,0.0,1.0
0.269062,0.000703125,-0.213656,-0.00096875,0.337125,-0.00110417,0.0,0.0,1.0
0.271617,0.00100781,-0.199563,-0.00154687,0.315797,0.0517396,0.0,0.0,1.0
0.275871,-0.00343359,-0.170602,0.0054375,0.310313,0.164625,0.0,0.0,1.0
0.272438,7.03125e-05,-0.172234,-0.000109375,0.322391,0.261156,0.0,0.0,1.0
0.275965,-0.010418,-0.193617,0.0163594,0.312703,0.259635,0.0,0.0,1.0
0.26973,0.000246094,-0.195336,-0.00040625,0.299688,0.142063,0.0,0.0,1.0
0.276105,-3.51562e-05,-0.18882,3.125e-05,0.312125,0.0502292,0.0,0.0,1.0
0.281836,0.00241406,-0.215813,-0.00378125,0.3185,-0.0356042,0.0,0.0,1.0
0.270832,0.00233203,-0.287117,-0.00334375,0.3375,-0.0849792,0.0,0.0,1.0
0.278367,0.00325781,-0.316406,-0.00464062,0.349359,-0.0270521,0.0,0.0,1.0
0.276914,0.00269531,-0.289969,-0.00401562,0.329547,0.0242396,0.0,0.0,1.0
0.275801,0.000316406,-0.246258,-0.0005,0.326438,0.0460417,0.0,0.0,1.0
0.274266,-0.0104531,-0.190094,0.0164844,0.309734,0.0439687,0.0,0.0,1.0
0.287496,0.00151172,-0.119133,-0.00235937,0.328203,0.0740729,0.0,0.0,1.0
0.289371,0.00556641,-0.0420547,-0.00853125,0.335125,0.135271,0.0,0.0,1.0
0.283371,-0.000574219,0.0396172,0.00090625,0.331437,0.179896,0.0,0.0,1.0
0.266953,-0.00084375,0.107969,0.00121875,0.329094,0.217667,0.0,0.0,1.0
0.293836,-0.0024375,0.0721406,0.00384375,0.330656,0.1905,0.0,0.0,1.0
0.29475,-0.0225937,-0.0560625,0.039875,0.297,0.124417,0.0,0.0,1.0
0.292535,-0.000292969,-0.194852,0.00046875,0.324469,0.110583,0.0,0.0,1.0
0.290672,-0.00869531,-0.294078,0.0143594,0.313359,0.0976979,0.0,0.0,1.0
0.275156,-0.0113672,-0.402516,0.0172812,0.322094,0.118667,0.0,0.0,1.0
0.26577,-0.000855469,-0.497633,0.00129687,0.315266,0.134615,0.0,0.0,1.0
0.268523,-0.00457031,-0.481969,0.00670312,0.325016,0.0930104,0.0,0.0,1.0
0.287156,0.00164062,-0.312344,-0.00285937,0.293422,0.0133437,0.0,0.0,1.0
0.285398,-0.0152344,-0.145453,0.0245,0.315844,-0.0101042,0.0,0.0,1.0
0.270445,0.00065625,-0.110422,-0.00096875,0.328312,-0.0134375,0.0,0.0,1.0
0.270598,-0.00172266,-0.111305,0.00248437,0.337203,-0.00521875,0.0,0.0,1.0
0.272848,-0.00519141,-0.0850078,0.00767187,0.327797,0.0199896,0.0,0.0,1.0
0.273305,-0.00274219,-0.06625,0.004,0.331094,0.0859375,0.0,0.0,1.0
0.283898,0.0016875,-0.114016,-0.00271875,0.311094,0.103,0.0,0.0,1.0
0.266438,0.000867188,-0.206641,-0.001375,0.301812,0.0982917,0.0,0.0,1.0
0.274031,-0.00028125,-0.295188,0.000421875,0.327859,0.135865,0.0,0.0,1.0
0.274242,-0.00250781,-0.282844,0.00373437,0.329328,0.13699,0.0,0.0,1.0
0.271875,-6.93889e-17,-0.1875,0.0,0.321875,0.114583,0.0,0.0,1.0
0.3,0.000609375,-0.00890625,-0.00101562,0.317953,0.0885938,0.0,0.0,1.0
0.26332,-0.00349219,0.0444687,0.005125,0.32,0.101,0.0,0.0,1.0
0.264574,-0.00219141,0.0240547,0.00325,0.316,0.0958333,0.0,0.0,1.0
0.269227,-0.0005625,-0.0136406,0.00084375,0.32825,0.0598958,0.0,0.0,1.0
0.271641,-0.000890625,-0.0370938,0.00132813,0.327172,0.0261979,0.0,0.0,1.0
0.274219,-2.77556e-17,-0.0515625,-6.93889e-18,0.353125,0.0145833,0.0,0.0,1.0
0.260156,-6.93889e-18,-0.0390625,3.46945e-18,0.30625,-0.025,0.0,0.0,1.0
0.269531,-6.93889e-18,0.0171875,5.20417e-18,0.2875,0.00416667,0.0,0.0,1.0
0.253125,0.0,0.040625,-3.46945e-18,0.28125,0.0541667,0.0,0.0,1.0
0.260156,-8.23994e-18,0.0046875,8.67362e-18,0.29375,0.0583333,0.0,0.0,1.0
0.276563,-2.77556e-17,-0.071875,-6.93889e-18,0.278125,0.0770833,0.0,0.0,1.0
0.253125,-2.77556e-17,-0.190625,0.0,0.28125,0.179167,0.0,0.0,1.0
0.253125,-2.77556e-17,-0.24375,0.0,0.290625,0.239583,0.0,0.0,1.0
0.257812,-2.77556e-17,-0.28125,0.0,0.303125,0.239583,0.0,0.0,1.0
0.246094,-8.32667e-17,-0.267188,0.0,0.284375,0.227083,0.0,0.0,1.0
0.2625,0.0,-0.190625,0.0,0.296875,0.210417,0.0,0.0,1.0
0.255469,-1.38778e-17,-0.164062,0.0,0.2875,0.191667,0.0,0.0,1.0
0.267188,-2.77556e-17,-0.215625,0.0,0.290625,0.177083,0.0,0.0,1.0
0.260156,-5.55112e-17,-0.276563,0.0,0.284375,0.164583,0.0,0.0,1.0
0.250781,-8.32667e-17,-0.292188,0.0,0.3,0.129167,0.0,0.0,1.0
0.2625,-2.77556e-17,-0.2375,0.0,0.284375,0.114583,0.0,0.0,1.0
0.2625,-1.38778e-17,-0.1,6.93889e-18,0.2875,0.0958333,0.0,0.0,1.0
0.24375,-1.38778e-17,0.05625,0.0,0.29375,0.0375,0.0,0.0,1.0
0.255469,3.46945e-18,0.0421875,0.0,0.2875,0.025,0.0,0.0,1.0
0.264844,-2.08167e-17,-0.0484375,3.46945e-18,0.28125,-0.00416667,0.0,0.0,1.0
0.257812,-2.77556e-17,-0.171875,0.0,0.284375,-0.0270833,0.0,0.0,1.0
0.267188,-2.77556e-17,-0.20625,0.0,0.290625,-0.0395833,0.0,0.0,1.0
0.24375,-8.32667e-17,-0.271875,0.0,0.284375,-0.0270833,0.0,0.0,1.0
0.241406,-5.55112e-17,-0.304688,0.0,0.3,-0.0166667,0.0,0.0,1.0
0.250781,-8.32667e-17,-0.282813,0.0,0.29375,9.25186e-18,0.0,0.0,1.0
0.24375,-5.55112e-17,-0.190625,0.0,0.290625,-0.00208333,0.0,0.0,1.0
0.267188,-1.64799e-17,0.009375,3.46945e-18,0.284375,0.0145833,0.0,0.0,1.0
0.253125,-1.38778e-17,0.09375,0.0,0.28125,0.00833333,0.0,0.0,1.0
0.248437,-1.38778e-17,0.0875,-6.93889e-18,0.29375,-0.00416667,0.0,0.0,1.0
0.260156,-1.04083e-17,0.0390625,0.0,0.278125,0.0104167,0.0,0.0,1.0
0.248437,-2.42861e-17,-0.025,-6.93889e-18,0.2875,0.025,0.0,0.0,1.0
0.2625,-6.93889e-18,-0.090625,0.0,0.278125,0.0770833,0.0,0.0,1.0
0.2625,-1.38778e-17,-0.153125,0.0,0.290625,0.09375,0.0,0.0,1.0
0.246094,-2.77556e-17,-0.282813,0.0,0.290625,0.0354167,0.0,0.0,1.0
0.241406,-5.55112e-17,-0.379687,0.0,0.296875,-0.0145833,0.0,0.0,1.0
0.253125,-1.11022e-16,-0.384375,0.0,0.3,-0.0208333,0.0,0.0,1.0
0.24375,-8.32667e-17,-0.321875,0.0,0.2875,-0.0125,0.0,0.0,1.0
0.246094,-5.55112e-17,-0.229687,0.0,0.290625,0.00208333,0.0,0.0,1.0
0.253125,-2.77556e-17,-0.215625,0.0,0.290625,0.01875,0.0,0.0,1.0
0.239063,-5.55112e-17,-0.228125,0.0,0.296875,-0.0145833,0.0,0.0,1.0
0.236719,-2.77556e-17,-0.210938,0.0,0.290625,-0.0479167,0.0,0.0,1.0
0.241406,-4.16334e-17,-0.176563,0.0,0.284375,-0.0854167,0.0,0.0,1.0
0.250781,-4.16334e-17,-0.148438,0.0,0.290625,-0.08125,0.0,0.0,1.0
0.246094,-1.38778e-17,-0.142188,0.0,0.296875,-0.0395833,0.0,0.0,1.0
0.241406,-4.16334e-17,-0.170312,0.0,0.28125,0.00833333,0.0,0.0,1.0
0.24375,-2.77556e-17,-0.184375,0.0,0.26875,0.0708333,0.0,0.0,1.0
0.253125,-4.16334e-17,-0.165625,0.0,0.265625,0.16875,0.0,0.0,1.0
0.239063,-2.77556e-17,-0.125,-1.38778e-17,0.284375,0.235417,0.0,0.0,1.0
0.264844,-2.77556e-17,-0.160938,0.0,0.284375,0.239583,0.0,0.0,1.0
0.236719,-2.77556e-17,-0.226562,0.0,0.275,0.204167,0.0,0.0,1.0
0.248437,-5.55112e-17,-0.25,0.0,0.26875,0.0791667,0.0,0.0,1.0
0.236719,-2.77556e-17,-0.254687,0.0,0.2875,-0.0833333,0.0,0.0,1.0
0.241406,-2.77556e-17,-0.232812,0.0,0.29375,-0.145833,0.0,0.0,1.0
0.24375,-2.77556e-17,-0.1875,0.0,0.2875,-0.1375,0.0,0.0,1.0
0.248437,-1.38778e-17,-0.1375,0.0,0.278125,-0.08125,0.0,0.0,1.0
0.24375,-2.08167e-17,-0.06875,-6.93889e-18,0.278125,-0.0229167,0.0,0.0,1.0
0.248437,-1.38778e-17,-0.05625,0.0,0.296875,-0.0229167,0.0,0.0,1.0
0.234375,-2.77556e-17,-0.0875,0.0,0.2875,-0.0208333,0.0,0.0,1.0
0.236719,-1.38778e-17,-0.160938,0.0,0.284375,0.00208333,0.0,0.0,1.0
0.250781,0.0,-0.232812,0.0,0.29375,0.0416667,0.0,0.0,1.0
0.239063,-2.77556e-17,-0.24375,0.0,0.278125,0.0854167,0.0,0.0,1.0
0.248437,-5.55112e-17,-0.23125,0.0,0.290625,0.10625,0.0,0.0,1.0
0.236719,-2.77556e-17,-0.239063,0.0,0.28125,0.0708333,0.0,0.0,1.0
0.241406,-2.77556e-17,-0.242188,0.0,0.2625,-0.00416667,0.0,0.0,1.0
0.24375,-2.77556e-17,-0.2,0.0,0.28125,-0.1125,0.0,0.0,1.0
0.246094,1.38778e-17,-0.0984375,0.0,0.284375,-0.122917,0.0,0.0,1.0
0.239063,1.73472e-18,0.0125,-2.60209e-18,0.26875,-0.0958333,0.0,0.0,1.0
0.220313,1.38778e-17,0.0875,0.0,0.28125,-0.0208333,0.0,0.0,1.0
0.246094,1.38778e-17,0.107813,0.0,0.259375,0.0854167,0.0,0.0,1.0
0.239063,-1.38778e-17,0.096875,0.0,0.275,0.120833,0.0,0.0,1.0
0.241406,0.0,0.107813,0.0,0.275,0.1375,0.0,0.0,1.0
0.246094,0.0,0.117188,0.0,0.2875,0.1125,0.0,0.0,1.0
0.241406,6.93889e-18,0.0921875,0.0,0.271875,0.135417,0.0,0.0,1.0
0.222656,-3.46945e-18,0.0046875,4.33681e-18,0.278125,0.147917,0.0,0.0,1.0
0.222656,-6.93889e-18,-0.0796875,0.0,0.278125,0.152083,0.0,0.0,1.0
0.239063,-2.08167e-17,-0.09375,0.0,0.284375,0.185417,0.0,0.0,1.0
0.260895,0.00263672,-0.13282,-0.0040625,0.29975,0.202375,0.0,0.0,1.0
0.25657,-0.0106875,-0.172266,0.01725,0.282156,0.171729,0.0,0.0,1.0
0.257824,-0.0101836,-0.162539,0.016,0.291875,0.119083,0.0,0.0,1.0
0.26352,-0.00258984,-0.154102,0.0040625,0.299563,0.0778333,0.0,0.0,1.0
0.258902,-0.00502734,-0.132398,0.00773438,0.299047,0.0527396,0.0,0.0,1.0
0.253395,-0.0107227,-0.0801641,0.0168281,0.287266,0.0409063,0.0,0.0,1.0
0.262102,-0.0125625,-0.0335156,0.0212656,0.275359,0.0172812,0.0,0.0,1.0
0.262102,-0.00764062,-0.0153281,0.0126406,0.281109,-0.0387187,0.0,0.0,1.0
0.260719,-0.00574219,-0.00835938,0.00896875,0.297437,-0.0928958,0.0,0.0,1.0
0.260812,-2.34375e-05,0.0167656,3.125e-05,0.304188,-0.0513542,0.0,0.0,1.0
0.264844,0.000960938,0.0640156,-0.00140625,0.31875,0.102021,0.0,0.0,1.0
0.264773,-0.00810937,0.0438281,0.0137344,0.277984,0.258448,0.0,0.0,1.0
0.253992,0.00138281,-0.0133125,-0.002125,0.295063,0.265,0.0,0.0,1.0
0.256805,-0.00046875,-0.0389531,0.0006875,0.30875,0.194792,0.0,0.0,1.0
0.255469,-2.08167e-17,-0.0484375,3.46945e-18,0.3125,0.025,0.0,0.0,1.0
0.262266,-0.0122109,-0.0729219,0.0178125,0.319406,-0.121188,0.0,0.0,1.0
0.255727,-0.00189844,-0.090625,0.00278125,0.31325,-0.137437,0.0,0.0,1.0
0.260086,0.000304688,-0.132188,-0.000484375,0.292578,-0.103552,0.0,0.0,1.0
0.252211,-0.00895313,-0.180484,0.0135469,0.296234,-0.0789687,0.0,0.0,1.0
0.268406,-0.00588281,-0.156953,0.00951563,0.295141,-0.0842396,0.0,0.0,1.0
0.249844,-0.0139922,-0.0536094,0.0226563,0.274469,-0.131542,0.0,0.0,1.0
0.252211,-0.0114375,0.00129687,0.01875,0.273313,-0.183625,0.0,0.0,1.0
0.250688,-0.00297656,0.0392969,0.00428125,0.308688,-0.202896,0.0,0.0,1.0
0.255023,-0.00407813,0.0505156,0.006125,0.301594,-0.135229,0.0,0.0,1.0
0.26018,0.000257812,-0.0015,-0.0004375,0.276688,-0.0637917,0.0,0.0,1.0
0.249469,0.000375,-0.0640938,-0.0005625,0.292906,-0.0199375,0.0,0.0,1.0
0.257625,-0.00236719,-0.0866094,0.0036875,0.294406,-0.0101458,0.0,0.0,1.0
0.256582,0.00226172,-0.0797422,-0.0035625,0.290469,-0.0244375,0.0,0.0,1.0
0.259711,-0.00215625,-0.0495781,0.00346875,0.28875,-0.0065625,0.0,0.0,1.0
0.255,0.001875,-0.0853437,-0.00301563,0.280797,0.0238229,0.0,0.0,1.0
0.259582,0.00418359,-0.177039,-0.00696875,0.277,0.0691875,0.0,0.0,1.0
0.257836,-0.00667969,-0.202719,0.0100781,0.303078,0.0906771,0.0,0.0,1.0
0.263344,-0.0100547,-0.165328,0.0164844,0.285672,0.0614271,0.0,0.0,1.0
0.256992,-0.0116953,-0.108813,0.0186875,0.285594,0.000979167,0.0,0.0,1.0
0.253617,0.001125,-0.0755469,-0.00160938,0.314328,-0.0436562,0.0,0.0,1.0
0.246703,-0.000890625,-0.0706562,0.001375,0.287344,0.0093125,0.0,0.0,1.0
0.247945,-9.375e-05,-0.0775156,0.00015625,0.314594,0.026875,0.0,0.0,1.0
0.245227,0.001125,-0.0785469,-0.0015625,0.314063,0.0459583,0.0,0.0,1.0
0.242062,-0.00257813,-0.10975,0.003625,0.306688,0.0646667,0.0,0.0,1.0
0.248754,-0.0140273,-0.161227,0.0228125,0.272,0.132375,0.0,0.0,1.0
0.251555,-0.00384375,-0.180141,0.00557812,0.307922,0.179365,0.0,0.0,1.0
0.252398,0.00234375,-0.141297,-0.00335938,0.312359,0.185594,0.0,0.0,1.0
0.252352,0.00229687,-0.134078,-0.00329687,0.310328,0.163698,0.0,0.0,1.0
0.261949,-0.00612891,-0.155039,0.0091875,0.310813,0.146875,0.0,0.0,1.0
0.254836,-0.00213281,-0.162969,0.00309375,0.310906,0.128542,0.0,0.0,1.0
0.249961,-0.0046875,-0.138984,0.00717187,0.291297,0.111323,0.0,0.0,1.0
0.248812,-0.00684375,-0.049,0.0120156,0.251922,0.0216354,0.0,0.0,1.0
0.253219,-0.00278906,0.0360156,0.00409375,0.307469,-0.121667,0.0,0.0,1.0
0.25398,-0.00104297,0.0435859,0.0015625,0.302063,-0.131125,0.0,0.0,1.0
0.252527,-0.00704297,0.0472734,0.00989063,0.319672,-0.10076,0.0,0.0,1.0
0.248379,0.000152344,0.0295078,-0.00021875,0.325063,0.0166875,0.0,0.0,1.0
0.248273,-0.00292969,0.00978125,0.00446875,0.289406,0.1225,0.0,0.0,1.0
0.257836,0.00128906,-0.0119687,-0.00196875,0.296906,0.159833,0.0,0.0,1.0
0.260262,-0.00772266,-0.0662578,0.0115937,0.307969,0.135958,0.0,0.0,1.0
0.246891,0.000703125,-0.155625,-0.00103125,0.296688,0.144354,0.0,0.0,1.0
0.244172,-0.0031875,-0.150562,0.00467187,0.296891,0.19226,0.0,0.0,1.0
0.255445,-0.00309375,-0.117359,0.00465625,0.303438,0.230687,0.0,0.0,1.0
0.248437,-1.38778e-17,-0.0875,0.0,0.3,0.225,0.0,0.0,1.0
0.25091,-0.00495703,-0.0835391,0.00821875,0.26875,0.164687,0.0,0.0,1.0
0.250207,-0.00561328,-0.0792734,0.00809375,0.308688,0.0821458,0.0,0.0,1.0
0.259734,-0.00553125,-0.0226875,0.00842187,0.303547,0.0692604,0.0,0.0,1.0
0.252727,-0.000820312,0.0822812,0.00123438,0.296234,0.0855729,0.0,0.0,1.0
0.249891,-0.00121875,0.119094,0.00179688,0.305891,0.0706979,0.0,0.0,1.0
0.246691,-8.20312e-05,0.0837891,0.000125,0.303844,0.0446458,0.0,0.0,1.0
0.259078,-0.0016875,0.0472188,0.00259375,0.296719,0.0426667,0.0,0.0,1.0
0.247371,-3.51562e-05,0.0163516,6.25e-05,0.289344,0.0816458,0.0,0.0,1.0
0.246914,-0.00766406,0.008625,0.0115,0.293,0.145583,0.0,0.0,1.0
0.252457,0.00214453,-0.0335703,-0.00334375,0.286,0.199354,0.0,0.0,1.0
0.249176,0.00425391,-0.0476172,-0.00653125,0.288156,0.213375,0.0,0.0,1.0
0.252562,-2.34375e-05,-0.0126406,6.25e-05,0.277219,0.191437,0.0,0.0,1.0
0.245461,0.00084375,0.00370313,-0.00126563,0.288984,0.152531,0.0,0.0,1.0
0.238078,7.03125e-05,-0.0149531,-0.000109375,0.289266,0.112115,0.0,0.0,1.0
0.244078,-0.000492188,-0.0279844,0.000734375,0.291953,0.0923437,0.0,0.0,1.0
0.248051,0.00535547,-0.0317734,-0.00779688,0.302984,0.0568854,0.0,0.0,1.0
0.240562,0.00560156,-0.0181094,-0.00807813,0.296672,0.0518438,0.0,0.0,1.0
0.246023,-0.00874219,0.01775,0.0132656,0.287922,0.0234271,0.0,0.0,1.0
0.244031,-0.00065625,0.0115312,0.0009375,0.297656,-0.00714583,0.0,0.0,1.0
0.25125,-0.00517969,0.0144531,0.007875,0.292937,0.0260417,0.0,0.0,1.0
0.249855,-0.00111328,0.0336641,0.00178125,0.278344,0.0835833,0.0,0.0,1.0
0.246141,-0.0001875,0.0609687,0.00028125,0.288188,0.126813,0.0,0.0,1.0
0.245648,-0.00239062,0.0755469,0.00370313,0.283484,0.146823,0.0,0.0,1.0
0.248332,0.00280078,0.0243359,-0.00428125,0.286844,0.152958,0.0,0.0,1.0
0.247313,-0.00161719,-0.0667969,0.00253125,0.280937,0.169646,0.0,0.0,1.0
0.244184,-0.00155859,-0.128195,0.00228125,0.297156,0.180125,0.0,0.0,1.0
0.243621,0.00195703,-0.167414,-0.00320312,0.264609,0.14701,0.0,0.0,1.0
0.24941,-0.00533203,-0.207305,0.00909375,0.259906,0.03125,0.0,0.0,1.0
0.240586,-0.00602344,-0.197875,0.00875,0.294156,-0.0903542,0.0,0.0,1.0
0.260437,0.00253125,-0.171625,-0.0039375,0.296313,-0.116167,0.0,0.0,1.0
0.249152,-0.00359766,-0.134414,0.00545313,0.291391,-0.0978229,0.0,0.0,1.0
0.243293,0.000691406,-0.0910547,-0.00109375,0.278937,-0.0386042,0.0,0.0,1.0
0.245074,0.00207422,-0.0736953,-0.00321875,0.281312,-0.0306042,0.0,0.0,1.0
0.238711,0.0016875,-0.0431719,-0.00253125,0.283094,-0.0241667,0.0,0.0,1.0
0.248437,-8.67362e-19,-0.00625,1.30104e-18,0.290625,0.0395833,0.0,0.0,1.0
0.250781,-1.38778e-17,0.0515625,0.0,0.290625,0.152083,0.0,0.0,1.0
0.243762,0.00146484,0.0834297,-0.00223438,0.284672,0.246677,0.0,0.0,1.0
0.236227,-0.00759375,0.0581719,0.0126094,0.253078,0.228385,0.0,0.0,1.0
0.250277,0.000949219,0.0267734,-0.0014375,0.292719,0.0781875,0.0,0.0,1.0
0.236883,0.000609375,-0.00398437,-0.000890625,0.280453,0.0310104,0.0,0.0,1.0
0.232441,-0.00605859,-0.0619609,0.00884375,0.282813,0.00835417,0.0,0.0,1.0
0.24225,-0.00717187,-0.12925,0.0109063,0.283125,0.0204375,0.0,0.0,1.0
0.241043,-0.000199219,-0.149164,0.0003125,0.280594,0.108979,0.0,0.0,1.0
0.236449,0.000222656,-0.129477,-0.0003125,0.28325,0.149417,0.0,0.0,1.0
0.248437,-2.77556e-17,-0.084375,0.0,0.2875,0.15,0.0,0.0,1.0
0.246305,0.000984375,-0.00998437,-0.00151563,0.286203,0.146073,0.0,0.0,1.0
0.238629,0.000714844,0.0254609,-0.0010625,0.286,0.174417,0.0,0.0,1.0
0.238383,-0.00571875,0.0289844,0.00846875,0.285969,0.2135,0.0,0.0,1.0
0.240445,0.000796875,0.0149531,-0.0011875,0.288156,0.251354,0.0,0.0,1.0
0.242906,0.00084375,0.00840625,-0.00128125,0.28375,0.274146,0.0,0.0,1.0
0.241535,-0.00305859,0.0145703,0.00453125,0.291063,0.258479,0.0,0.0,1.0
0.240926,-0.000105469,0.0190391,0.00015625,0.282187,0.229896,0.0,0.0,1.0
0.241406,-3.46945e-18,0.0265625,3.46945e-18,0.278125,0.197917,0.0,0.0,1.0
0.242754,-0.000480469,0.0231172,0.000765625,0.274891,0.162219,0.0,0.0,1.0
0.240832,0.000457031,0.0145547,-0.00075,0.267719,0.173313,0.0,0.0,1.0
0.241277,3.51562e-05,-0.0171016,-6.25e-05,0.273875,0.201458,0.0,0.0,1.0
0.23618,0.00196875,-0.0477656,-0.003,0.276656,0.207354,0.0,0.0,1.0
0.244758,0.00255469,-0.0531875,-0.00398437,0.279078,0.178969,0.0,0.0,1.0
0.248168,-0.00151172,-0.0496016,0.00246875,0.270813,0.118396,0.0,0.0,1.0
0.241875,0.000328125,-0.0575625,-0.00053125,0.267563,0.100521,0.0,0.0,1.0
0.245766,-0.00255469,-0.0787656,0.0041875,0.267062,0.12,0.0,0.0,1.0
0.25098,0.00458203,-0.0656953,-0.00759375,0.268562,0.134354,0.0,0.0,1.0
0.245895,8.20312e-05,-0.0237266,-0.000109375,0.271484,0.144323,0.0,0.0,1.0
0.237773,0.00236719,0.0289375,-0.00392187,0.255016,0.115448,0.0,0.0,1.0
0.247277,0.00310547,0.0678516,-0.00514062,0.265984,0.0548854,0.0,0.0,1.0
0.234375,0.0,0.078125,0.0,0.28125,0.0,0.0,0.0,1.0
0.231234,0.00084375,0.0597188,-0.00125,0.273531,0.000854167,0.0,0.0,1.0
0.236016,-0.00428906,0.0487969,0.00678125,0.265156,0.0292083,0.0,0.0,1.0
0.234586,-0.000585938,0.0377188,0.00090625,0.271156,0.064625,0.0,0.0,1.0
0.246352,-0.00229687,-0.00673437,0.00373437,0.270547,0.0761771,0.0,0.0,1.0
0.242988,0.00188672,-0.0958516,-0.00325,0.250625,0.0442083,0.0,0.0,1.0
0.234375,-4.16334e-17,-0.14375,0.0,0.275,-4.62593e-17,0.0,0.0,1.0
0.235605,-0.00263672,-0.146055,0.00384375,0.288406,0.0185417,0.0,0.0,1.0
0.2205,-0.0005625,-0.128813,0.0008125,0.270875,0.0742083,0.0,0.0,1.0
0.24375,1.38778e-17,-0.059375,-6.93889e-18,0.3,0.283333,0.0,0.0,1.0
0.224531,0.000117187,0.0219219,-0.00015625,0.280906,0.359125,0.0,0.0,1.0
0.228691,-0.00474609,0.0971484,0.00734375,0.262344,0.308167,0.0,0.0,1.0
0.239063,1.38778e-17,0.146875,0.0,0.275,0.208333,0.0,0.0,1.0
0.24048,-0.00434766,0.133305,0.00710938,0.261453,0.16101,0.0,0.0,1.0
0.241875,-0.00225,0.087,0.00365625,0.264313,0.117104,0.0,0.0,1.0
0.227578,0.000328125,0.019,-0.000515625,0.250922,0.144635,0.0,0.0,1.0
0.245344,0.000257812,-0.0666406,-0.0004375,0.274156,0.176771,0.0,0.0,1.0
0.235031,-0.001875,-0.140531,0.00282812,0.277297,0.17874,0.0,0.0,1.0
0.255469,-2.77556e-17,-0.0734375,-6.93889e-18,0.26875,0.175,0.0,0.0,1.0
0.256992,0.000398437,0.0480938,-0.0006875,0.270969,0.183354,0.0,0.0,1.0
0.224977,0.00028125,0.124859,-0.0004375,0.265594,0.178771,0.0,0.0,1.0
0.236813,0.00164062,0.186281,-0.00260937,0.266234,0.15174,0.0,0.0,1.0
0.234234,-4.6875e-05,0.216438,9.375e-05,0.260594,0.15975,0.0,0.0,1.0
0.239145,-0.000128906,0.240836,0.000203125,0.267141,0.187927,0.0,0.0,1.0
0.235078,0.00124219,0.249359,-0.00195312,0.265359,0.183719,0.0,0.0,1.0
0.235078,-0.00482812,0.255313,0.0075625,0.266656,0.156271,0.0,0.0,1.0
0.22582,-0.004125,0.227859,0.00614063,0.270109,0.16526,0.0,0.0,1.0
0.232031,0.0,0.148438,1.38778e-17,0.26875,0.245833,0.0,0.0,1.0
0.243,4.6875e-05,0.084875,-7.8125e-05,0.274391,0.278927,0.0,0.0,1.0
0.23993,-0.00424219,0.085375,0.00665625,0.27175,0.261562,0.0,0.0,1.0
0.233449,0.00183984,0.113117,-0.00295312,0.257734,0.209906,0.0,0.0,1.0
0.235313,0.00321094,0.133641,-0.00471875,0.2835,0.192104,0.0,0.0,1.0
0.224402,0.00650391,0.183414,-0.00989063,0.261797,0.247969,0.0,0.0,1.0
0.238863,-0.00273047,0.237695,0.004375,0.266,0.278792,0.0,0.0,1.0
0.232031,0.00147656,0.274422,-0.00220313,0.274984,0.238406,0.0,0.0,1.0
0.22493,0.000773437,0.226781,-0.00104688,0.292828,0.121219,0.0,0.0,1.0
0.240504,-0.00162891,0.100555,0.00235937,0.294547,-0.0535938,0.0,0.0,1.0
0.238102,0.00210938,0.0385469,-0.00315625,0.282125,-0.131104,0.0,0.0,1.0
0.235828,-0.000679687,0.0354531,0.001,0.290469,-0.100104,0.0,0.0,1.0
0.232723,0.00622266,0.0345391,-0.00882812,0.291891,-0.0163229,0.0,0.0,1.0
0.245203,-0.00532031,0.00695312,0.00871875,0.266438,0.0771458,0.0,0.0,1.0
0.233766,-0.000398437,-0.0683594,0.000640625,0.259734,0.168323,0.0,0.0,1.0
0.231973,0.00113672,-0.14268,-0.00175,0.26475,0.19375,0.0,0.0,1.0
0.23107,0.00222656,-0.165844,-0.0034375,0.266375,0.20275,0.0,0.0,1.0
0.238008,4.6875e-05,-0.159953,-6.25e-05,0.277656,0.206771,0.0,0.0,1.0
0.243973,0.000949219,-0.128117,-0.00154687,0.268203,0.220656,0.0,0.0,1.0
0.241676,-0.00125391,-0.0777266,0.002125,0.252688,0.1975,0.0,0.0,1.0
0.236719,-2.08167e-17,-0.0578125,0.0,0.284375,0.0520833,0.0,0.0,1.0
0.228668,0.00104297,-0.102273,-0.00154687,0.275766,-0.0594479,0.0,0.0,1.0
0.231328,-0.000445313,-0.113422,0.0006875,0.265375,-0.092,0.0,0.0,1.0
0.23243,-0.00107812,-0.129672,0.0018125,0.245125,-0.0599167,0.0,0.0,1.0
0.234703,-0.00196875,-0.197531,0.00346875,0.238656,0.00204167,0.0,0.0,1.0
0.235746,-0.000363281,-0.233164,0.000578125,0.267859,0.0545313,0.0,0.0,1.0
0.228844,-0.00084375,-0.2585,0.00128125,0.268469,0.05975,0.0,0.0,1.0
0.231797,-0.000890625,-0.26675,0.00146875,0.251094,0.0844167,0.0,0.0,1.0
0.229605,0.000433594,-0.283617,-0.0006875,0.259125,0.143583,0.0,0.0,1.0
0.229523,-0.00217969,-0.277687,0.00332812,0.266797,0.171427,0.0,0.0,1.0
0.239063,-5.55112e-17,-0.209375,0.0,0.26875,0.175,0.0,0.0,1.0
0.239508,-7.03125e-05,-0.109031,9.375e-05,0.270406,0.157292,0.0,0.0,1.0
0.215039,-0.00332812,0.0135469,0.00473438,0.268578,0.12976,0.0,0.0,1.0
0.241336,0.000890625,0.0736719,-0.0014375,0.262437,0.0969583,0.0,0.0,1.0
0.229793,0.000785156,0.127867,-0.0013125,0.250875,0.13625,0.0,0.0,1.0
0.23366,-0.00106641,0.131711,0.00179688,0.247953,0.19801,0.0,0.0,1.0
0.22077,3.51562e-05,0.0572578,-6.25e-05,0.268469,0.216896,0.0,0.0,1.0
0.222656,-2.77556e-17,-0.110937,0.0,0.271875,0.14375,0.0,0.0,1.0
0.234375,-2.77556e-17,-0.2,0.0,0.275,0.0958333,0.0,0.0,1.0
0.255223,0.00678516,-0.263352,-0.011625,0.265281,0.0917292,0.0,0.0,1.0
0.236742,-0.000375,-0.290359,0.00059375,0.268656,0.144292,0.0,0.0,1.0
0.241406,-2.77556e-17,-0.201562,0.0,0.26875,0.15,0.0,0.0,1.0
0.246094,1.38778e-17,-0.120312,0.0,0.265625,0.10625,0.0,0.0,1.0
0.227332,0.00127734,-0.0829453,-0.00192188,0.267516,0.0209271,0.0,0.0,1.0
0.239367,-0.00435938,-0.0332031,0.007,0.265719,-0.00135417,0.0,0.0,1.0
0.223512,0.00312891,0.0606797,-0.00476563,0.261328,0.00992708,0.0,0.0,1.0
0.239707,-0.00331641,0.165477,0.0055625,0.255219,0.0366875,0.0,0.0,1.0
0.229852,0.00117188,0.192922,-0.00184375,0.262125,0.0554375,0.0,0.0,1.0
0.231187,0.00124219,0.181641,-0.002,0.254656,0.0420208,0.0,0.0,1.0
0.209777,0.00345703,0.0936797,-0.00509375,0.252531,0.0215,0.0,0.0,1.0
0.227344,-8.67362e-19,-0.0109375,1.73472e-18,0.259375,-0.0395833,0.0,0.0,1.0
0.236613,0.000691406,-0.113977,-0.00107812,0.271734,-0.155302,0.0,0.0,1.0
0.23175,0.000398437,-0.0919219,-0.000625,0.267156,-0.200146,0.0,0.0,1.0
0.209871,0.000222656,0.0363047,-0.000296875,0.261891,-0.216219,0.0,0.0,1.0
0.225973,-0.00446484,0.0758672,0.00698437,0.257297,-0.252844,0.0,0.0,1.0
0.226676,0.000574219,0.0983984,-0.00090625,0.258625,-0.317646,0.0,0.0,1.0
0.224719,-0.00710156,0.100859,0.0107187,0.264125,-0.285062,0.0,0.0,1.0
0.00106641,0.00165234,-0.293461,-0.00075,0.00415625,-0.103271,0.0,0.0,1.0
0.224203,-0.0015,0.107063,0.00259375,0.229156,0.020125,0.0,0.0,1.0
0.0020625,-0.000328125,-0.122219,0.00046875,0.00246875,0.139583,0.0,0.0,1.0
0.227344,-0.000351563,0.108453,0.000546875,0.260734,0.150948,0.0,0.0,1.0
0.21941,-0.00169922,0.0975859,0.00270312,0.244578,0.102219,0.0,0.0,1.0
0.219398,-0.00759375,0.0787031,0.0117813,0.251906,0.0434583,0.0,0.0,1.0
0.226688,-0.0020625,0.058,0.0033125,0.252031,-0.0028125,0.0,0.0,1.0
0.226254,0.00549609,0.0519609,-0.00901563,0.244922,-0.0681146,0.0,0.0,1.0
0.225,-2.08167e-17,0.053125,-6.93889e-18,0.259375,-0.19375,0.0,0.0,1.0
0.229687,0.0,0.053125,-6.93889e-18,0.246875,-0.364583,0.0,0.0,1.0
0.223828,-0.00360938,0.113406,0.00530938,0.270231,-0.492321,0.0,0.0,1.0
0.229687,-1.38778e-17,0.1625,0.0,0.284375,-0.414583,0.0,0.0,1.0
0.227344,2.77556e-17,0.192188,0.0,0.24375,-0.195833,0.0,0.0,1.0
0.229687,2.77556e-17,0.153125,0.0,0.259375,-0.09375,0.0,0.0,1.0
0.224051,0.000667969,0.0988828,-0.001125,0.235875,-0.0285417,0.0,0.0,1.0
0.222398,0.00110156,0.0621562,-0.00185938,0.237109,0.0430104,0.0,0.0,1.0
0.214852,-0.00236719,0.03525,0.00371875,0.242594,0.09975,0.0,0.0,1.0
0.220465,-0.00202734,0.00364844,0.00307812,0.257766,0.13876,0.0,0.0,1.0
0.225,-1.04083e-17,-0.01875,0.0,0.2625,0.158333,0.0,0.0,1.0
0.221379,-0.000621094,0.000445313,0.000921875,0.263641,0.173094,0.0,0.0,1.0
0.227367,0.000398437,0.0264688,-0.000625,0.249844,0.167313,0.0,0.0,1.0
0.227496,0.00608203,0.0506953,-0.0102031,0.241047,0.122052,0.0,0.0,1.0
0.225773,-7.03125e-05,0.06825,0.000109375,0.242953,0.0770312,0.0,0.0,1.0
0.223031,-0.00161719,0.108828,0.00276563,0.231453,0.0153854,0.0,0.0,1.0
0.224742,-0.00267188,0.138734,0.00409375,0.262094,-0.0219583,0.0,0.0,1.0
0.221086,-0.00309375,0.152766,0.00470312,0.258891,-0.0119063,0.0,0.0,1.0
0.222656,2.77556e-17,0.195312,0.0,0.234375,0.03125,0.0,0.0,1.0
0.226242,-0.000890625,0.194516,0.00165625,0.219437,0.101104,0.0,0.0,1.0
0.223324,0.00139453,0.147039,-0.00240625,0.229125,0.184188,0.0,0.0,1.0
0.221625,0.00208594,0.0708281,-0.0035625,0.230219,0.255604,0.0,0.0,1.0
0.231914,4.6875e-05,-0.00154687,-7.8125e-05,0.262266,0.291802,0.0,0.0,1.0
0.223043,0.00134766,-0.0262422,-0.00209375,0.256969,0.281833,0.0,0.0,1.0
0.227812,0.000140625,-0.03825,-0.00025,0.244062,0.264208,0.0,0.0,1.0
0.224625,-0.00248437,-0.0922813,0.00364062,0.272109,0.168885,0.0,0.0,1.0
0.216516,0.000445313,-0.0956719,-0.00059375,0.285,0.0066875,0.0,0.0,1.0
0.221496,0.00214453,-0.0411172,-0.0034375,0.245656,-0.0640208,0.0,0.0,1.0
0.222598,0.00423047,0.0285547,-0.00671875,0.249187,-0.0873542,0.0,0.0,1.0
0.212215,-0.00258984,0.0640703,0.00384375,0.254969,-0.0654167,0.0,0.0,1.0
0.229078,-0.00257813,0.111062,0.0041875,0.250219,0.0189792,0.0,0.0,1.0
0.230625,-0.00386719,0.166672,0.00621875,0.254875,0.0753125,0.0,0.0,1.0
0.221953,-0.000515625,0.208344,0.00084375,0.246375,0.164896,0.0,0.0,1.0
0.224719,2.34375e-05,0.240453,-3.125e-05,0.261906,0.250958,0.0,0.0,1.0
0.229875,-0.000164062,0.215859,0.000265625,0.269047,0.280448,0.0,0.0,1.0
0.221977,0.000351563,0.170937,-0.00053125,0.270219,0.287542,0.0,0.0,1.0
0.201562,1.38778e-17,0.06875,-6.93889e-18,0.265625,0.302083,0.0,0.0,1.0
0.213059,0.00924609,-0.0609922,-0.0142812,0.245375,0.302021,0.0,0.0,1.0
0.220313,-4.16334e-17,-0.171875,0.0,0.259375,0.310417,0.0,0.0,1.0
0.218555,-0.00250781,-0.191781,0.00425,0.228719,0.252396,0.0,0.0,1.0
0.222656,-1.38778e-17,-0.151562,0.0,0.2625,0.125,0.0,0.0,1.0
0.229102,-0.00389062,-0.149047,0.005875,0.269469,0.0158125,0.0,0.0,1.0
0.201375,-0.00164062,-0.114031,0.0021875,0.267344,-0.0196042,0.0,0.0,1.0
0.203906,-1.04083e-17,-0.0265625,0.0,0.253125,-0.0479167,0.0,0.0,1.0
0.210938,0.0,0.071875,0.0,0.275,-0.0541667,0.0,0.0,1.0
0.213914,-0.00180469,0.118125,0.00260937,0.261391,-0.0475104,0.0,0.0,1.0
0.217289,0.000445313,0.136469,-0.000625,0.276781,-0.0183125,0.0,0.0,1.0
0.223195,-0.00117188,0.148734,0.00178125,0.265156,0.0283333,0.0,0.0,1.0
0.22227,0.00235547,0.167758,-0.004,0.232937,0.087875,0.0,0.0,1.0
0.201562,1.38778e-17,0.11875,0.0,0.246875,0.14375,0.0,0.0,1.0
0.201117,0.00222656,0.0160937,-0.00334375,0.239094,0.152917,0.0,0.0,1.0
0.212332,-0.00270703,-0.113461,0.00434375,0.2345,0.137771,0.0,0.0,1.0
0.234984,0.00379688,-0.252531,-0.0068125,0.232438,0.140708,0.0,0.0,1.0
0.227602,-0.0013125,-0.290453,0.002,0.267219,0.148438,0.0,0.0,1.0
0.233191,-0.00469922,-0.252227,0.00757813,0.257484,0.147094,0.0,0.0,1.0
0.221766,-0.000515625,-0.13475,0.000796875,0.252297,0.148698,0.0,0.0,1.0
0.228059,0.00275391,-0.0628984,-0.004375,0.254312,0.1455,0.0,0.0,1.0
0.218086,-0.00757031,-0.0492188,0.0114844,0.255609,0.128448,0.0,0.0,1.0
0.215086,0.00145313,-0.0103281,-0.00234375,0.235375,0.113146,0.0,0.0,1.0
0.210738,0.00270703,0.225477,-0.00396875,0.254625,0.102104,0.0,0.0,1.0
0.228129,-0.00130078,0.299008,0.00184375,0.284531,0.049125,0.0,0.0,1.0
0.233227,-0.00250781,0.254687,0.00417187,0.249047,0.0155104,0.0,0.0,1.0
0.229219,0.00379688,0.0784687,-0.00645312,0.239891,0.0246354,0.0,0.0,1.0
0.198141,0.00182812,-0.241,-0.0028125,0.230594,0.0747708,0.0,0.0,1.0
0.220969,-0.0109688,-0.353344,0.0174844,0.246797,0.0878229,0.0,0.0,1.0
0.21368,-0.00269531,-0.356344,0.00423437,0.241297,0.0708437,0.0,0.0,1.0
0.210891,-0.00539062,-0.254219,0.0090625,0.223,-0.00183333,0.0,0.0,1.0
0.219797,-0.0024375,-0.165688,0.00339062,0.280578,-0.14276,0.0,0.0,1.0
0.222469,0.00248437,-0.168062,-0.00365625,0.268156,-0.159833,0.0,0.0,1.0
0.216855,0.000855469,-0.166367,-0.00125,0.268281,-0.122854,0.0,0.0,1.0
0.222656,1.38778e-17,-0.120312,0.0,0.253125,-0.01875,0.0,0.0,1.0
0.221273,-0.000632813,-0.106281,0.000984375,0.259078,0.131031,0.0,0.0,1.0
0.219633,0.00105469,-0.121219,-0.001625,0.254344,0.225396,0.0,0.0,1.0
0.219445,-0.00349219,-0.103656,0.00559375,0.243906,0.2765,0.0,0.0,1.0
0.219375,0.00257813,-0.0761875,-0.00403125,0.250469,0.293792,0.0,0.0,1.0
0.212578,0.003375,-0.108906,-0.00529687,0.240234,0.263365,0.0,0.0,1.0
0.214301,-0.00500391,-0.16343,0.00746875,0.255156,0.238708,0.0,0.0,1.0
0.211055,0.000867188,-0.162437,-0.00129687,0.250609,0.29851,0.0,0.0,1.0
0.217383,7.03125e-05,-0.0569687,-9.375e-05,0.249719,0.379417,0.0,0.0,1.0
0.211758,0.000679687,-0.00909375,-0.00109375,0.235594,0.372125,0.0,0.0,1.0
0.222914,0.00311719,-0.0013125,-0.005125,0.242281,0.340187,0.0,0.0,1.0
0.231527,-1.17188e-05,-0.00349219,1.5625e-05,0.253516,0.257302,0.0,0.0,1.0
0.228188,-0.00199219,0.0241719,0.00314063,0.258016,0.0533021,0.0,0.0,1.0
0.228645,0.00195703,-0.0180859,-0.00290625,0.274531,-0.183417,0.0,0.0,1.0
0.229336,-0.00236719,-0.06,0.00360938,0.267922,-0.184656,0.0,0.0,1.0
0.223172,-0.000234375,-0.110406,0.000375,0.243344,-0.136479,0.0,0.0,1.0
0.219773,-0.000914062,-0.130063,0.0013125,0.268344,-0.0613125,0.0,0.0,1.0
0.222656,-1.38778e-17,-0.142188,0.0,0.271875,0.11875,0.0,0.0,1.0
0.230613,0.000527344,-0.145367,-0.000921875,0.233703,0.225281,0.0,0.0,1.0
0.226523,0.00239062,-0.123141,-0.0036875,0.261469,0.257437,0.0,0.0,1.0
0.220008,0.000210938,-0.095625,-0.00034375,0.253094,0.239792,0.0,0.0,1.0
0.223406,-0.00225,-0.0787812,0.00359375,0.2475,0.178979,0.0,0.0,1.0
0.219715,0.00249609,-0.0837734,-0.00389062,0.250703,0.135323,0.0,0.0,1.0
0.217781,0.000375,-0.06075,-0.0005625,0.256969,0.126271,0.0,0.0,1.0
0.215402,0.00113672,0.0317734,-0.00189062,0.231234,0.0849271,0.0,0.0,1.0
0.221086,0.000960938,0.03225,-0.00154687,0.242328,0.0403854,0.0,0.0,1.0
0.226219,-0.000304688,-0.00476563,0.00053125,0.237031,-0.016,0.0,0.0,1.0
0.231387,0.000199219,0.0176797,-0.00034375,0.240719,-0.0634167,0.0,0.0,1.0
0.22541,-0.00235547,0.0663516,0.00390625,0.243469,-0.0725,0.0,0.0,1.0
0.220313,-6.93889e-18,0.08125,0.0,0.253125,-0.0104167,0.0,0.0,1.0
0.220313,-3.46945e-18,0.0375,6.93889e-18,0.259375,0.160417,0.0,0.0,1.0
0.220313,-1.9082e-17,-0.003125,-8.89046e-18,0.25,0.266667,0.0,0.0,1.0
0.21975,-0.00290625,0.03825,0.00445312,0.254828,0.282844,0.0,0.0,1.0
0.227777,-0.00493359,0.0543828,0.00796875,0.251406,0.270667,0.0,0.0,1.0
0.226852,-0.00210938,0.00329687,0.00365625,0.234469,0.200583,0.0,0.0,1.0
0.219539,0.00576562,-0.00845313,-0.00864062,0.259672,0.177573,0.0,0.0,1.0
0.221789,0.0016875,0.00173438,-0.00251562,0.262641,0.183344,0.0,0.0,1.0
0.225352,0.00241406,0.0058125,-0.003875,0.250437,0.168708,0.0,0.0,1.0
0.224086,-0.000164062,-0.0185,0.00028125,0.244156,0.137917,0.0,0.0,1.0
0.214746,0.00394922,-0.0408203,-0.00615625,0.245687,0.102396,0.0,0.0,1.0
0.216727,0.00028125,-0.0537969,-0.00040625,0.243406,0.104208,0.0,0.0,1.0
0.215625,0.00232031,-0.0745781,-0.00354687,0.251547,0.131573,0.0,0.0,1.0
0.223875,7.03125e-05,-0.106953,-0.000109375,0.251609,0.13451,0.0,0.0,1.0
0.229301,-0.000175781,-0.10957,0.00028125,0.246438,0.118937,0.0,0.0,1.0
0.223148,0.0102187,-0.0313906,-0.0165938,0.244781,0.103667,0.0,0.0,1.0
0.228,-0.00241406,0.0515156,0.0036875,0.264562,0.10925,0.0,0.0,1.0
0.23066,0.00303516,0.00933594,-0.00465625,0.267375,0.140521,0.0,0.0,1.0
0.217828,-4.6875e-05,-0.0570625,3.125e-05,0.254687,0.176021,0.0,0.0,1.0
0.225,-1.38778e-17,-0.05625,0.0,0.253125,0.189583,0.0,0.0,1.0
0.221602,2.34375e-05,-0.0289063,-3.125e-05,0.254094,0.144458,0.0,0.0,1.0
0.217969,-1.99493e-17,-0.0109375,-8.67362e-18,0.25625,0.0875,0.0,0.0,1.0
0.222656,-8.67362e-19,-0.0109375,1.73472e-18,0.2625,0.0708333,0.0,0.0,1.0
0.226922,-0.00100781,-0.000984375,0.001625,0.251719,0.0971458,0.0,0.0,1.0
0.227367,-0.00220313,0.0301094,0.0034375,0.258906,0.116979,0.0,0.0,1.0
0.231516,-0.000234375,0.0202812,0.000375,0.254469,0.116854,0.0,0.0,1.0
0.227953,-0.00159375,0.00028125,0.00254688,0.254172,0.10849,0.0,0.0,1.0
0.221086,0.00107812,-0.000421875,-0.00167188,0.254891,0.0910104,0.0,0.0,1.0
0.21593,-0.0013125,0.0105781,0.002,0.253219,0.101021,0.0,0.0,1.0
0.225,-6.93889e-18,0.015625,8.67362e-18,0.259375,0.147917,0.0,0.0,1.0
0.222258,-0.00503906,-0.00984375,0.00804687,0.247391,0.19749,0.0,0.0,1.0
0.219375,0.000234375,-0.0187813,-0.000375,0.250375,0.218042,0.0,0.0,1.0
0.226148,-0.00560156,0.0049375,0.00903125,0.249375,0.189479,0.0,0.0,1.0
0.220371,-0.000222656,0.0442422,0.00034375,0.254813,0.109146,0.0,0.0,1.0
0.230637,0.00371484,0.0351641,-0.00590625,0.257531,0.09425,0.0,0.0,1.0
0.22984,-0.00258984,0.00957031,0.00420312,0.251203,0.139073,0.0,0.0,1.0
0.222961,-2.34375e-05,-0.0200312,3.125e-05,0.250219,0.179542,0.0,0.0,1.0
0.226488,-0.00683203,-0.0211328,0.0113125,0.242875,0.165917,0.0,0.0,1.0
0.226688,-0.00239062,-0.00459375,0.00396875,0.2435,0.0818542,0.0,0.0,1.0
0.220828,-0.000515625,0.00334375,0.0008125,0.252656,0.0420625,0.0,0.0,1.0
0.22309,0.00108984,0.0106953,-0.0016875,0.256156,0.0702292,0.0,0.0,1.0
0.225141,0.00229687,0.0130625,-0.00375,0.244625,0.139208,0.0,0.0,1.0
0.213598,-0.00162891,-0.00435156,0.0025625,0.243656,0.168771,0.0,0.0,1.0
0.219445,-0.00128906,-0.0230938,0.00190625,0.267125,0.175146,0.0,0.0,1.0
0.223184,-0.00683203,-0.0127734,0.0108125,0.25075,0.152458,0.0,0.0,1.0
0.218039,-0.000234375,-0.0138281,0.00034375,0.270187,0.140271,0.0,0.0,1.0
0.218625,-0.00117188,-0.033,0.00178125,0.255437,0.130854,0.0,0.0,1.0
0.215977,-0.000234375,-0.0668906,0.00034375,0.263187,0.194188,0.0,0.0,1.0
0.21818,0.00473438,-0.0741094,-0.007,0.261906,0.234062,0.0,0.0,1.0
0.221637,0.000246094,-0.0677734,-0.000359375,0.263734,0.222406,0.0,0.0,1.0
0.21777,-0.00404297,-0.0583672,0.00590625,0.264969,0.185417,0.0,0.0,1.0
0.223875,0.000726563,-0.0677344,-0.00110938,0.263266,0.159469,0.0,0.0,1.0
0.223078,-0.00257813,-0.0728438,0.00384375,0.266688,0.198604,0.0,0.0,1.0
0.220324,-0.000433594,-0.0686172,0.00065625,0.256344,0.253833,0.0,0.0,1.0
0.223043,-0.00488672,-0.0625703,0.00745312,0.259766,0.265406,0.0,0.0,1.0
0.222492,0.00229687,-0.0622969,-0.00345313,0.262203,0.273469,0.0,0.0,1.0
0.222188,-0.00314063,-0.064875,0.00459375,0.269406,0.276333,0.0,0.0,1.0
0.224414,0.000773437,-0.074625,-0.00109375,0.275719,0.25075,0.0,0.0,1.0
0.225422,-0.00229687,-0.0971562,0.00348438,0.264359,0.218031,0.0,0.0,1.0
0.225457,0.00423047,-0.0967891,-0.00675,0.251375,0.203208,0.0,0.0,1.0
0.221813,0.00363281,-0.0933594,-0.00578125,0.248688,0.138021,0.0,0.0,1.0
0.225,-1.38778e-17,-0.096875,-6.93889e-18,0.265625,0.102083,0.0,0.0,1.0
0.226688,-1.38778e-17,-0.107375,0.0,0.277687,0.099375,0.0,0.0,1.0
0.221977,-0.000257812,-0.0923437,0.00040625,0.258125,0.109854,0.0,0.0,1.0
0.217289,0.000703125,-0.0822344,-0.001,0.273219,0.103896,0.0,0.0,1.0
0.213129,-0.000503906,-0.0650547,0.000703125,0.268016,0.0543854,0.0,0.0,1.0
0.215531,0.00166406,-0.0564219,-0.00240625,0.265594,0.05625,0.0,0.0,1.0
0.217652,-0.00493359,-0.0533203,0.00714062,0.267109,0.101865,0.0,0.0,1.0
0.21723,8.20312e-05,-0.0566953,-0.000125,0.264844,0.164104,0.0,0.0,1.0
0.218801,-0.00256641,-0.0478359,0.00379688,0.263547,0.192823,0.0,0.0,1.0
0.222609,-9.375e-05,-0.054875,0.00015625,0.268187,0.179479,0.0,0.0,1.0
0.217887,-0.000925781,-0.0506953,0.00140625,0.251719,0.144125,0.0,0.0,1.0
0.215309,-0.00104297,-0.0180859,0.0015625,0.253563,0.124125,0.0,0.0,1.0
0.217805,-0.000679687,-0.019375,0.00104688,0.254141,0.122969,0.0,0.0,1.0
0.221895,-0.00233203,-0.0225703,0.00365625,0.252937,0.166979,0.0,0.0,1.0
0.21757,-0.00107812,-0.0542969,0.001625,0.255875,0.187708,0.0,0.0,1.0
0.217406,-0.00164062,-0.066125,0.0025,0.255188,0.185583,0.0,0.0,1.0
0.221391,-0.00269531,-0.0544531,0.00403125,0.262625,0.139938,0.0,0.0,1.0
0.217934,-0.00247266,-0.0602422,0.00367187,0.259266,0.105615,0.0,0.0,1.0
0.220125,0.000539062,-0.0903281,-0.000828125,0.252797,0.160156,0.0,0.0,1.0
0.227086,-2.34375e-05,-0.110969,3.125e-05,0.258969,0.219083,0.0,0.0,1.0
0.217969,-2.77556e-17,-0.101562,6.93889e-18,0.253125,0.24375,0.0,0.0,1.0
0.207574,-0.00125391,-0.0667578,0.00192188,0.240766,0.226073,0.0,0.0,1.0
0.218777,-0.00324609,0.000617188,0.00521875,0.24125,0.199146,0.0,0.0,1.0
0.225,6.93889e-18,0.03125,-3.46945e-18,0.259375,0.139583,0.0,0.0,1.0
0.223359,-0.0109219,-0.03325,0.0169063,0.256375,0.154896,0.0,0.0,1.0
0.21491,-0.00280078,-0.0804766,0.00409375,0.262219,0.206875,0.0,0.0,1.0
0.230684,-0.00404297,-0.0151172,0.0065625,0.252562,0.220208,0.0,0.0,1.0
0.223137,-0.00542578,0.0396328,0.0085,0.253375,0.215208,0.0,0.0,1.0
0.227344,0.00250781,0.0138594,-0.00382813,0.263891,0.155469,0.0,0.0,1.0
0.228961,0.00135937,-0.0555469,-0.00215625,0.254219,0.117,0.0,0.0,1.0
0.224531,-0.00194531,-0.0992344,0.00295312,0.264766,0.12951,0.0,0.0,1.0
0.213703,-0.000210938,-0.106328,0.0003125,0.262906,0.142229,0.0,0.0,1.0
0.211301,5.85937e-05,-0.0964766,-7.8125e-05,0.260484,0.13674,0.0,0.0,1.0
0.225199,-0.00455859,-0.0962891,0.00675,0.270813,0.127875,0.0,0.0,1.0
0.222387,-0.00230859,-0.112945,0.00342187,0.267641,0.132365,0.0,0.0,1.0
0.22391,-0.00570703,-0.111148,0.00829688,0.273922,0.13501,0.0,0.0,1.0
0.220371,0.00254297,-0.0876953,-0.00371875,0.267938,0.148479,0.0,0.0,1.0
0.222445,-0.00208594,-0.0949688,0.0030625,0.267906,0.199396,0.0,0.0,1.0
0.225316,-0.00493359,-0.0552422,0.00801563,0.246641,0.214656,0.0,0.0,1.0
0.215496,0.00741797,0.126242,-0.0119219,0.238203,0.211573,0.0,0.0,1.0
0.222188,0.000164062,0.152328,-0.000265625,0.246578,0.191135,0.0,0.0,1.0
0.220418,0.00101953,0.0615391,-0.00170312,0.232609,0.19399,0.0,0.0,1.0
0.223945,-0.00759375,-0.111391,0.0127344,0.237453,0.274719,0.0,0.0,1.0
0.226887,-0.00106641,-0.167414,0.0016875,0.252906,0.318229,0.0,0.0,1.0
0.23652,0.000269531,-0.148258,-0.00046875,0.258656,0.314208,0.0,0.0,1.0
0.221203,-0.00435938,-0.0688125,0.00696875,0.246812,0.274188,0.0,0.0,1.0
0.219797,0.000117187,-0.0424219,-0.000203125,0.252516,0.265115,0.0,0.0,1.0
0.21232,0.000210938,-0.0819687,-0.0003125,0.249469,0.274687,0.0,0.0,1.0
0.209531,-0.00128906,-0.135297,0.00192188,0.248703,0.275135,0.0,0.0,1.0
0.216668,-0.00101953,-0.169367,0.00154687,0.253359,0.284906,0.0,0.0,1.0
0.214242,-0.00255469,-0.144656,0.0039375,0.248031,0.291229,0.0,0.0,1.0
0.20959,-0.000316406,-0.0859922,0.00046875,0.249625,0.295896,0.0,0.0,1.0
0.212156,-0.00236719,-0.0749844,0.0035625,0.250688,0.275167,0.0,0.0,1.0
0.21682,0.0001875,-0.0788594,-0.00028125,0.252969,0.244083,0.0,0.0,1.0
0.219832,-0.000503906,-0.105711,0.00078125,0.251906,0.227333,0.0,0.0,1.0
0.210633,0.00269531,-0.107094,-0.00378125,0.265375,0.208604,0.0,0.0,1.0
0.217863,-3.51562e-05,-0.0795703,6.25e-05,0.256094,0.167896,0.0,0.0,1.0
0.210938,-2.08167e-17,-0.071875,-6.93889e-18,0.25,0.145833,0.0,0.0,1.0
0.215543,-0.00554297,-0.0697109,0.0083125,0.255188,0.126125,0.0,0.0,1.0
0.21007,-0.00658594,-0.073625,0.0101406,0.242422,0.0957396,0.0,0.0,1.0
0.217359,0.00084375,-0.0666562,-0.00129687,0.252297,0.0708437,0.0,0.0,1.0
0.2205,-0.00522656,-0.0598281,0.0075,0.272531,0.0893542,0.0,0.0,1.0
0.222563,0.00492187,-0.0885312,-0.00760937,0.255766,0.283469,0.0,0.0,1.0
0.226207,-0.00268359,-0.125664,0.00423437,0.253172,0.388052,0.0,0.0,1.0
0.224379,-0.00155859,-0.133445,0.00251562,0.247328,0.38001,0.0,0.0,1.0
0.222656,-2.77556e-17,-0.110937,0.0,0.278125,0.260417,0.0,0.0,1.0
0.218227,-0.000257812,-0.0796563,0.000390625,0.249922,0.200427,0.0,0.0,1.0
0.213281,-6.93889e-18,-0.0515625,-3.46945e-18,0.253125,0.13125,0.0,0.0,1.0
0.212777,-0.00657422,-0.0338047,0.0106875,0.232375,0.0760833,0.0,0.0,1.0
0.217898,-0.00288281,-0.0564375,0.00414062,0.268641,0.00263542,0.0,0.0,1.0
0.217969,-2.08167e-17,-0.0771875,-6.93889e-18,0.246688,-0.0552917,0.0,0.0,1.0
0.224777,0.00228516,-0.0686328,-0.00348438,0.261953,-0.12674,0.0,0.0,1.0
0.212297,-0.00499219,-0.0500156,0.00740625,0.254156,-0.156208,0.0,0.0,1.0
0.216703,-0.00728906,-0.0303906,0.0110937,0.252937,-0.127854,0.0,0.0,1.0
0.213891,-0.00225,-0.0105,0.003375,0.253688,-0.0662083,0.0,0.0,1.0
0.203414,-0.000234375,0.00910938,0.000375,0.215594,0.0773542,0.0,0.0,1.0
0.223969,0.000820312,0.0148281,-0.001375,0.237594,0.193104,0.0,0.0,1.0
0.208102,-0.00145313,0.0271719,0.00223438,0.241859,0.179469,0.0,0.0,1.0
0.219281,-0.00260156,0.00514062,0.00404688,0.251453,0.0685521,0.0,0.0,1.0
0.206355,0.000105469,0.00616406,-0.00015625,0.266594,0.00825,0.0,0.0,1.0
0.216234,0.00264844,0.0562656,-0.0039375,0.257219,-0.0026875,0.0,0.0,1.0
0.221098,0.00139453,0.129117,-0.00221875,0.248031,0.0483333,0.0,0.0,1.0
0.211266,-0.00457031,0.145922,0.00701563,0.244109,0.0719479,0.0,0.0,1.0
0.209344,-0.000140625,0.10175,0.0001875,0.274656,0.0959792,0.0,0.0,1.0
0.213281,1.38778e-17,0.0671875,-6.93889e-18,0.2625,0.108333,0.0,0.0,1.0
0.215578,-4.6875e-05,0.0668437,7.8125e-05,0.274922,0.120844,0.0,0.0,1.0
0.215273,0.00246094,0.0817188,-0.00353125,0.266781,0.199167,0.0,0.0,1.0
0.211816,0.00242578,0.113148,-0.00378125,0.242062,0.320146,0.0,0.0,1.0
0.215824,-0.00148828,0.12857,0.0021875,0.259625,0.346792,0.0,0.0,1.0
0.214289,0.00276563,0.104641,-0.00426563,0.247609,0.312094,0.0,0.0,1.0
0.222445,0.0005625,0.0755469,-0.000890625,0.254828,0.22399,0.0,0.0,1.0
0.210445,-0.00632813,0.0599844,0.00921875,0.257219,0.133708,0.0,0.0,1.0
0.203367,-0.00276563,0.0535156,0.0036875,0.2715,0.0217917,0.0,0.0,1.0
0.20625,6.93889e-18,0.04375,0.0,0.271875,0.01875,0.0,0.0,1.0
0.196641,-0.000117187,0.0472031,0.000140625,0.259047,0.0524063,0.0,0.0,1.0
0.198938,-0.00253125,0.0735,0.00364062,0.246328,0.0966979,0.0,0.0,1.0
0.217758,-0.00147656,0.108281,0.00221875,0.253844,0.136542,0.0,0.0,1.0
0.209063,-0.00133594,0.117297,0.00190625,0.263719,0.148375,0.0,0.0,1.0
0.21048,-1.17188e-05,0.10432,3.125e-05,0.248969,0.159708,0.0,0.0,1.0
0.216258,0.000234375,0.0828906,-0.000375,0.246562,0.215,0.0,0.0,1.0
0.208594,6.93889e-18,0.0640625,-6.93889e-18,0.259375,0.21875,0.0,0.0,1.0
0.213281,1.38778e-17,0.0671875,-6.93889e-18,0.234375,0.18125,0.0,0.0,1.0
0.213586,0.00196875,0.0639531,-0.00321875,0.23175,0.131396,0.0,0.0,1.0
0.204117,2.34375e-05,0.0740938,-4.6875e-05,0.245641,0.0575521,0.0,0.0,1.0
0.210117,-0.00234375,0.0817656,0.00346875,0.252594,0.025375,0.0,0.0,1.0
0.206461,-0.00459375,0.0798906,0.00673437,0.250453,0.00128125,0.0,0.0,1.0
0.209953,-0.00672656,0.0891719,0.0102812,0.244813,0.0111042,0.0,0.0,1.0
0.199277,0.00291797,0.0988516,-0.00434375,0.239906,0.0244167,0.0,0.0,1.0
0.208594,1.38778e-17,0.160938,0.0,0.25,0.0916667,0.0,0.0,1.0
0.212672,-0.00232031,0.184359,0.0035,0.252156,0.155479,0.0,0.0,1.0
0.208699,-0.00795703,0.139852,0.0133906,0.220453,0.230594,0.0,0.0,1.0
0.207047,-0.0167813,0.0335625,0.026875,0.229687,0.231583,0.0,0.0,1.0
0.200789,-0.0164531,-0.0368906,0.0235937,0.24875,0.200146,0.0,0.0,1.0
0.193102,-0.0143906,-0.0845469,0.0199063,0.248,0.187771,0.0,0.0,1.0
0.206637,-0.00723047,-0.140883,0.0108125,0.2455,0.0970833,0.0,0.0,1.0
0.20952,-0.00219141,-0.141898,0.00328125,0.248,-0.0416042,0.0,0.0,1.0
0.217184,-0.00338672,-0.0846484,0.00476563,0.275078,-0.105052,0.0,0.0,1.0
0.196371,-3.51562e-05,-0.0244922,3.125e-05,0.280813,-0.0676458,0.0,0.0,1.0
0.186504,-0.0104648,0.0243984,0.0125781,0.275797,-0.00109375,0.0,0.0,1.0
0.196852,-0.000328125,0.0220469,0.00046875,0.250062,0.0377292,0.0,0.0,1.0
0.200684,-0.00680859,0.0342578,0.00923438,0.263047,0.0584688,0.0,0.0,1.0
0.201445,-0.0050625,0.0516719,0.006625,0.272906,0.0638958,0.0,0.0,1.0
0.194578,-0.000492188,0.0629844,0.00065625,0.264719,0.07325,0.0,0.0,1.0
0.199852,-0.00332812,0.0664531,0.004375,0.270125,0.085125,0.0,0.0,1.0
0.206437,-0.00290625,0.059,0.00404688,0.263359,0.0853437,0.0,0.0,1.0
