0.0910625,-0.00442969,-0.528789,0.00619792,0.11576,-0.539208,0.0,0.0,1.0
0.0905234,-0.00560937,-0.52918,0.00785417,0.114927,-0.536156,0.0,0.0,1.0
0.0914922,-0.00924219,-0.544031,0.0129479,0.116094,-0.521792,0.0,0.0,1.0
0.0912813,-0.0124297,-0.569727,0.019526,0.103307,-0.485599,0.0,0.0,1.0
0.0900859,-0.00421875,-0.580289,0.00622396,0.108589,-0.456026,0.0,0.0,1.0
0.0908047,-0.00449219,-0.570203,0.0063125,0.114844,-0.469052,0.0,0.0,1.0
0.0913867,-0.00180859,-0.57248,0.00269792,0.10876,-0.481687,0.0,0.0,1.0
0.0905391,-0.00155469,-0.575297,0.00238542,0.104875,-0.48376,0.0,0.0,1.0
0.0936406,-0.000890625,-0.614844,0.00141667,0.10425,-0.464583,0.0,0.0,1.0
0.0851562,-5.55112e-17,-0.685156,0.0,0.0864583,-0.369792,0.0,0.0,1.0
0.0796875,-5.55112e-17,-0.551562,0.0,0.0927083,-0.367708,0.0,0.0,1.0
0.0897734,7.03125e-05,-0.527109,-0.000104167,0.106167,-0.435417,0.0,0.0,1.0
0.0922344,-0.00207031,-0.559727,0.00319792,0.106375,-0.462198,0.0,0.0,1.0
0.0915391,0.00158594,-0.574047,-0.00230208,0.112104,-0.470156,0.0,0.0,1.0
0.0914922,-7.8125e-06,-0.590234,1.04167e-05,0.106844,-0.475417,0.0,0.0,1.0
0.0914062,-0.000101563,-0.611133,0.000145833,0.109375,-0.455063,0.0,0.0,1.0
0.0932344,0.000828125,-0.611781,-0.00125,0.110042,-0.442271,0.0,0.0,1.0
0.0950391,-0.00590625,-0.593023,0.00975,0.102281,-0.46026,0.0,0.0,1.0
0.0929687,-1.11022e-16,-0.567969,0.0,0.108333,-0.508333,0.0,0.0,1.0
0.0893047,0.00114062,-0.574945,-0.00172917,0.104875,-0.588812,0.0,0.0,1.0
0.0929922,0.00084375,-0.605227,-0.00129167,0.108208,-0.598708,0.0,0.0,1.0
0.0906367,0.000722656,-0.598059,-0.0011875,0.0974896,-0.569094,0.0,0.0,1.0
0.0883594,0.000914062,-0.549008,-0.00152083,0.0947187,-0.487427,0.0,0.0,1.0
0.0902578,-0.000203125,-0.502305,0.000359375,0.0905677,-0.419922,0.0,0.0,1.0
0.08975,5.46875e-05,-0.488195,-7.8125e-05,0.102984,-0.39437,0.0,0.0,1.0
0.0940625,-0.00113281,-0.508289,0.00181771,0.104328,-0.386714,0.0,0.0,1.0
0.090625,-5.55112e-17,-0.53125,0.0,0.104167,-0.377083,0.0,0.0,1.0
0.0909805,0.000582031,-0.54077,-0.000880208,0.107255,-0.376682,0.0,0.0,1.0
0.0926172,0.00153906,-0.549141,-0.00240104,0.105724,-0.391182,0.0,0.0,1.0
0.0914141,0.000132813,-0.559719,-0.000208333,0.107229,-0.421958,0.0,0.0,1.0
0.0906328,-0.000882812,-0.560484,0.00129687,0.109203,-0.441286,0.0,0.0,1.0
0.0919336,-0.000253906,-0.549746,0.00040625,0.103792,-0.463385,0.0,0.0,1.0
0.0924727,-0.000128906,-0.533676,0.000208333,0.102708,-0.486167,0.0,0.0,1.0
0.0943516,2.34375e-05,-0.536766,-3.64583e-05,0.104974,-0.529995,0.0,0.0,1.0
0.0901953,-0.00157813,-0.557617,0.00247917,0.101927,-0.574073,0.0,0.0,1.0
0.090625,-1.11022e-16,-0.565625,0.0,0.102083,-0.61875,0.0,0.0,1.0
0.0933828,-0.00160156,-0.553891,0.00249479,0.106682,-0.646036,0.0,0.0,1.0
0.0928164,-3.90625e-06,-0.527473,5.20833e-06,0.102443,-0.62813,0.0,0.0,1.0
0.0898594,-0.00165625,-0.515516,0.00247396,0.10662,-0.619484,0.0,0.0,1.0
0.0904297,-3.125e-05,-0.514195,4.6875e-05,0.108141,-0.604005,0.0,0.0,1.0
0.0914688,-0.000460938,-0.498445,0.00075,0.100271,-0.527854,0.0,0.0,1.0
0.0902812,-0.000609375,-0.494328,0.000947917,0.103656,-0.438146,0.0,0.0,1.0
0.0915234,0.000414062,-0.486047,-0.000635417,0.105969,-0.414771,0.0,0.0,1.0
0.0884258,-0.000550781,-0.480207,0.000802083,0.108125,-0.400281,0.0,0.0,1.0
0.0921797,0.00075,-0.488914,-0.00118229,0.104286,-0.407234,0.0,0.0,1.0
0.0919648,-0.000847656,-0.497965,0.0013125,0.104927,-0.432844,0.0,0.0,1.0
0.0907266,-0.000835938,-0.499922,0.00127604,0.105953,-0.44638,0.0,0.0,1.0
0.0891484,-0.00319531,-0.495281,0.00488542,0.103646,-0.477781,0.0,0.0,1.0
0.0886992,-0.00168359,-0.492301,0.00228646,0.116016,-0.55537,0.0,0.0,1.0
0.0904219,-0.000640625,-0.490266,0.000916667,0.112771,-0.563354,0.0,0.0,1.0
0.0900937,-0.00185938,-0.487703,0.00260417,0.114031,-0.519844,0.0,0.0,1.0
0.0901523,-0.00172266,-0.494605,0.00253125,0.109146,-0.515094,0.0,0.0,1.0
0.0905898,-0.000308594,-0.496777,0.000458333,0.108302,-0.520281,0.0,0.0,1.0
0.0898203,-0.000390625,-0.493195,0.000583333,0.106906,-0.521948,0.0,0.0,1.0
0.0910703,-0.000664063,-0.482547,0.00102083,0.104813,-0.513833,0.0,0.0,1.0
0.0905,-0.000203125,-0.468594,0.000307292,0.105964,-0.491568,0.0,0.0,1.0
0.0928594,9.375e-05,-0.470484,-0.000145833,0.106208,-0.462333,0.0,0.0,1.0
0.0924766,-0.00438281,-0.506609,0.00692708,0.10399,-0.461,0.0,0.0,1.0
0.0936875,-0.000664063,-0.561805,0.00101042,0.109083,-0.461927,0.0,0.0,1.0
0.0935117,-0.00105859,-0.598199,0.00167708,0.105062,-0.468031,0.0,0.0,1.0
0.0922187,0.000101563,-0.59193,-0.000171875,0.103276,-0.469599,0.0,0.0,1.0
0.0973828,-5.46875e-05,-0.550438,9.375e-05,0.105375,-0.46901,0.0,0.0,1.0
0.0984375,-5.55112e-17,-0.4875,0.0,0.104167,-0.458333,0.0,0.0,1.0
0.0992187,0.0,-0.428906,0.0,0.107292,-0.451042,0.0,0.0,1.0
0.0886406,-0.00111719,-0.389773,0.00163542,0.107,-0.439469,0.0,0.0,1.0
0.0906719,-0.000773437,-0.398664,0.00116146,0.108411,-0.440422,0.0,0.0,1.0
0.092793,-0.000816406,-0.417824,0.00122396,0.110297,-0.458641,0.0,0.0,1.0
0.0958711,-0.000292969,-0.452113,0.00046875,0.10599,-0.495792,0.0,0.0,1.0
0.0972188,0.000492188,-0.501664,-0.000786458,0.109661,-0.556526,0.0,0.0,1.0
0.092082,-0.000128906,-0.53423,0.000197917,0.109219,-0.565521,0.0,0.0,1.0
0.0903594,0.000210938,-0.533805,-0.000322917,0.105615,-0.54125,0.0,0.0,1.0
0.0909609,-0.000125,-0.519758,0.000203125,0.103641,-0.509547,0.0,0.0,1.0
0.0892344,-0.000734375,-0.512172,0.00117708,0.0998229,-0.477771,0.0,0.0,1.0
0.0946523,-0.000800781,-0.485199,0.00134375,0.100281,-0.453229,0.0,0.0,1.0
0.0953867,5.07813e-05,-0.446824,-9.375e-05,0.09975,-0.433323,0.0,0.0,1.0
0.0921484,0.000859375,-0.428336,-0.00128125,0.110302,-0.413375,0.0,0.0,1.0
0.0929453,0.00078125,-0.43357,-0.00123438,0.104036,-0.392536,0.0,0.0,1.0
0.0910781,0.000140625,-0.44575,-0.000208333,0.10675,-0.373708,0.0,0.0,1.0
0.0911602,0.00170703,-0.461207,-0.00261458,0.105844,-0.380812,0.0,0.0,1.0
0.0872773,0.000933594,-0.49923,-0.00144792,0.0999687,-0.411458,0.0,0.0,1.0
0.0912187,0.000257812,-0.555086,-0.000421875,0.099276,-0.42587,0.0,0.0,1.0
0.0894297,-0.000234375,-0.577477,0.00034375,0.107219,-0.422,0.0,0.0,1.0
0.090625,-1.11022e-16,-0.58125,0.0,0.108333,-0.408333,0.0,0.0,1.0
0.0919531,-0.00182812,-0.569109,0.00291667,0.102219,-0.412115,0.0,0.0,1.0
0.0945313,-5.55112e-17,-0.538281,0.0,0.101042,-0.446875,0.0,0.0,1.0
0.090625,-1.11022e-16,-0.514063,0.0,0.0989583,-0.507292,0.0,0.0,1.0
0.0920625,-0.0014375,-0.494047,0.00241146,0.0973594,-0.569339,0.0,0.0,1.0
0.0973672,-0.00157813,-0.444102,0.00270833,0.100719,-0.606552,0.0,0.0,1.0
0.0905625,0.00146094,-0.411039,-0.00232813,0.100818,-0.602641,0.0,0.0,1.0
0.0888086,-0.000972656,-0.397902,0.00153646,0.099974,-0.565641,0.0,0.0,1.0
0.0908594,-0.00157031,-0.399977,0.00246875,0.102531,-0.535563,0.0,0.0,1.0
0.0908984,-0.00166406,-0.417875,0.00270312,0.099474,-0.519734,0.0,0.0,1.0
0.0915703,-0.000289063,-0.450797,0.000505208,0.092776,-0.493078,0.0,0.0,1.0
0.0890625,-1.11022e-16,-0.492188,0.0,0.09375,-0.45,0.0,0.0,1.0
0.0921875,-1.11022e-16,-0.520312,0.0,0.103125,-0.421875,0.0,0.0,1.0
0.0933359,0.000179688,-0.543297,-0.000291667,0.101823,-0.425469,0.0,0.0,1.0
0.0920781,9.375e-05,-0.56275,-0.000151042,0.101953,-0.445578,0.0,0.0,1.0
0.0902656,-0.000242187,-0.580555,0.000380208,0.103484,-0.468349,0.0,0.0,1.0
0.0918437,-2.34375e-05,-0.59093,3.64583e-05,0.102766,-0.469932,0.0,0.0,1.0
0.0935742,9.76563e-05,-0.574707,-0.000166667,0.0967917,-0.4865,0.0,0.0,1.0
0.0943672,0.00021875,-0.547367,-0.000395833,0.0926875,-0.52025,0.0,0.0,1.0
0.0916953,0.00096875,-0.525414,-0.00157292,0.10025,-0.548948,0.0,0.0,1.0
0.0908945,-0.000925781,-0.503293,0.00154167,0.0974063,-0.537844,0.0,0.0,1.0
0.088,-0.000476563,-0.480008,0.00078125,0.0968021,-0.500063,0.0,0.0,1.0
0.0886016,-0.00289844,-0.444703,0.00478125,0.0955417,-0.439281,0.0,0.0,1.0
0.0908828,-0.0016875,-0.430914,0.00260417,0.104531,-0.433219,0.0,0.0,1.0
0.0937109,0.00164844,-0.448375,-0.00275,0.100031,-0.468677,0.0,0.0,1.0
0.0916875,-0.00021875,-0.501625,0.000354167,0.101438,-0.510458,0.0,0.0,1.0
0.0868555,-0.00122266,-0.57591,0.00179167,0.105135,-0.49776,0.0,0.0,1.0
0.0940547,-0.00169531,-0.623594,0.00236458,0.119948,-0.452229,0.0,0.0,1.0
0.0925312,-0.00241406,-0.656086,0.00364062,0.10888,-0.405714,0.0,0.0,1.0
0.0889297,-0.00296094,-0.653453,0.00444271,0.105349,-0.403609,0.0,0.0,1.0
0.0964492,-0.00176172,-0.630348,0.00289063,0.104651,-0.439505,0.0,0.0,1.0
0.0890938,-0.000703125,-0.604828,0.00111458,0.0996875,-0.481365,0.0,0.0,1.0
0.0900039,-0.000207031,-0.557387,0.0003125,0.105448,-0.536885,0.0,0.0,1.0
0.0850234,2.34375e-05,-0.542828,-2.60417e-05,0.111234,-0.530297,0.0,0.0,1.0
0.0882734,0.000132813,-0.550719,-0.000197917,0.107281,-0.489833,0.0,0.0,1.0
0.0898086,-0.000128906,-0.558152,0.0001875,0.109344,-0.467781,0.0,0.0,1.0
0.0898594,-0.00341406,-0.564398,0.0049375,0.11051,-0.464073,0.0,0.0,1.0
0.0940625,0.00242188,-0.551359,-0.00376562,0.107641,-0.49212,0.0,0.0,1.0
0.0872148,-0.000878906,-0.532691,0.00123438,0.110193,-0.487797,0.0,0.0,1.0
0.0898438,0.000367187,-0.539805,-0.000546875,0.107828,-0.468797,0.0,0.0,1.0
0.0881563,-0.000335938,-0.561727,0.00046875,0.110312,-0.435802,0.0,0.0,1.0
0.0908203,-0.00159375,-0.581789,0.00245833,0.105073,-0.429531,0.0,0.0,1.0
0.0905703,-0.00046875,-0.595305,0.000739583,0.101438,-0.454031,0.0,0.0,1.0
0.0920078,0.00130469,-0.599844,-0.00191667,0.11126,-0.491865,0.0,0.0,1.0
0.0896875,0.000234375,-0.606828,-0.000322917,0.112375,-0.500552,0.0,0.0,1.0
0.0905391,0.000335938,-0.599781,-0.000515625,0.105266,-0.47413,0.0,0.0,1.0
0.091957,-0.00114453,-0.585301,0.0018125,0.103437,-0.417688,0.0,0.0,1.0
0.0908125,2.34375e-05,-0.586117,-3.64583e-05,0.107464,-0.369422,0.0,0.0,1.0
0.0919883,-0.00347266,-0.596809,0.00545313,0.104234,-0.370182,0.0,0.0,1.0
0.0899102,8.20312e-05,-0.597668,-0.000135417,0.0998958,-0.428969,0.0,0.0,1.0
0.0920352,-1.17188e-05,-0.59441,1.04167e-05,0.104042,-0.474885,0.0,0.0,1.0
0.0939453,0.000804688,-0.607906,-0.00126042,0.106167,-0.517802,0.0,0.0,1.0
0.0902773,0.000777344,-0.643559,-0.00111458,0.1125,-0.54249,0.0,0.0,1.0
0.0927891,0.00108594,-0.658203,-0.00154687,0.116453,-0.513526,0.0,0.0,1.0
0.0923047,0.000898438,-0.644984,-0.00133854,0.109849,-0.48788,0.0,0.0,1.0
0.0919336,0.000105469,-0.623129,-0.000166667,0.108813,-0.476979,0.0,0.0,1.0
0.0914219,-0.00348438,-0.595047,0.00549479,0.103245,-0.478016,0.0,0.0,1.0
0.095832,0.000503906,-0.559566,-0.000786458,0.109401,-0.462964,0.0,0.0,1.0
0.096457,0.00185547,-0.521027,-0.00284375,0.111708,-0.432365,0.0,0.0,1.0
0.094457,-0.000191406,-0.480191,0.000302083,0.110479,-0.410052,0.0,0.0,1.0
0.0889844,-0.00028125,-0.446016,0.00040625,0.109698,-0.391167,0.0,0.0,1.0
0.0979453,-0.0008125,-0.46393,0.00128125,0.110219,-0.40475,0.0,0.0,1.0
0.09825,-0.00753125,-0.528031,0.0132917,0.099,-0.437792,0.0,0.0,1.0
0.0975117,-9.76563e-05,-0.597426,0.00015625,0.108156,-0.444708,0.0,0.0,1.0
0.0968906,-0.00289844,-0.647039,0.00478646,0.104453,-0.451151,0.0,0.0,1.0
0.0917187,-0.00378906,-0.701258,0.00576042,0.107365,-0.440667,0.0,0.0,1.0
0.0885898,-0.000285156,-0.748816,0.000432292,0.105089,-0.432693,0.0,0.0,1.0
0.0895078,-0.00152344,-0.740984,0.00223438,0.108339,-0.453495,0.0,0.0,1.0
0.0957187,0.000546875,-0.656172,-0.000953125,0.0978073,-0.493328,0.0,0.0,1.0
0.0951328,-0.00507812,-0.572727,0.00816667,0.105281,-0.505052,0.0,0.0,1.0
0.0901484,0.00021875,-0.555211,-0.000322917,0.109438,-0.506719,0.0,0.0,1.0
0.0901992,-0.000574219,-0.555652,0.000828125,0.112401,-0.502609,0.0,0.0,1.0
0.0909492,-0.00173047,-0.542504,0.00255729,0.109266,-0.490005,0.0,0.0,1.0
0.0911016,-0.000914062,-0.533125,0.00133333,0.110365,-0.457031,0.0,0.0,1.0
0.0946328,0.0005625,-0.557008,-0.00090625,0.103698,-0.4485,0.0,0.0,1.0
0.0888125,0.000289063,-0.60332,-0.000458333,0.100604,-0.450854,0.0,0.0,1.0
0.0913438,-9.375e-05,-0.647594,0.000140625,0.109286,-0.432068,0.0,0.0,1.0
0.0914141,-0.000835938,-0.641422,0.00124479,0.109776,-0.431505,0.0,0.0,1.0
0.090625,-5.55112e-17,-0.59375,0.0,0.107292,-0.442708,0.0,0.0,1.0
0.1,0.000203125,-0.504453,-0.000338542,0.105984,-0.455703,0.0,0.0,1.0
0.0877734,-0.00116406,-0.477766,0.00170833,0.106667,-0.4495,0.0,0.0,1.0
0.0881914,-0.000730469,-0.487973,0.00108333,0.105333,-0.452083,0.0,0.0,1.0
0.0897422,-0.0001875,-0.50682,0.00028125,0.109417,-0.470052,0.0,0.0,1.0
0.0905469,-0.000296875,-0.518547,0.000442708,0.109057,-0.486901,0.0,0.0,1.0
0.0914062,-1.66533e-16,-0.525781,0.0,0.117708,-0.492708,0.0,0.0,1.0
0.0867188,-5.55112e-17,-0.519531,0.0,0.102083,-0.5125,0.0,0.0,1.0
0.0898438,-1.11022e-16,-0.491406,0.0,0.0958333,-0.497917,0.0,0.0,1.0
0.084375,-5.55112e-17,-0.479688,0.0,0.09375,-0.472917,0.0,0.0,1.0
0.0867188,-5.55112e-17,-0.497656,0.0,0.0979167,-0.470833,0.0,0.0,1.0
0.0921875,-5.55112e-17,-0.535937,0.0,0.0927083,-0.461458,0.0,0.0,1.0
0.084375,-5.55112e-17,-0.595312,0.0,0.09375,-0.410417,0.0,0.0,1.0
0.084375,-1.66533e-16,-0.621875,0.0,0.096875,-0.380208,0.0,0.0,1.0
0.0859375,0.0,-0.640625,0.0,0.101042,-0.380208,0.0,0.0,1.0
0.0820312,-5.55112e-17,-0.633594,0.0,0.0947917,-0.386458,0.0,0.0,1.0
0.0875,-5.55112e-17,-0.595312,0.0,0.0989583,-0.394792,0.0,0.0,1.0
0.0851562,0.0,-0.582031,0.0,0.0958333,-0.404167,0.0,0.0,1.0
0.0890625,-5.55112e-17,-0.607813,0.0,0.096875,-0.411458,0.0,0.0,1.0
0.0867188,-1.11022e-16,-0.638281,0.0,0.0947917,-0.417708,0.0,0.0,1.0
0.0835937,-1.66533e-16,-0.646094,0.0,0.1,-0.435417,0.0,0.0,1.0
0.0875,-5.55112e-17,-0.61875,0.0,0.0947917,-0.442708,0.0,0.0,1.0
0.0875,-1.66533e-16,-0.55,0.0,0.0958333,-0.452083,0.0,0.0,1.0
0.08125,-5.55112e-17,-0.471875,0.0,0.0979167,-0.48125,0.0,0.0,1.0
0.0851562,-1.11022e-16,-0.478906,0.0,0.0958333,-0.4875,0.0,0.0,1.0
0.0882813,-1.11022e-16,-0.524219,0.0,0.09375,-0.502083,0.0,0.0,1.0
0.0859375,-5.55112e-17,-0.585938,0.0,0.0947917,-0.513542,0.0,0.0,1.0
0.0890625,-1.66533e-16,-0.603125,0.0,0.096875,-0.519792,0.0,0.0,1.0
0.08125,-1.11022e-16,-0.635938,0.0,0.0947917,-0.513542,0.0,0.0,1.0
0.0804688,-1.11022e-16,-0.652344,0.0,0.1,-0.508333,0.0,0.0,1.0
0.0835937,-1.11022e-16,-0.641406,0.0,0.0979167,-0.5,0.0,0.0,1.0
0.08125,-1.11022e-16,-0.595312,0.0,0.096875,-0.501042,0.0,0.0,1.0
0.0890625,-5.55112e-17,-0.495313,0.0,0.0947917,-0.492708,0.0,0.0,1.0
0.084375,-5.55112e-17,-0.453125,0.0,0.09375,-0.495833,0.0,0.0,1.0
0.0828125,0.0,-0.45625,0.0,0.0979167,-0.502083,0.0,0.0,1.0
0.0867188,-1.11022e-16,-0.480469,0.0,0.0927083,-0.494792,0.0,0.0,1.0
0.0828125,-1.11022e-16,-0.5125,0.0,0.0958333,-0.4875,0.0,0.0,1.0
0.0875,-1.11022e-16,-0.545313,0.0,0.0927083,-0.461458,0.0,0.0,1.0
0.0875,-1.66533e-16,-0.576563,0.0,0.096875,-0.453125,0.0,0.0,1.0
0.0820312,-5.55112e-17,-0.641406,0.0,0.096875,-0.482292,0.0,0.0,1.0
0.0804688,-5.55112e-17,-0.689844,0.0,0.0989583,-0.507292,0.0,0.0,1.0
0.084375,-5.55112e-17,-0.692187,0.0,0.1,-0.510417,0.0,0.0,1.0
0.08125,-5.55112e-17,-0.660937,0.0,0.0958333,-0.50625,0.0,0.0,1.0
0.0820312,-1.11022e-16,-0.614844,0.0,0.096875,-0.498958,0.0,0.0,1.0
0.084375,-5.55112e-17,-0.607813,0.0,0.096875,-0.490625,0.0,0.0,1.0
0.0796875,-1.66533e-16,-0.614062,0.0,0.0989583,-0.507292,0.0,0.0,1.0
0.0789063,-1.11022e-16,-0.605469,0.0,0.096875,-0.523958,0.0,0.0,1.0
0.0804688,-5.55112e-17,-0.588281,0.0,0.0947917,-0.542708,0.0,0.0,1.0
0.0835937,-1.11022e-16,-0.574219,0.0,0.096875,-0.540625,0.0,0.0,1.0
0.0820312,-1.66533e-16,-0.571094,0.0,0.0989583,-0.519792,0.0,0.0,1.0
0.0804688,-1.11022e-16,-0.585156,0.0,0.09375,-0.495833,0.0,0.0,1.0
0.08125,-5.55112e-17,-0.592188,0.0,0.0895833,-0.464583,0.0,0.0,1.0
0.084375,-1.11022e-16,-0.582812,0.0,0.0885417,-0.415625,0.0,0.0,1.0
0.0796875,-5.55112e-17,-0.5625,0.0,0.0947917,-0.382292,0.0,0.0,1.0
0.0882813,-5.55112e-17,-0.580469,0.0,0.0947917,-0.380208,0.0,0.0,1.0
0.0789063,-5.55112e-17,-0.613281,0.0,0.0916667,-0.397917,0.0,0.0,1.0
0.0828125,-5.55112e-17,-0.625,0.0,0.0895833,-0.460417,0.0,0.0,1.0
0.0789063,-1.66533e-16,-0.627344,0.0,0.0958333,-0.541667,0.0,0.0,1.0
0.0804688,-5.55112e-17,-0.616406,0.0,0.0979167,-0.572917,0.0,0.0,1.0
0.08125,-5.55112e-17,-0.59375,0.0,0.0958333,-0.56875,0.0,0.0,1.0
0.0828125,-1.66533e-16,-0.56875,0.0,0.0927083,-0.540625,0.0,0.0,1.0
0.08125,-5.55112e-17,-0.534375,0.0,0.0927083,-0.511458,0.0,0.0,1.0
0.0828125,-1.11022e-16,-0.528125,0.0,0.0989583,-0.511458,0.0,0.0,1.0
0.078125,-5.55112e-17,-0.54375,0.0,0.0958333,-0.510417,0.0,0.0,1.0
0.0789063,-1.11022e-16,-0.580469,0.0,0.0947917,-0.498958,0.0,0.0,1.0
0.0835937,-1.66533e-16,-0.616406,0.0,0.0979167,-0.479167,0.0,0.0,1.0
0.0796875,-1.66533e-16,-0.621875,0.0,0.0927083,-0.457292,0.0,0.0,1.0
0.0828125,-5.55112e-17,-0.615625,0.0,0.096875,-0.446875,0.0,0.0,1.0
0.0789063,-5.55112e-17,-0.619531,0.0,0.09375,-0.464583,0.0,0.0,1.0
0.0804688,-5.55112e-17,-0.621094,0.0,0.0875,-0.502083,0.0,0.0,1.0
0.08125,-5.55112e-17,-0.6,0.0,0.09375,-0.55625,0.0,0.0,1.0
0.0820312,-5.55112e-17,-0.549219,0.0,0.0947917,-0.561458,0.0,0.0,1.0
0.0796875,-1.11022e-16,-0.49375,0.0,0.0895833,-0.547917,0.0,0.0,1.0
0.0734375,-1.11022e-16,-0.45625,0.0,0.09375,-0.510417,0.0,0.0,1.0
0.0820312,-5.55112e-17,-0.446094,0.0,0.0864583,-0.457292,0.0,0.0,1.0
0.0796875,-5.55112e-17,-0.451562,0.0,0.0916667,-0.439583,0.0,0.0,1.0
0.0804688,-5.55112e-17,-0.446094,0.0,0.0916667,-0.43125,0.0,0.0,1.0
0.0820312,-5.55112e-17,-0.441406,0.0,0.0958333,-0.44375,0.0,0.0,1.0
0.0804688,-5.55112e-17,-0.453906,0.0,0.090625,-0.432292,0.0,0.0,1.0
0.0742188,-1.11022e-16,-0.497656,0.0,0.0927083,-0.426042,0.0,0.0,1.0
0.0742188,-1.11022e-16,-0.539844,0.0,0.0927083,-0.423958,0.0,0.0,1.0
0.0796875,-5.55112e-17,-0.546875,0.0,0.0947917,-0.407292,0.0,0.0,1.0
0.0869648,0.000878906,-0.56641,-0.00135417,0.0999167,-0.398813,0.0,0.0,1.0
0.0855234,-0.0035625,-0.586133,0.00575,0.0940521,-0.414135,0.0,0.0,1.0
0.0859414,-0.00339453,-0.58127,0.00533333,0.0972917,-0.440458,0.0,0.0,1.0
0.0878398,-0.000863281,-0.577051,0.00135417,0.0998542,-0.461083,0.0,0.0,1.0
0.0863008,-0.00167578,-0.566199,0.00257813,0.0996823,-0.47363,0.0,0.0,1.0
0.0844648,-0.00357422,-0.540082,0.00560937,0.0957552,-0.479547,0.0,0.0,1.0
0.0873672,-0.0041875,-0.516758,0.00708854,0.0917865,-0.491359,0.0,0.0,1.0
0.0873672,-0.00254688,-0.507664,0.00421354,0.0937031,-0.519359,0.0,0.0,1.0
0.0869062,-0.00191406,-0.50418,0.00298958,0.0991458,-0.546448,0.0,0.0,1.0
0.0869375,-7.8125e-06,-0.491617,1.04167e-05,0.101396,-0.525677,0.0,0.0,1.0
0.0882813,0.000320313,-0.467992,-0.00046875,0.10625,-0.44899,0.0,0.0,1.0
0.0882578,-0.00270312,-0.478086,0.00457813,0.0926615,-0.370776,0.0,0.0,1.0
0.0846641,0.000460938,-0.506656,-0.000708333,0.0983542,-0.3675,0.0,0.0,1.0
0.0856016,-0.00015625,-0.519477,0.000229167,0.102917,-0.402604,0.0,0.0,1.0
0.0851562,-1.11022e-16,-0.524219,0.0,0.104167,-0.4875,0.0,0.0,1.0
0.0874219,-0.00407031,-0.536461,0.0059375,0.106469,-0.560594,0.0,0.0,1.0
0.0852422,-0.000632813,-0.545313,0.000927083,0.104417,-0.568719,0.0,0.0,1.0
0.0866953,0.000101563,-0.566094,-0.000161458,0.097526,-0.551776,0.0,0.0,1.0
0.0840703,-0.00298437,-0.590242,0.00451563,0.0987448,-0.539484,0.0,0.0,1.0
0.0894687,-0.00196094,-0.578477,0.00317187,0.0983802,-0.54212,0.0,0.0,1.0
0.0832812,-0.00466406,-0.526805,0.00755208,0.0914896,-0.565771,0.0,0.0,1.0
0.0840703,-0.0038125,-0.499352,0.00625,0.0911042,-0.591812,0.0,0.0,1.0
0.0835625,-0.000992188,-0.480352,0.00142708,0.102896,-0.601448,0.0,0.0,1.0
0.0850078,-0.00135937,-0.474742,0.00204167,0.100531,-0.567615,0.0,0.0,1.0
0.0867266,8.59375e-05,-0.50075,-0.000145833,0.0922292,-0.531896,0.0,0.0,1.0
0.0831563,0.000125,-0.532047,-0.0001875,0.0976354,-0.509969,0.0,0.0,1.0
0.085875,-0.000789063,-0.543305,0.00122917,0.0981354,-0.505073,0.0,0.0,1.0
0.0855273,0.000753906,-0.539871,-0.0011875,0.0968229,-0.512219,0.0,0.0,1.0
0.0865703,-0.00071875,-0.524789,0.00115625,0.09625,-0.503281,0.0,0.0,1.0
0.085,0.000625,-0.542672,-0.00100521,0.093599,-0.488089,0.0,0.0,1.0
0.0865273,0.00139453,-0.58852,-0.00232292,0.0923333,-0.465406,0.0,0.0,1.0
0.0859453,-0.00222656,-0.601359,0.00335938,0.101026,-0.454661,0.0,0.0,1.0
0.0877813,-0.00335156,-0.582664,0.00549479,0.095224,-0.469286,0.0,0.0,1.0
0.0856641,-0.00389844,-0.554406,0.00622917,0.0951979,-0.49951,0.0,0.0,1.0
0.0845391,0.000375,-0.537773,-0.000536458,0.104776,-0.521828,0.0,0.0,1.0
0.0822344,-0.000296875,-0.535328,0.000458333,0.0957813,-0.495344,0.0,0.0,1.0
0.0826484,-3.125e-05,-0.538758,5.20833e-05,0.104865,-0.486562,0.0,0.0,1.0
0.0817422,0.000375,-0.539273,-0.000520833,0.104687,-0.477021,0.0,0.0,1.0
0.0806875,-0.000859375,-0.554875,0.00120833,0.102229,-0.467667,0.0,0.0,1.0
0.082918,-0.00467578,-0.580613,0.00760417,0.0906667,-0.433812,0.0,0.0,1.0
0.0838516,-0.00128125,-0.59007,0.00185938,0.102641,-0.410318,0.0,0.0,1.0
0.0841328,0.00078125,-0.570648,-0.00111979,0.10412,-0.407203,0.0,0.0,1.0
0.0841172,0.000765625,-0.567039,-0.00109896,0.103443,-0.418151,0.0,0.0,1.0
0.0873164,-0.00204297,-0.57752,0.0030625,0.103604,-0.426562,0.0,0.0,1.0
0.0849453,-0.000710937,-0.581484,0.00103125,0.103635,-0.435729,0.0,0.0,1.0
0.0833203,-0.0015625,-0.569492,0.00239062,0.097099,-0.444339,0.0,0.0,1.0
0.0829375,-0.00228125,-0.5245,0.00400521,0.083974,-0.489182,0.0,0.0,1.0
0.0844062,-0.000929688,-0.481992,0.00136458,0.10249,-0.560833,0.0,0.0,1.0
0.0846602,-0.000347656,-0.478207,0.000520833,0.100687,-0.565562,0.0,0.0,1.0
0.0841758,-0.00234766,-0.476363,0.00329687,0.106557,-0.55038,0.0,0.0,1.0
0.082793,5.07813e-05,-0.485246,-7.29167e-05,0.108354,-0.491656,0.0,0.0,1.0
0.0827578,-0.000976562,-0.495109,0.00148958,0.0964687,-0.43875,0.0,0.0,1.0
0.0859453,0.000429687,-0.505984,-0.00065625,0.0989688,-0.420083,0.0,0.0,1.0
0.0867539,-0.00257422,-0.533129,0.00386458,0.102656,-0.432021,0.0,0.0,1.0
0.0822969,0.000234375,-0.577812,-0.00034375,0.0988958,-0.427823,0.0,0.0,1.0
0.0813906,-0.0010625,-0.575281,0.00155729,0.0989635,-0.40387,0.0,0.0,1.0
0.0851484,-0.00103125,-0.55868,0.00155208,0.101146,-0.384656,0.0,0.0,1.0
0.0828125,-5.55112e-17,-0.54375,0.0,0.1,-0.3875,0.0,0.0,1.0
0.0836367,-0.00165234,-0.54177,0.00273958,0.0895833,-0.417656,0.0,0.0,1.0
0.0834023,-0.00187109,-0.539637,0.00269792,0.102896,-0.458927,0.0,0.0,1.0
0.0865781,-0.00184375,-0.511344,0.00280729,0.101182,-0.46537,0.0,0.0,1.0
0.0842422,-0.000273438,-0.458859,0.000411458,0.0987448,-0.457214,0.0,0.0,1.0
0.0832969,-0.00040625,-0.440453,0.000598958,0.101964,-0.464651,0.0,0.0,1.0
0.0822305,-2.73438e-05,-0.458105,4.16667e-05,0.101281,-0.477677,0.0,0.0,1.0
0.0863594,-0.0005625,-0.476391,0.000864583,0.0989062,-0.478667,0.0,0.0,1.0
0.082457,-1.17188e-05,-0.491824,2.08333e-05,0.0964479,-0.459177,0.0,0.0,1.0
0.0823047,-0.00255469,-0.495688,0.00383333,0.0976667,-0.427208,0.0,0.0,1.0
0.0841523,0.000714844,-0.516785,-0.00111458,0.0953333,-0.400323,0.0,0.0,1.0
0.0830586,0.00141797,-0.523809,-0.00217708,0.0960521,-0.393313,0.0,0.0,1.0
0.0841875,-7.8125e-06,-0.50632,2.08333e-05,0.0924063,-0.404281,0.0,0.0,1.0
0.0818203,0.00028125,-0.498148,-0.000421875,0.0963281,-0.423734,0.0,0.0,1.0
0.0793594,2.34375e-05,-0.507477,-3.64583e-05,0.0964219,-0.443943,0.0,0.0,1.0
0.0813594,-0.000164062,-0.513992,0.000244792,0.0973177,-0.453828,0.0,0.0,1.0
0.0826836,0.00178516,-0.515887,-0.00259896,0.100995,-0.471557,0.0,0.0,1.0
0.0801875,0.00186719,-0.509055,-0.00269271,0.0988906,-0.474078,0.0,0.0,1.0
0.0820078,-0.00291406,-0.491125,0.00442187,0.095974,-0.488286,0.0,0.0,1.0
0.0813437,-0.00021875,-0.494234,0.0003125,0.0992187,-0.503573,0.0,0.0,1.0
0.08375,-0.00172656,-0.492773,0.002625,0.0976458,-0.486979,0.0,0.0,1.0
0.0832852,-0.000371094,-0.483168,0.00059375,0.0927813,-0.458208,0.0,0.0,1.0
0.0820469,-6.25e-05,-0.469516,9.375e-05,0.0960625,-0.436594,0.0,0.0,1.0
0.0818828,-0.000796875,-0.462227,0.00123438,0.0944948,-0.426589,0.0,0.0,1.0
0.0827773,0.000933594,-0.487832,-0.00142708,0.0956146,-0.423521,0.0,0.0,1.0
0.0824375,-0.000539062,-0.533398,0.00084375,0.0936458,-0.415177,0.0,0.0,1.0
0.0813945,-0.000519531,-0.564098,0.000760417,0.0990521,-0.409938,0.0,0.0,1.0
0.081207,0.000652344,-0.583707,-0.00106771,0.0882031,-0.426495,0.0,0.0,1.0
0.0831367,-0.00177734,-0.603652,0.00303125,0.0866354,-0.484375,0.0,0.0,1.0
0.0801953,-0.00200781,-0.598938,0.00291667,0.0980521,-0.545177,0.0,0.0,1.0
0.0868125,0.00084375,-0.585813,-0.0013125,0.0987708,-0.558083,0.0,0.0,1.0
0.0830508,-0.00119922,-0.567207,0.00181771,0.0971302,-0.548911,0.0,0.0,1.0
0.0810977,0.000230469,-0.545527,-0.000364583,0.0929792,-0.519302,0.0,0.0,1.0
0.0816914,0.000691406,-0.536848,-0.00107292,0.0937708,-0.515302,0.0,0.0,1.0
0.0795703,0.0005625,-0.521586,-0.00084375,0.0943646,-0.512083,0.0,0.0,1.0
0.0828125,-1.11022e-16,-0.503125,0.0,0.096875,-0.480208,0.0,0.0,1.0
0.0835937,-5.55112e-17,-0.474219,0.0,0.096875,-0.423958,0.0,0.0,1.0
0.0812539,0.000488281,-0.458285,-0.000744792,0.0948906,-0.376661,0.0,0.0,1.0
0.0787422,-0.00253125,-0.470914,0.00420312,0.0843594,-0.385807,0.0,0.0,1.0
0.0834258,0.000316406,-0.486613,-0.000479167,0.0975729,-0.460906,0.0,0.0,1.0
0.0789609,0.000203125,-0.501992,-0.000296875,0.0934844,-0.484495,0.0,0.0,1.0
0.0774805,-0.00201953,-0.53098,0.00294792,0.0942708,-0.495823,0.0,0.0,1.0
0.08075,-0.00239062,-0.564625,0.00363542,0.094375,-0.489781,0.0,0.0,1.0
0.0803477,-6.64063e-05,-0.574582,0.000104167,0.0935313,-0.44551,0.0,0.0,1.0
0.0788164,7.42187e-05,-0.564738,-0.000104167,0.0944167,-0.425292,0.0,0.0,1.0
0.0828125,-1.11022e-16,-0.542188,0.0,0.0958333,-0.425,0.0,0.0,1.0
0.0821016,0.000328125,-0.504992,-0.000505208,0.095401,-0.426964,0.0,0.0,1.0
0.079543,0.000238281,-0.48727,-0.000354167,0.0953333,-0.412792,0.0,0.0,1.0
0.0794609,-0.00190625,-0.485508,0.00282292,0.0953229,-0.39325,0.0,0.0,1.0
0.0801484,0.000265625,-0.492523,-0.000395833,0.0960521,-0.374323,0.0,0.0,1.0
0.0809688,0.00028125,-0.495797,-0.000427083,0.0945833,-0.362927,0.0,0.0,1.0
0.0805117,-0.00101953,-0.492715,0.00151042,0.0970208,-0.37076,0.0,0.0,1.0
0.0803086,-3.51562e-05,-0.49048,5.20833e-05,0.0940625,-0.385052,0.0,0.0,1.0
0.0804688,-1.11022e-16,-0.486719,0.0,0.0927083,-0.401042,0.0,0.0,1.0
0.080918,-0.000160156,-0.488441,0.000255208,0.0916302,-0.418891,0.0,0.0,1.0
0.0802773,0.000152344,-0.492723,-0.00025,0.0892396,-0.413344,0.0,0.0,1.0
0.0804258,1.17188e-05,-0.508551,-2.08333e-05,0.0912917,-0.399271,0.0,0.0,1.0
0.0787266,0.00065625,-0.523883,-0.001,0.0922187,-0.396323,0.0,0.0,1.0
0.0815859,0.000851562,-0.526594,-0.00132813,0.093026,-0.410516,0.0,0.0,1.0
0.0827227,-0.000503906,-0.524801,0.000822917,0.0902708,-0.440802,0.0,0.0,1.0
0.080625,0.000109375,-0.528781,-0.000177083,0.0891875,-0.44974,0.0,0.0,1.0
0.0819219,-0.000851562,-0.539383,0.00139583,0.0890208,-0.44,0.0,0.0,1.0
0.0836602,0.00152734,-0.532848,-0.00253125,0.0895208,-0.432823,0.0,0.0,1.0
0.0819648,2.73438e-05,-0.511863,-3.64583e-05,0.0904948,-0.427839,0.0,0.0,1.0
0.0792578,0.000789063,-0.485531,-0.00130729,0.0850052,-0.442276,0.0,0.0,1.0
0.0824258,0.00103516,-0.466074,-0.00171354,0.0886615,-0.472557,0.0,0.0,1.0
0.078125,0.0,-0.460938,0.0,0.09375,-0.5,0.0,0.0,1.0
0.0770781,0.00028125,-0.470141,-0.000416667,0.0911771,-0.499573,0.0,0.0,1.0
0.0786719,-0.00142969,-0.475602,0.00226042,0.0883854,-0.485396,0.0,0.0,1.0
0.0781953,-0.000195313,-0.481141,0.000302083,0.0903854,-0.467687,0.0,0.0,1.0
0.0821172,-0.000765625,-0.503367,0.00124479,0.0901823,-0.461911,0.0,0.0,1.0
0.0809961,0.000628906,-0.547926,-0.00108333,0.0835417,-0.477896,0.0,0.0,1.0
0.078125,-5.55112e-17,-0.571875,0.0,0.0916667,-0.5,0.0,0.0,1.0
0.0785352,-0.000878906,-0.573027,0.00128125,0.0961354,-0.490729,0.0,0.0,1.0
0.0735,-0.0001875,-0.564406,0.000270833,0.0902917,-0.462896,0.0,0.0,1.0
0.08125,-1.11022e-16,-0.529688,0.0,0.1,-0.358333,0.0,0.0,1.0
0.0748437,3.90625e-05,-0.489039,-5.20833e-05,0.0936354,-0.320437,0.0,0.0,1.0
0.0762305,-0.00158203,-0.451426,0.00244792,0.0874479,-0.345917,0.0,0.0,1.0
0.0796875,-5.55112e-17,-0.426562,0.0,0.0916667,-0.395833,0.0,0.0,1.0
0.0801602,-0.00144922,-0.433348,0.00236979,0.087151,-0.419495,0.0,0.0,1.0
0.080625,-0.00075,-0.4565,0.00121875,0.0881042,-0.441448,0.0,0.0,1.0
0.0758594,0.000109375,-0.4905,-0.000171875,0.0836406,-0.427682,0.0,0.0,1.0
0.0817813,8.59375e-05,-0.53332,-0.000145833,0.0913854,-0.411615,0.0,0.0,1.0
0.0783437,-0.000625,-0.570266,0.000942708,0.0924323,-0.41063,0.0,0.0,1.0
0.0851562,-1.11022e-16,-0.536719,0.0,0.0895833,-0.4125,0.0,0.0,1.0
0.0856641,0.000132813,-0.475953,-0.000229167,0.0903229,-0.408323,0.0,0.0,1.0
0.0749922,9.375e-05,-0.43757,-0.000145833,0.0885312,-0.410615,0.0,0.0,1.0
0.0789375,0.000546875,-0.406859,-0.000869792,0.0887448,-0.42413,0.0,0.0,1.0
0.0780781,-1.5625e-05,-0.391781,3.125e-05,0.0868646,-0.420125,0.0,0.0,1.0
0.0797148,-4.29687e-05,-0.379582,6.77083e-05,0.0890469,-0.406036,0.0,0.0,1.0
0.0783594,0.000414062,-0.37532,-0.000651042,0.0884531,-0.408141,0.0,0.0,1.0
0.0783594,-0.00160938,-0.372344,0.00252083,0.0888854,-0.421865,0.0,0.0,1.0
0.0752734,-0.001375,-0.38607,0.00204687,0.0900365,-0.41737,0.0,0.0,1.0
0.0773437,-5.55112e-17,-0.425781,0.0,0.0895833,-0.377083,0.0,0.0,1.0
0.081,1.5625e-05,-0.457563,-2.60417e-05,0.0914635,-0.360536,0.0,0.0,1.0
0.0799766,-0.00141406,-0.457312,0.00221875,0.0905833,-0.369219,0.0,0.0,1.0
0.0778164,0.000613281,-0.443441,-0.000984375,0.0859115,-0.395047,0.0,0.0,1.0
0.0784375,0.00107031,-0.43318,-0.00157292,0.0945,-0.403948,0.0,0.0,1.0
0.0748008,0.00216797,-0.408293,-0.00329687,0.0872656,-0.376016,0.0,0.0,1.0
0.0796211,-0.000910156,-0.381152,0.00145833,0.0886667,-0.360604,0.0,0.0,1.0
0.0773437,0.000492188,-0.362789,-0.000734375,0.0916615,-0.380797,0.0,0.0,1.0
0.0749766,0.000257812,-0.386609,-0.000348958,0.0976094,-0.439391,0.0,0.0,1.0
0.080168,-0.000542969,-0.449723,0.000786458,0.0981823,-0.526797,0.0,0.0,1.0
0.0793672,0.000703125,-0.480727,-0.00105208,0.0940417,-0.565552,0.0,0.0,1.0
0.0786094,-0.000226562,-0.482273,0.000333333,0.0968229,-0.550052,0.0,0.0,1.0
0.0775742,0.00207422,-0.48273,-0.00294271,0.0972969,-0.508161,0.0,0.0,1.0
0.0817344,-0.00177344,-0.496523,0.00290625,0.0888125,-0.461427,0.0,0.0,1.0
0.0779219,-0.000132813,-0.53418,0.000213542,0.0865781,-0.415839,0.0,0.0,1.0
0.0773242,0.000378906,-0.57134,-0.000583333,0.08825,-0.403125,0.0,0.0,1.0
0.0770234,0.000742187,-0.582922,-0.00114583,0.0887917,-0.398625,0.0,0.0,1.0
0.0793359,1.5625e-05,-0.579977,-2.08333e-05,0.0925521,-0.396615,0.0,0.0,1.0
0.0813242,0.000316406,-0.564059,-0.000515625,0.089401,-0.389672,0.0,0.0,1.0
0.0805586,-0.000417969,-0.538863,0.000708333,0.0842292,-0.40125,0.0,0.0,1.0
0.0789063,-5.55112e-17,-0.528906,0.0,0.0947917,-0.473958,0.0,0.0,1.0
0.0762227,0.000347656,-0.551137,-0.000515625,0.0919219,-0.529724,0.0,0.0,1.0
0.0771094,-0.000148437,-0.556711,0.000229167,0.0884583,-0.546,0.0,0.0,1.0
0.0774766,-0.000359375,-0.564836,0.000604167,0.0817083,-0.529958,0.0,0.0,1.0
0.0782344,-0.00065625,-0.598766,0.00115625,0.0795521,-0.498979,0.0,0.0,1.0
0.078582,-0.000121094,-0.616582,0.000192708,0.0892865,-0.472734,0.0,0.0,1.0
0.0762812,-0.00028125,-0.62925,0.000427083,0.0894896,-0.470125,0.0,0.0,1.0
0.0772656,-0.000296875,-0.633375,0.000489583,0.0836979,-0.457792,0.0,0.0,1.0
0.0765352,0.000144531,-0.641809,-0.000229167,0.086375,-0.428208,0.0,0.0,1.0
0.0765078,-0.000726563,-0.638844,0.00110938,0.0889323,-0.414286,0.0,0.0,1.0
0.0796875,-5.55112e-17,-0.604688,0.0,0.0895833,-0.4125,0.0,0.0,1.0
0.0798359,-2.34375e-05,-0.554516,3.125e-05,0.0901354,-0.421354,0.0,0.0,1.0
0.0716797,-0.00110938,-0.493227,0.00157813,0.089526,-0.43512,0.0,0.0,1.0
0.0804453,0.000296875,-0.463164,-0.000479167,0.0874792,-0.451521,0.0,0.0,1.0
0.0765977,0.000261719,-0.436066,-0.0004375,0.083625,-0.431875,0.0,0.0,1.0
0.0778867,-0.000355469,-0.434145,0.000598958,0.082651,-0.400995,0.0,0.0,1.0
0.0735898,1.17188e-05,-0.471371,-2.08333e-05,0.0894896,-0.391552,0.0,0.0,1.0
0.0742188,-1.11022e-16,-0.555469,0.0,0.090625,-0.428125,0.0,0.0,1.0
0.078125,-1.11022e-16,-0.6,0.0,0.0916667,-0.452083,0.0,0.0,1.0
0.0850742,0.00226172,-0.631676,-0.003875,0.0884271,-0.454135,0.0,0.0,1.0
0.0789141,-0.000125,-0.64518,0.000197917,0.0895521,-0.427854,0.0,0.0,1.0
0.0804688,-1.11022e-16,-0.600781,0.0,0.0895833,-0.425,0.0,0.0,1.0
0.0820312,-5.55112e-17,-0.560156,0.0,0.0885417,-0.446875,0.0,0.0,1.0
0.0757773,0.000425781,-0.541473,-0.000640625,0.0891719,-0.489536,0.0,0.0,1.0
0.0797891,-0.00145313,-0.516602,0.00233333,0.0885729,-0.500677,0.0,0.0,1.0
0.0745039,0.00104297,-0.46966,-0.00158854,0.0871094,-0.495036,0.0,0.0,1.0
0.0799023,-0.00110547,-0.417262,0.00185417,0.0850729,-0.481656,0.0,0.0,1.0
0.0766172,0.000390625,-0.403539,-0.000614583,0.087375,-0.472281,0.0,0.0,1.0
0.0770625,0.000414062,-0.40918,-0.000666667,0.0848854,-0.47899,0.0,0.0,1.0
0.0699258,0.00115234,-0.45316,-0.00169792,0.0841771,-0.48925,0.0,0.0,1.0
0.0757812,-1.11022e-16,-0.505469,0.0,0.0864583,-0.519792,0.0,0.0,1.0
0.0788711,0.000230469,-0.556988,-0.000359375,0.0905781,-0.577651,0.0,0.0,1.0
0.07725,0.000132813,-0.545961,-0.000208333,0.0890521,-0.600073,0.0,0.0,1.0
0.069957,7.42187e-05,-0.481848,-9.89583e-05,0.0872969,-0.608109,0.0,0.0,1.0
0.0753242,-0.00148828,-0.462066,0.00232813,0.0857656,-0.626422,0.0,0.0,1.0
0.0755586,0.000191406,-0.450801,-0.000302083,0.0862083,-0.658823,0.0,0.0,1.0
0.0749063,-0.00236719,-0.44957,0.00357292,0.0880417,-0.642531,0.0,0.0,1.0
0.000355469,0.000550781,-0.64673,-0.00025,0.00138542,-0.551635,0.0,0.0,1.0
0.0747344,-0.0005,-0.446469,0.000864583,0.0763854,-0.489938,0.0,0.0,1.0
0.0006875,0.000109375,-0.561109,0.00015625,-0.000822917,-0.430208,0.0,0.0,1.0
0.0757812,-0.000117187,-0.445773,0.000182292,0.0869115,-0.424526,0.0,0.0,1.0
0.0731367,-0.000566406,-0.451207,0.000901042,0.081526,-0.448891,0.0,0.0,1.0
0.0731328,-0.00253125,-0.460648,0.00392708,0.0839688,-0.478271,0.0,0.0,1.0
0.0755625,-0.0006875,-0.471,0.00110417,0.0840104,-0.501406,0.0,0.0,1.0
0.075418,0.00183203,-0.47402,-0.00300521,0.0816406,-0.534057,0.0,0.0,1.0
0.075,-1.11022e-16,-0.473437,0.0,0.0864583,-0.596875,0.0,0.0,1.0
0.0765625,5.55112e-17,-0.473437,0.0,0.0822917,-0.682292,0.0,0.0,1.0
0.0746094,-0.00120312,-0.443297,0.00176979,0.0900771,-0.74616,0.0,0.0,1.0
0.0765625,-5.55112e-17,-0.41875,0.0,0.0947917,-0.707292,0.0,0.0,1.0
0.0757812,-5.55112e-17,-0.403906,0.0,0.08125,-0.597917,0.0,0.0,1.0
0.0765625,0.0,-0.423438,0.0,0.0864583,-0.546875,0.0,0.0,1.0
0.0746836,0.000222656,-0.450559,-0.000375,0.078625,-0.514271,0.0,0.0,1.0
0.0741328,0.000367187,-0.468922,-0.000619792,0.0790365,-0.478495,0.0,0.0,1.0
0.0716172,-0.000789063,-0.482375,0.00123958,0.0808646,-0.450125,0.0,0.0,1.0
0.0734883,-0.000675781,-0.498176,0.00102604,0.0859219,-0.43062,0.0,0.0,1.0
0.075,-1.11022e-16,-0.509375,0.0,0.0875,-0.420833,0.0,0.0,1.0
0.073793,-0.000207031,-0.499777,0.000307292,0.0878802,-0.413453,0.0,0.0,1.0
0.0757891,0.000132813,-0.486766,-0.000208333,0.0832812,-0.416344,0.0,0.0,1.0
0.075832,0.00202734,-0.474652,-0.00340104,0.080349,-0.438974,0.0,0.0,1.0
0.0752578,-2.34375e-05,-0.465875,3.64583e-05,0.0809844,-0.461484,0.0,0.0,1.0
0.0743437,-0.000539062,-0.445586,0.000921875,0.077151,-0.492307,0.0,0.0,1.0
0.0749141,-0.000890625,-0.430633,0.00136458,0.0873646,-0.510979,0.0,0.0,1.0
0.0736953,-0.00103125,-0.423617,0.00156771,0.0862969,-0.505953,0.0,0.0,1.0
0.0742188,-5.55112e-17,-0.402344,0.0,0.078125,-0.484375,0.0,0.0,1.0
0.0754141,-0.000296875,-0.402742,0.000552083,0.0731458,-0.449448,0.0,0.0,1.0
0.0744414,0.000464844,-0.42648,-0.000802083,0.076375,-0.407906,0.0,0.0,1.0
0.073875,0.000695313,-0.464586,-0.0011875,0.0767396,-0.372198,0.0,0.0,1.0
0.0773047,1.5625e-05,-0.500773,-2.60417e-05,0.0874219,-0.354099,0.0,0.0,1.0
0.0743477,0.000449219,-0.513121,-0.000697917,0.0856562,-0.359083,0.0,0.0,1.0
0.0759375,4.6875e-05,-0.519125,-8.33333e-05,0.0813542,-0.367896,0.0,0.0,1.0
0.074875,-0.000828125,-0.546141,0.00121354,0.0907031,-0.415557,0.0,0.0,1.0
0.0721719,0.000148437,-0.547836,-0.000197917,0.095,-0.496656,0.0,0.0,1.0
0.073832,0.000714844,-0.520559,-0.00114583,0.0818854,-0.53201,0.0,0.0,1.0
0.0741992,0.00141016,-0.485723,-0.00223958,0.0830625,-0.543677,0.0,0.0,1.0
0.0707383,-0.000863281,-0.467965,0.00128125,0.0849896,-0.532708,0.0,0.0,1.0
0.0763594,-0.000859375,-0.444469,0.00139583,0.0834062,-0.49051,0.0,0.0,1.0
0.076875,-0.00128906,-0.416664,0.00207292,0.0849583,-0.462344,0.0,0.0,1.0
0.0739844,-0.000171875,-0.395828,0.00028125,0.082125,-0.417552,0.0,0.0,1.0
0.0749063,7.8125e-06,-0.379773,-1.04167e-05,0.0873021,-0.374521,0.0,0.0,1.0
0.076625,-5.46875e-05,-0.39207,8.85417e-05,0.0896823,-0.359776,0.0,0.0,1.0
0.0739922,0.000117187,-0.414531,-0.000177083,0.0900729,-0.356229,0.0,0.0,1.0
0.0671875,-5.55112e-17,-0.465625,0.0,0.0885417,-0.348958,0.0,0.0,1.0
0.0710195,0.00308203,-0.530496,-0.00476042,0.0817917,-0.34899,0.0,0.0,1.0
0.0734375,-5.55112e-17,-0.585938,0.0,0.0864583,-0.344792,0.0,0.0,1.0
0.0728516,-0.000835938,-0.595891,0.00141667,0.0762396,-0.373802,0.0,0.0,1.0
0.0742188,-5.55112e-17,-0.575781,0.0,0.0875,-0.4375,0.0,0.0,1.0
0.0763672,-0.00129687,-0.574523,0.00195833,0.0898229,-0.492094,0.0,0.0,1.0
0.067125,-0.000546875,-0.557016,0.000729167,0.0891146,-0.509802,0.0,0.0,1.0
0.0679687,-1.11022e-16,-0.513281,0.0,0.084375,-0.523958,0.0,0.0,1.0
0.0703125,-5.55112e-17,-0.464063,0.0,0.0916667,-0.527083,0.0,0.0,1.0
0.0713047,-0.000601562,-0.440937,0.000869792,0.0871302,-0.523755,0.0,0.0,1.0
0.0724297,0.000148437,-0.431766,-0.000208333,0.0922604,-0.509156,0.0,0.0,1.0
0.0743984,-0.000390625,-0.425633,0.00059375,0.0883854,-0.485833,0.0,0.0,1.0
0.0740898,0.000785156,-0.416121,-0.00133333,0.0776458,-0.456062,0.0,0.0,1.0
0.0671875,-5.55112e-17,-0.440625,0.0,0.0822917,-0.428125,0.0,0.0,1.0
0.0670391,0.000742187,-0.491953,-0.00111458,0.0796979,-0.423542,0.0,0.0,1.0
0.0707773,-0.000902344,-0.55673,0.00144792,0.0781667,-0.431115,0.0,0.0,1.0
0.0783281,0.00126563,-0.626266,-0.00227083,0.0774792,-0.429646,0.0,0.0,1.0
0.0758672,-0.0004375,-0.645227,0.000666667,0.0890729,-0.425781,0.0,0.0,1.0
0.0777305,-0.00156641,-0.626113,0.00252604,0.0858281,-0.426453,0.0,0.0,1.0
0.0739219,-0.000171875,-0.567375,0.000265625,0.084099,-0.425651,0.0,0.0,1.0
0.0760195,0.000917969,-0.531449,-0.00145833,0.0847708,-0.42725,0.0,0.0,1.0
0.0726953,-0.00252344,-0.524609,0.00382813,0.0852031,-0.435776,0.0,0.0,1.0
0.0716953,0.000484375,-0.505164,-0.00078125,0.0784583,-0.443427,0.0,0.0,1.0
0.0702461,0.000902344,-0.387262,-0.00132292,0.084875,-0.448948,0.0,0.0,1.0
0.076043,-0.000433594,-0.350496,0.000614583,0.0948438,-0.475437,0.0,0.0,1.0
0.0777422,-0.000835938,-0.372656,0.00139063,0.0830156,-0.492245,0.0,0.0,1.0
0.0764062,0.00126563,-0.460766,-0.00215104,0.0799635,-0.487682,0.0,0.0,1.0
0.0660469,0.000609375,-0.6205,-0.0009375,0.0768646,-0.462615,0.0,0.0,1.0
0.0736563,-0.00365625,-0.676672,0.00582812,0.0822656,-0.456089,0.0,0.0,1.0
0.0712266,-0.000898438,-0.678172,0.00141146,0.0804323,-0.464578,0.0,0.0,1.0
0.0702969,-0.00179688,-0.627109,0.00302083,0.0743333,-0.500917,0.0,0.0,1.0
0.0732656,-0.0008125,-0.582844,0.00113021,0.093526,-0.57138,0.0,0.0,1.0
0.0741562,0.000828125,-0.584031,-0.00121875,0.0893854,-0.579917,0.0,0.0,1.0
0.0722852,0.000285156,-0.583184,-0.000416667,0.0894271,-0.561427,0.0,0.0,1.0
0.0742188,-1.11022e-16,-0.560156,0.0,0.084375,-0.509375,0.0,0.0,1.0
0.0737578,-0.000210938,-0.553141,0.000328125,0.0863594,-0.434484,0.0,0.0,1.0
0.0732109,0.000351563,-0.560609,-0.000541667,0.0847813,-0.387302,0.0,0.0,1.0
0.0731484,-0.00116406,-0.551828,0.00186458,0.0813021,-0.36175,0.0,0.0,1.0
0.073125,0.000859375,-0.538094,-0.00134375,0.0834896,-0.353104,0.0,0.0,1.0
0.0708594,0.001125,-0.554453,-0.00176562,0.0800781,-0.368318,0.0,0.0,1.0
0.0714336,-0.00166797,-0.581715,0.00248958,0.0850521,-0.380646,0.0,0.0,1.0
0.0703516,0.000289063,-0.581219,-0.000432292,0.0835365,-0.350745,0.0,0.0,1.0
0.0724609,2.34375e-05,-0.528484,-3.125e-05,0.0832396,-0.310292,0.0,0.0,1.0
0.0705859,0.000226562,-0.504547,-0.000364583,0.0785313,-0.313937,0.0,0.0,1.0
0.0743047,0.00103906,-0.500656,-0.00170833,0.0807604,-0.329906,0.0,0.0,1.0
0.0771758,-3.90625e-06,-0.501746,5.20833e-06,0.0845052,-0.371349,0.0,0.0,1.0
0.0760625,-0.000664063,-0.487914,0.00104688,0.0860052,-0.473349,0.0,0.0,1.0
0.0762148,0.000652344,-0.509043,-0.00096875,0.0915104,-0.591708,0.0,0.0,1.0
0.0764453,-0.000789063,-0.53,0.00120312,0.0893073,-0.592328,0.0,0.0,1.0
0.0743906,-7.8125e-05,-0.555203,0.000125,0.0811146,-0.56824,0.0,0.0,1.0
0.0732578,-0.000304688,-0.565031,0.0004375,0.0894479,-0.530656,0.0,0.0,1.0
0.0742188,-1.66533e-16,-0.571094,0.0,0.090625,-0.440625,0.0,0.0,1.0
0.0768711,0.000175781,-0.572684,-0.000307292,0.077901,-0.387359,0.0,0.0,1.0
0.0755078,0.000796875,-0.56157,-0.00122917,0.0871563,-0.371281,0.0,0.0,1.0
0.0733359,7.03125e-05,-0.547813,-0.000114583,0.0843646,-0.380104,0.0,0.0,1.0
0.0744687,-0.00075,-0.539391,0.00119792,0.0825,-0.41051,0.0,0.0,1.0
0.0732383,0.000832031,-0.541887,-0.00129687,0.0835677,-0.432339,0.0,0.0,1.0
0.0725937,0.000125,-0.530375,-0.0001875,0.0856562,-0.436865,0.0,0.0,1.0
0.0718008,0.000378906,-0.484113,-0.000630208,0.0770781,-0.457536,0.0,0.0,1.0
0.0736953,0.000320313,-0.483875,-0.000515625,0.080776,-0.479807,0.0,0.0,1.0
0.0754063,-0.000101563,-0.502383,0.000177083,0.0790104,-0.508,0.0,0.0,1.0
0.0771289,6.64063e-05,-0.49116,-0.000114583,0.0802396,-0.531708,0.0,0.0,1.0
0.0751367,-0.000785156,-0.466824,0.00130208,0.0811562,-0.53625,0.0,0.0,1.0
0.0734375,-5.55112e-17,-0.459375,0.0,0.084375,-0.505208,0.0,0.0,1.0
0.0734375,-1.11022e-16,-0.48125,0.0,0.0864583,-0.419792,0.0,0.0,1.0
0.0734375,-1.11022e-16,-0.501562,0.0,0.0833333,-0.366667,0.0,0.0,1.0
0.07325,-0.00096875,-0.480875,0.00148437,0.0849427,-0.358578,0.0,0.0,1.0
0.0759258,-0.00164453,-0.472809,0.00265625,0.0838021,-0.364667,0.0,0.0,1.0
0.0756172,-0.000703125,-0.498352,0.00121875,0.0781562,-0.399708,0.0,0.0,1.0
0.0731797,0.00192188,-0.504227,-0.00288021,0.0865573,-0.411214,0.0,0.0,1.0
0.0739297,0.0005625,-0.499133,-0.000838542,0.0875469,-0.408328,0.0,0.0,1.0
0.0751172,0.000804688,-0.497094,-0.00129167,0.0834792,-0.415646,0.0,0.0,1.0
0.0746953,-5.46875e-05,-0.50925,9.375e-05,0.0813854,-0.431042,0.0,0.0,1.0
0.071582,0.00131641,-0.52041,-0.00205208,0.0818958,-0.448802,0.0,0.0,1.0
0.0722422,9.375e-05,-0.526898,-0.000135417,0.0811354,-0.447896,0.0,0.0,1.0
0.071875,0.000773437,-0.537289,-0.00118229,0.083849,-0.434214,0.0,0.0,1.0
0.074625,2.34375e-05,-0.553477,-3.64583e-05,0.0838698,-0.432745,0.0,0.0,1.0
0.0764336,-5.85937e-05,-0.554785,9.375e-05,0.0821458,-0.440531,0.0,0.0,1.0
0.0743828,0.00340625,-0.515695,-0.00553125,0.0815938,-0.448167,0.0,0.0,1.0
0.076,-0.000804688,-0.474242,0.00122917,0.0881875,-0.445375,0.0,0.0,1.0
0.0768867,0.00101172,-0.495332,-0.00155208,0.089125,-0.42974,0.0,0.0,1.0
0.0726094,-1.5625e-05,-0.528531,1.04167e-05,0.0848958,-0.41199,0.0,0.0,1.0
0.075,-5.55112e-17,-0.528125,0.0,0.084375,-0.405208,0.0,0.0,1.0
0.0738672,7.8125e-06,-0.514453,-1.04167e-05,0.0846979,-0.427771,0.0,0.0,1.0
0.0726563,-1.11022e-16,-0.505469,0.0,0.0854167,-0.45625,0.0,0.0,1.0
0.0742188,-5.55112e-17,-0.505469,0.0,0.0875,-0.464583,0.0,0.0,1.0
0.0756406,-0.000335938,-0.500492,0.000541667,0.0839062,-0.451427,0.0,0.0,1.0
0.0757891,-0.000734375,-0.484945,0.00114583,0.0863021,-0.44151,0.0,0.0,1.0
0.0771719,-7.8125e-05,-0.489859,0.000125,0.0848229,-0.441573,0.0,0.0,1.0
0.0759844,-0.00053125,-0.499859,0.000848958,0.084724,-0.445755,0.0,0.0,1.0
0.0736953,0.000359375,-0.500211,-0.000557292,0.0849635,-0.454495,0.0,0.0,1.0
0.0719766,-0.0004375,-0.494711,0.000666667,0.0844062,-0.44949,0.0,0.0,1.0
0.075,-1.11022e-16,-0.492188,0.0,0.0864583,-0.426042,0.0,0.0,1.0
0.0740859,-0.00167969,-0.504922,0.00268229,0.0824635,-0.401255,0.0,0.0,1.0
0.073125,7.8125e-05,-0.509391,-0.000125,0.0834583,-0.390979,0.0,0.0,1.0
0.0753828,-0.00186719,-0.497531,0.00301042,0.083125,-0.40526,0.0,0.0,1.0
0.073457,-7.42187e-05,-0.477879,0.000114583,0.0849375,-0.445427,0.0,0.0,1.0
0.0768789,0.00123828,-0.482418,-0.00196875,0.0858437,-0.452875,0.0,0.0,1.0
0.0766133,-0.000863281,-0.495215,0.00140104,0.0837344,-0.430464,0.0,0.0,1.0
0.0743203,-7.8125e-06,-0.510016,1.04167e-05,0.0834062,-0.410229,0.0,0.0,1.0
0.0754961,-0.00227734,-0.510566,0.00377083,0.0809583,-0.417042,0.0,0.0,1.0
0.0755625,-0.000796875,-0.502297,0.00132292,0.0811667,-0.459073,0.0,0.0,1.0
0.0736094,-0.000171875,-0.498328,0.000270833,0.0842187,-0.478969,0.0,0.0,1.0
0.0743633,0.000363281,-0.494652,-0.0005625,0.0853854,-0.464885,0.0,0.0,1.0
0.0750469,0.000765625,-0.493469,-0.00125,0.0815417,-0.430396,0.0,0.0,1.0
0.0711992,-0.000542969,-0.502176,0.000854167,0.0812187,-0.415615,0.0,0.0,1.0
0.0731484,-0.000429687,-0.511547,0.000635417,0.0890417,-0.412427,0.0,0.0,1.0
0.0743945,-0.00227734,-0.506387,0.00360417,0.0835833,-0.423771,0.0,0.0,1.0
0.0726797,-7.8125e-05,-0.506914,0.000114583,0.0900625,-0.429865,0.0,0.0,1.0
0.072875,-0.000390625,-0.5165,0.00059375,0.0851458,-0.434573,0.0,0.0,1.0
0.0719922,-7.8125e-05,-0.533445,0.000114583,0.0877292,-0.402906,0.0,0.0,1.0
0.0727266,0.00157813,-0.537055,-0.00233333,0.0873021,-0.382969,0.0,0.0,1.0
0.0738789,8.20312e-05,-0.533887,-0.000119792,0.0879115,-0.388797,0.0,0.0,1.0
0.0725898,-0.00134766,-0.529184,0.00196875,0.0883229,-0.407292,0.0,0.0,1.0
0.074625,0.000242187,-0.533867,-0.000369792,0.0877552,-0.420266,0.0,0.0,1.0
0.0743594,-0.000859375,-0.536422,0.00128125,0.0888958,-0.400698,0.0,0.0,1.0
0.0734414,-0.000144531,-0.534309,0.00021875,0.0854479,-0.373083,0.0,0.0,1.0
0.0743477,-0.00162891,-0.531285,0.00248437,0.0865885,-0.367297,0.0,0.0,1.0
0.0741641,0.000765625,-0.531148,-0.00115104,0.087401,-0.363266,0.0,0.0,1.0
0.0740625,-0.00104688,-0.532438,0.00153125,0.0898021,-0.361833,0.0,0.0,1.0
0.0748047,0.000257812,-0.537313,-0.000364583,0.0919062,-0.374625,0.0,0.0,1.0
0.0751406,-0.000765625,-0.548578,0.00116146,0.0881198,-0.390984,0.0,0.0,1.0
0.0751523,0.00141016,-0.548395,-0.00225,0.0837917,-0.398396,0.0,0.0,1.0
0.0739375,0.00121094,-0.54668,-0.00192708,0.0828958,-0.43099,0.0,0.0,1.0
0.075,-5.55112e-17,-0.548437,0.0,0.0885417,-0.448958,0.0,0.0,1.0
0.0755625,-5.55112e-17,-0.553688,0.0,0.0925625,-0.450312,0.0,0.0,1.0
0.0739922,-8.59375e-05,-0.546172,0.000135417,0.0860417,-0.445073,0.0,0.0,1.0
0.0724297,0.000234375,-0.541117,-0.000333333,0.0910729,-0.448052,0.0,0.0,1.0
0.071043,-0.000167969,-0.532527,0.000234375,0.0893385,-0.472807,0.0,0.0,1.0
0.0718438,0.000554688,-0.528211,-0.000802083,0.0885312,-0.471875,0.0,0.0,1.0
0.0725508,-0.00164453,-0.52666,0.00238021,0.0890365,-0.449068,0.0,0.0,1.0
0.0724102,2.73438e-05,-0.528348,-4.16667e-05,0.0882813,-0.417948,0.0,0.0,1.0
0.0729336,-0.000855469,-0.523918,0.00126563,0.087849,-0.403589,0.0,0.0,1.0
0.0742031,-3.125e-05,-0.527438,5.20833e-05,0.0893958,-0.41026,0.0,0.0,1.0
0.0726289,-0.000308594,-0.525348,0.00046875,0.0839062,-0.427938,0.0,0.0,1.0
0.0717695,-0.000347656,-0.509043,0.000520833,0.0845208,-0.437937,0.0,0.0,1.0
0.0726016,-0.000226562,-0.509687,0.000348958,0.0847135,-0.438516,0.0,0.0,1.0
0.0739648,-0.000777344,-0.511285,0.00121875,0.0843125,-0.41651,0.0,0.0,1.0
0.0725234,-0.000359375,-0.527148,0.000541667,0.0852917,-0.406146,0.0,0.0,1.0
0.0724688,-0.000546875,-0.533063,0.000833333,0.0850625,-0.407208,0.0,0.0,1.0
0.0737969,-0.000898438,-0.527227,0.00134375,0.0875417,-0.430031,0.0,0.0,1.0
0.0726445,-0.000824219,-0.530121,0.00122396,0.0864219,-0.447193,0.0,0.0,1.0
0.073375,0.000179688,-0.545164,-0.000276042,0.0842656,-0.419922,0.0,0.0,1.0
0.0756953,-7.8125e-06,-0.555484,1.04167e-05,0.0863229,-0.390458,0.0,0.0,1.0
0.0726563,-1.11022e-16,-0.550781,0.0,0.084375,-0.378125,0.0,0.0,1.0
0.0691914,-0.000417969,-0.533379,0.000640625,0.0802552,-0.386964,0.0,0.0,1.0
0.0729258,-0.00108203,-0.499691,0.00173958,0.0804167,-0.400427,0.0,0.0,1.0
0.075,-5.55112e-17,-0.484375,0.0,0.0864583,-0.430208,0.0,0.0,1.0
0.0744531,-0.00364062,-0.516625,0.00563542,0.0854583,-0.422552,0.0,0.0,1.0
0.0716367,-0.000933594,-0.540238,0.00136458,0.0874062,-0.396562,0.0,0.0,1.0
0.0768945,-0.00134766,-0.507559,0.0021875,0.0841875,-0.389896,0.0,0.0,1.0
0.0743789,-0.00180859,-0.480184,0.00283333,0.0844583,-0.392396,0.0,0.0,1.0
0.0757812,0.000835938,-0.49307,-0.00127604,0.0879635,-0.422266,0.0,0.0,1.0
0.0763203,0.000453125,-0.527773,-0.00071875,0.0847396,-0.4415,0.0,0.0,1.0
0.0748437,-0.000648437,-0.549617,0.000984375,0.0882552,-0.435245,0.0,0.0,1.0
0.0712344,-7.03125e-05,-0.553164,0.000104167,0.0876354,-0.428885,0.0,0.0,1.0
0.0704336,1.95312e-05,-0.548238,-2.60417e-05,0.0868281,-0.43163,0.0,0.0,1.0
0.0750664,-0.00151953,-0.548145,0.00225,0.0902708,-0.436063,0.0,0.0,1.0
0.0741289,-0.000769531,-0.556473,0.00114062,0.0892135,-0.433818,0.0,0.0,1.0
0.0746367,-0.00190234,-0.555574,0.00276563,0.0913073,-0.432495,0.0,0.0,1.0
0.073457,0.000847656,-0.543848,-0.00123958,0.0893125,-0.42576,0.0,0.0,1.0
0.0741484,-0.000695313,-0.547484,0.00102083,0.0893021,-0.400302,0.0,0.0,1.0
0.0751055,-0.00164453,-0.527621,0.00267188,0.0822135,-0.392672,0.0,0.0,1.0
0.071832,0.00247266,-0.436879,-0.00397396,0.079401,-0.394214,0.0,0.0,1.0
0.0740625,5.46875e-05,-0.423836,-8.85417e-05,0.0821927,-0.404432,0.0,0.0,1.0
0.0734727,0.000339844,-0.46923,-0.000567708,0.0775365,-0.403005,0.0,0.0,1.0
0.0746484,-0.00253125,-0.555695,0.00424479,0.079151,-0.362641,0.0,0.0,1.0
0.0756289,-0.000355469,-0.583707,0.0005625,0.0843021,-0.340885,0.0,0.0,1.0
0.0788398,8.98438e-05,-0.574129,-0.00015625,0.0862188,-0.342896,0.0,0.0,1.0
0.0737344,-0.00145313,-0.534406,0.00232292,0.0822708,-0.362906,0.0,0.0,1.0
0.0732656,3.90625e-05,-0.521211,-6.77083e-05,0.0841719,-0.367443,0.0,0.0,1.0
0.0707734,7.03125e-05,-0.540984,-0.000104167,0.0831563,-0.362656,0.0,0.0,1.0
0.0698437,-0.000429687,-0.567648,0.000640625,0.082901,-0.362432,0.0,0.0,1.0
0.0722227,-0.000339844,-0.584684,0.000515625,0.0844531,-0.357547,0.0,0.0,1.0
0.0714141,-0.000851562,-0.572328,0.0013125,0.0826771,-0.354385,0.0,0.0,1.0
0.0698633,-0.000105469,-0.542996,0.00015625,0.0832083,-0.352052,0.0,0.0,1.0
0.0707188,-0.000789063,-0.537492,0.0011875,0.0835625,-0.362417,0.0,0.0,1.0
0.0722734,6.25e-05,-0.53943,-9.375e-05,0.0843229,-0.377958,0.0,0.0,1.0
0.0732773,-0.000167969,-0.552855,0.000260417,0.0839688,-0.386333,0.0,0.0,1.0
0.0702109,0.000898438,-0.553547,-0.00126042,0.0884583,-0.395698,0.0,0.0,1.0
0.0726211,-1.17188e-05,-0.539785,2.08333e-05,0.0853646,-0.416052,0.0,0.0,1.0
0.0703125,-1.11022e-16,-0.535937,0.0,0.0833333,-0.427083,0.0,0.0,1.0
0.0718477,-0.00184766,-0.534855,0.00277083,0.0850625,-0.436938,0.0,0.0,1.0
0.0700234,-0.00219531,-0.536812,0.00338021,0.0808073,-0.45213,0.0,0.0,1.0
0.0724531,0.00028125,-0.533328,-0.000432292,0.084099,-0.464578,0.0,0.0,1.0
0.0735,-0.00174219,-0.529914,0.0025,0.0908438,-0.455323,0.0,0.0,1.0
0.0741875,0.00164062,-0.544266,-0.00253646,0.0852552,-0.358266,0.0,0.0,1.0
0.0754023,-0.000894531,-0.562832,0.00141146,0.0843906,-0.305974,0.0,0.0,1.0
0.074793,-0.000519531,-0.566723,0.000838542,0.0824427,-0.309995,0.0,0.0,1.0
0.0742188,-1.11022e-16,-0.555469,0.0,0.0927083,-0.369792,0.0,0.0,1.0
0.0727422,-8.59375e-05,-0.539828,0.000130208,0.0833073,-0.399786,0.0,0.0,1.0
0.0710938,-5.55112e-17,-0.525781,0.0,0.084375,-0.434375,0.0,0.0,1.0
0.0709258,-0.00219141,-0.516902,0.0035625,0.0774583,-0.461958,0.0,0.0,1.0
0.0726328,-0.000960938,-0.528219,0.00138021,0.0895469,-0.498682,0.0,0.0,1.0
0.0726563,-5.55112e-17,-0.538594,0.0,0.0822292,-0.527646,0.0,0.0,1.0
0.0749258,0.000761719,-0.534316,-0.00116146,0.0873177,-0.56337,0.0,0.0,1.0
0.0707656,-0.00166406,-0.525008,0.00246875,0.0847187,-0.578104,0.0,0.0,1.0
0.0722344,-0.00242969,-0.515195,0.00369792,0.0843125,-0.563927,0.0,0.0,1.0
0.0712969,-0.00075,-0.50525,0.001125,0.0845625,-0.533104,0.0,0.0,1.0
0.0678047,-7.8125e-05,-0.495445,0.000125,0.0718646,-0.461323,0.0,0.0,1.0
0.0746562,0.000273438,-0.492586,-0.000458333,0.0791979,-0.403448,0.0,0.0,1.0
0.0693672,-0.000484375,-0.486414,0.000744792,0.0806198,-0.410266,0.0,0.0,1.0
0.0730937,-0.000867188,-0.49743,0.00134896,0.0838177,-0.465724,0.0,0.0,1.0
0.0687852,3.51562e-05,-0.496918,-5.20833e-05,0.0888646,-0.495875,0.0,0.0,1.0
0.0720781,0.000882812,-0.471867,-0.0013125,0.0857396,-0.501344,0.0,0.0,1.0
0.0736992,0.000464844,-0.435441,-0.000739583,0.0826771,-0.475833,0.0,0.0,1.0
0.0704219,-0.00152344,-0.427039,0.00233854,0.0813698,-0.464026,0.0,0.0,1.0
0.0697813,-4.6875e-05,-0.449125,6.25e-05,0.0915521,-0.45201,0.0,0.0,1.0
0.0710938,-5.55112e-17,-0.466406,0.0,0.0875,-0.445833,0.0,0.0,1.0
0.0718594,-1.5625e-05,-0.466578,2.60417e-05,0.0916406,-0.439578,0.0,0.0,1.0
0.0717578,0.000820312,-0.459141,-0.00117708,0.0889271,-0.400417,0.0,0.0,1.0
0.0706055,0.000808594,-0.443426,-0.00126042,0.0806875,-0.339927,0.0,0.0,1.0
0.0719414,-0.000496094,-0.435715,0.000729167,0.0865417,-0.326604,0.0,0.0,1.0
0.0714297,0.000921875,-0.44768,-0.00142187,0.0825365,-0.343953,0.0,0.0,1.0
0.0741484,0.0001875,-0.462227,-0.000296875,0.0849427,-0.388005,0.0,0.0,1.0
0.0701484,-0.00210938,-0.470008,0.00307292,0.0857396,-0.433146,0.0,0.0,1.0
0.0677891,-0.000921875,-0.473242,0.00122917,0.0905,-0.489104,0.0,0.0,1.0
0.06875,-5.55112e-17,-0.478125,0.0,0.090625,-0.490625,0.0,0.0,1.0
0.0655469,-3.90625e-05,-0.476398,4.6875e-05,0.086349,-0.473797,0.0,0.0,1.0
0.0663125,-0.00084375,-0.46325,0.00121354,0.0821094,-0.451651,0.0,0.0,1.0
0.0725859,-0.000492188,-0.445859,0.000739583,0.0846146,-0.431729,0.0,0.0,1.0
0.0696875,-0.000445313,-0.441352,0.000635417,0.0879062,-0.425813,0.0,0.0,1.0
0.0701602,-3.90625e-06,-0.44784,1.04167e-05,0.0829896,-0.420146,0.0,0.0,1.0
0.0720859,7.8125e-05,-0.458555,-0.000125,0.0821875,-0.3925,0.0,0.0,1.0
0.0695312,-5.55112e-17,-0.467969,0.0,0.0864583,-0.390625,0.0,0.0,1.0
0.0710938,-5.55112e-17,-0.466406,0.0,0.078125,-0.409375,0.0,0.0,1.0
0.0711953,0.00065625,-0.468023,-0.00107292,0.07725,-0.434302,0.0,0.0,1.0
0.0680391,7.8125e-06,-0.462953,-1.5625e-05,0.0818802,-0.471224,0.0,0.0,1.0
0.0700391,-0.00078125,-0.459117,0.00115625,0.0841979,-0.487312,0.0,0.0,1.0
0.0688203,-0.00153125,-0.460055,0.00224479,0.0834844,-0.499359,0.0,0.0,1.0
0.0699844,-0.00224219,-0.455414,0.00342708,0.0816042,-0.494448,0.0,0.0,1.0
0.0664258,0.000972656,-0.450574,-0.00144792,0.0799688,-0.487792,0.0,0.0,1.0
0.0695312,-5.55112e-17,-0.419531,0.0,0.0833333,-0.454167,0.0,0.0,1.0
0.0708906,-0.000773437,-0.40782,0.00116667,0.0840521,-0.42226,0.0,0.0,1.0
0.0695664,-0.00265234,-0.430074,0.00446354,0.0734844,-0.384703,0.0,0.0,1.0
0.0690156,-0.00559375,-0.483219,0.00895833,0.0765625,-0.384208,0.0,0.0,1.0
0.0669297,-0.00548438,-0.518445,0.00786458,0.0829167,-0.399927,0.0,0.0,1.0
0.0643672,-0.00479688,-0.542273,0.00663542,0.0826667,-0.406115,0.0,0.0,1.0
0.0688789,-0.00241016,-0.570441,0.00360417,0.0818333,-0.451458,0.0,0.0,1.0
0.0698398,-0.000730469,-0.570949,0.00109375,0.0826667,-0.520802,0.0,0.0,1.0
0.0723945,-0.00112891,-0.542324,0.00158854,0.0916927,-0.552526,0.0,0.0,1.0
0.065457,-1.17188e-05,-0.512246,1.04167e-05,0.0936042,-0.533823,0.0,0.0,1.0
0.062168,-0.00348828,-0.487801,0.00419271,0.0919323,-0.500547,0.0,0.0,1.0
0.0656172,-0.000109375,-0.488977,0.00015625,0.0833542,-0.481135,0.0,0.0,1.0
0.0668945,-0.00226953,-0.482871,0.00307812,0.0876823,-0.470766,0.0,0.0,1.0
0.0671484,-0.0016875,-0.474164,0.00220833,0.0909688,-0.468052,0.0,0.0,1.0
0.0648594,-0.000164062,-0.468508,0.00021875,0.0882396,-0.463375,0.0,0.0,1.0
0.0666172,-0.00110938,-0.466773,0.00145833,0.0900417,-0.457437,0.0,0.0,1.0
0.0688125,-0.00096875,-0.4705,0.00134896,0.0877865,-0.457328,0.0,0.0,1.0
