152.20375,9.523125,217.12375,9.275625,218.11375,269.0,153.20875,269.0
152.56,7.2745,218.83,7.4755,218.02,269.0,151.75,269.0
153.7725,9.0635,222.0525,9.0665,222.0375,269.0,153.7575,269.0
159.38,4.33375,224.225,5.45875,219.56,269.0,154.715,269.0
161.68375,7.2685,225.65875,8.4115,220.93375,269.0,156.97375,269.0
161.61625,9.25475,227.88625,10.75775,221.94625,269.0,155.66125,269.0
161.0875,5.697375,221.9275,5.803875,221.4625,269.0,160.6225,269.0
161.0425,6.529125,223.0675,6.749625,222.1075,269.0,160.0825,269.0
160.675,4.474125,218.53,4.379625,218.965,269.0,161.11,269.0
159.7625,2.037625,219.2375,1.901125,219.8675,269.0,160.3925,269.0
155.70625,3.980875,211.73125,2.755375,217.65625,269.0,161.61625,269.0
157.485,5.503625,212.775,4.995125,215.235,269.0,159.945,269.0
150.68625,3.397125,207.23625,2.351625,212.21625,269.0,155.65125,269.0
154.9125,3.8015,207.7875,3.3485,210.0975,269.0,157.2225,269.0
146.4825,4.0955,203.1975,3.0095,208.2675,267.9335,151.5525,269.0
144.28375,2.997,198.02875,0.768,209.18875,269.0,155.42875,269.0
146.5275,1.59875,197.3475,1.11875,199.8825,269.0,149.0625,269.0
142.98,4.145375,195.96,2.925875,202.08,268.331375,149.1,269.0
136.66625,7.96175,190.44125,4.95575,205.03625,265.88675,151.24625,268.90175
143.095,5.60625,194.98,4.87125,198.685,266.32275,146.8,267.05775
145.335,4.985,199.575,5.99,194.745,266.063,140.505,265.058
147.015,7.0675,201.9,9.6775,189.705,265.9465,134.82,263.3365
145.2375,7.60725,197.4975,8.66025,192.3525,264.09825,140.0925,263.04825
140.8425,10.635625,191.1225,9.653125,196.0875,263.672125,145.8075,264.662125
145.62125,10.499375,196.77125,11.976875,189.54125,262.476875,138.37625,260.991875
141.97625,13.772,194.14625,13.913,193.48625,260.489,141.30125,260.354
145.45625,12.3565,198.19625,14.1835,189.57125,263.005,136.84625,261.175
147.4375,10.39225,200.4775,12.88525,188.6725,264.21325,135.6325,261.72325
145.3825,13.325625,206.8825,15.628125,197.6275,263.014125,136.1275,260.719125
143.55,11.491625,207.315,12.912125,201.75,262.938125,137.985,261.513125
153.95375,11.8795,208.68875,18.0205,181.11875,263.881,126.36875,257.731
154.4325,14.552125,208.7025,21.246625,178.8375,263.273125,124.5675,256.583125
157.22,15.242875,211.955,23.818375,174.44,263.242375,119.705,254.677375
154.13875,14.073875,210.13375,21.617375,177.59875,263.009375,121.61875,255.464375
156.37625,19.006875,210.40625,26.754375,176.74625,261.577875,122.70125,253.837875
155.48125,16.67775,210.78625,24.59475,176.66125,263.00475,121.34125,255.08475
158.6425,18.583875,209.8075,25.932375,175.9075,261.999375,124.7425,254.649375
161.61,18.94975,210.3,26.54275,173.67,261.45775,124.98,253.86775
161.70125,16.687,211.50125,24.823,172.54625,263.2315,122.76125,255.0865
161.82375,17.806375,211.05375,25.829875,172.54875,262.178875,123.30375,254.153875
170.91125,20.507875,213.70625,30.058375,162.33125,260.294875,119.52125,250.739875
166.815,17.73475,212.55,26.82775,165.645,262.68475,119.91,253.59475
174.81125,23.54275,215.50625,33.79975,158.41625,260.22775,117.73625,249.96775
172.72875,21.611875,216.37875,32.059375,161.80875,260.014375,118.17375,249.559375
177.6375,22.151125,217.8525,32.817625,157.3125,261.057625,117.0975,250.392625
177.95875,22.0565,218.59375,32.7635,158.59375,260.585,117.94375,249.875
179.08,26.58075,216.34,36.42675,157.36,259.60875,120.1,249.75375
176.7225,26.758875,214.4025,36.252375,158.2275,259.260375,120.5475,249.765375
177.7375,27.9445,215.0575,36.9355,161.4925,259.3225,124.1725,250.3375
178.62,26.812,219.075,37.168,161.76,261.061,121.305,250.711
179.775,28.25275,217.695,36.79975,167.025,261.60175,129.105,253.05175
181.22375,27.421,219.77375,36.919,164.45375,261.3475,125.91875,251.8525
180.34625,28.187125,215.31125,35.571625,167.52125,261.735625,132.57125,254.340625
178.1325,26.676375,217.4175,34.939875,169.4175,263.128875,130.1325,254.863875
171.33125,30.56925,208.81625,35.12325,181.11125,263.38275,143.61125,258.82275
171.00375,26.924375,209.79375,31.611875,181.66875,264.386375,142.86375,259.706375
161.2075,25.673125,208.1575,28.170625,195.5425,265.128625,148.5925,262.638625
156.50375,27.133375,201.50375,27.617875,198.96875,263.756875,153.95375,263.276875
159.78125,23.23325,212.52125,24.21425,208.00625,267.15275,155.28125,266.17775
158.5775,25.485375,211.4825,25.795875,210.0725,265.153875,157.1675,264.853875
153.125,25.0365,211.865,22.7385,221.375,265.6515,162.635,267.9615
154.515,24.844875,218.67,24.066375,221.625,267.142875,157.47,267.922875
153.465,25.209625,220.83,23.204125,228.135,268.629625,160.77,269.0
152.535,24.44425,221.97,21.39325,232.785,267.64375,163.35,269.0
155.4775,24.290875,225.2875,21.055375,236.7925,269.0,166.9825,269.0
152.7,26.35275,226.245,21.62475,242.04,267.40575,168.495,269.0
150.245,29.7435,222.335,21.6165,250.055,267.507,177.965,269.0
153.4125,26.344375,231.7575,19.961875,251.9775,268.174375,173.6325,269.0
149.6075,28.420875,223.7225,17.715375,259.6025,266.115375,185.4875,269.0
150.3775,29.76575,224.8225,18.91175,260.8525,266.00225,186.4075,269.0
158.125,26.8965,229.63,17.0085,264.535,269.0,193.03,269.0
158.30625,30.69375,231.08625,20.76375,264.94125,268.93725,192.17625,269.0
164.71,29.592625,236.155,20.051125,269.77,269.0,198.325,269.0
165.275,28.9505,236.285,19.4495,270.125,269.0,199.115,269.0
170.4175,24.740125,239.7925,15.063625,275.9725,269.0,206.5975,269.0
169.82,25.005625,239.84,15.263125,276.02,269.0,206.0,269.0
172.385,27.105375,244.325,16.345875,282.995,269.0,211.055,269.0
174.96625,27.359375,246.20125,17.316875,282.44125,269.0,211.22125,269.0
184.4025,21.110125,248.9025,11.958625,286.3275,269.0,221.8275,269.0
184.99375,26.5735,250.42375,17.5165,286.07875,269.0,220.63375,269.0
190.1025,19.3545,254.2875,10.7055,289.7475,269.0,225.5625,269.0
191.04,16.64575,251.235,7.90675,289.98,269.0,229.785,269.0
198.88375,7.0165,258.85375,0.3085,289.82875,269.0,229.84375,269.0
199.1,9.062375,260.54,2.733875,288.62,269.0,227.18,269.0
199.1825,7.252625,257.4725,0.381125,289.7075,269.0,231.4175,269.0
198.805,8.770875,257.77,1.755375,290.215,269.0,231.25,269.0
203.755,4.458,263.44,0.0,286.105,269.0,226.42,269.0
202.68875,2.713875,262.35875,0.0,286.58375,269.0,226.89875,269.0
203.6,7.11425,263.57,2.45825,284.6,269.0,224.63,269.0
204.42375,7.898875,264.43875,3.442375,284.49375,269.0,224.49375,269.0
202.8325,7.622,265.5325,3.863,281.7175,269.0,219.0175,269.0
207.10375,9.063125,270.47875,7.165625,278.48875,269.0,215.09875,269.0
201.6575,16.366625,270.8375,14.142125,279.1325,269.0,209.9525,269.0
199.47625,17.74125,269.19625,14.81625,279.95125,269.0,210.24625,269.0
203.4425,25.374,279.5975,26.811,275.0075,269.0,198.8525,268.4295
206.4075,22.96175,281.7675,24.96575,275.2425,269.0,199.8825,268.51025
211.5,30.373625,296.67,41.490125,266.46,269.0,181.29,261.822125
209.73,31.139125,297.675,42.759625,267.09,269.0,179.145,262.599625
219.01375,37.300125,316.67875,66.968625,255.52375,268.240125,157.87375,238.570125
226.48875,36.873,320.95875,70.302,250.72875,268.7205,156.27375,235.3005
232.67375,46.460625,325.98875,91.138125,248.01875,254.023125,154.68875,209.353125
243.68,45.43825,332.06,93.29425,243.68,256.50925,155.3,208.64425
245.13,52.7605,333.795,107.8195,242.85,254.2645,154.185,199.1995
244.66375,53.812,333.62875,109.108,243.37375,254.293,154.42375,199.003
226.3025,52.818625,337.1675,110.585125,260.1875,258.320125,149.3225,200.555125
271.5975,63.0495,341.1075,137.3955,210.2925,259.7055,140.7825,185.3655
273.27,68.4425,339.57,145.4975,209.13,257.7275,142.83,180.6725
277.375,67.939875,341.29,151.131375,204.565,256.161375,140.65,172.956375
293.07,82.40625,310.92,207.31125,176.37,226.54125,158.52,101.65125
293.3325,73.75375,294.4275,224.51725,179.6775,225.35725,178.5825,74.59375
300.1725,80.3375,271.0725,237.8675,179.0775,220.8725,208.1775,63.3425
289.345,72.10175,279.115,236.76125,185.515,230.95625,195.745,66.29075
280.565,66.508125,281.75,235.682625,201.455,236.237625,200.27,67.070625
275.7625,65.488625,287.0575,226.593125,200.8675,232.638125,189.5725,71.535125
268.28125,59.450625,291.65125,222.799125,203.78125,235.369125,180.39625,72.028125
260.6325,58.59875,285.2625,221.61425,215.5575,232.14425,190.9275,69.12875
245.0325,50.313125,295.5975,241.416125,230.4375,258.666125,179.8725,67.555625
227.41,46.722375,304.69,244.743375,250.57,265.863375,173.29,67.843875
211.6775,40.399,318.7475,242.914,268.9325,269.0,161.8625,66.736
215.63625,34.281375,327.07125,230.374875,261.31125,267.739875,149.89125,71.644875
250.345,34.962,292.825,199.983,203.995,222.843,161.515,57.828
207.545,23.8925,302.405,233.2865,241.175,261.0215,146.315,51.6275
194.835,8.8305,284.715,235.896,234.405,255.801,144.525,28.7445
177.07,8.293125,287.05,181.684125,229.69,218.074125,119.71,44.675625
169.93,0.0,277.45,184.989625,224.17,215.889625,116.65,30.489625
178.0375,0.0,266.8525,196.531625,210.2725,220.081625,121.4575,6.805625
191.99,0.0,253.295,202.368,181.91,221.763,120.605,0.0
172.76375,0.0,261.47375,189.85625,209.22875,211.66625,120.50375,0.0
168.34375,0.0,255.29875,188.82475,208.70875,207.73975,121.73875,0.0
167.95,0.0,249.295,190.0725875,199.51,208.4475875,118.165,0.0
156.0175,0.0,261.7225,180.91425,205.4725,208.73925,99.7675,0.0
160.6725,0.0,239.9325,193.6924,199.0575,207.9274,119.7975,0.0
169.28,0.0,247.955,196.01435,195.26,213.63935,116.585,0.0
173.065,0.0,257.605,193.4912375,199.975,214.8512375,115.435,0.0
170.56,0.0,241.81,203.7112,201.52,215.7862,130.27,0.0
181.675,0.0,255.49,198.216375,202.525,215.181375,128.71,0.0
192.575,0.0,251.57,208.5885,194.405,222.7935,135.41,0.0
183.89,0.0,254.21,223.17725,214.13,234.29225,143.81,0.0
205.3625,0.0,259.2725,224.62075,204.0875,236.77075,150.1775,0.0
208.9,0.0,272.755,230.2015,212.68,245.3965,148.825,0.0
218.38125,0.0,279.22125,238.996625,223.48125,252.451625,162.62625,0.336125
228.2625,0.0,293.1975,239.264625,231.4875,255.479625,166.5525,8.542125
240.1325,7.982625,290.4425,249.125625,227.0375,262.355625,176.7275,21.211125
245.2425,18.484125,293.7375,247.466625,234.9075,259.931625,186.4125,30.944625
252.255,16.796625,304.755,246.103125,241.725,260.533125,189.225,31.222125
255.11875,17.380875,308.33875,247.446375,250.01875,260.931375,196.81375,30.870375
273.9725,21.854375,307.8725,245.882375,236.6375,256.652375,202.7375,32.631875
262.69125,22.8535,321.28125,232.804,264.79125,248.569,206.18625,38.6215
281.285,28.592,312.965,234.335,248.435,244.265,216.755,38.528
277.0325,24.49025,322.7675,246.49925,265.9175,258.21425,220.1825,36.20225
268.43,30.359375,324.785,235.424375,276.89,248.579375,220.535,43.521875
258.7175,28.331125,344.4125,232.998625,293.3525,254.373625,207.6575,49.707625
264.8675,46.8295,350.4875,220.2715,296.5625,246.8815,210.9425,73.4455
277.885,51.301125,341.605,199.511625,276.715,227.411625,212.995,79.202625
330.4475,71.534125,301.7825,219.384625,224.9225,204.489625,253.5875,56.634625
325.55,60.441375,298.115,224.884875,224.45,212.599875,251.885,48.154875
280.34,44.8555,323.165,243.358,266.54,255.568,223.715,57.0745
282.495,44.307875,320.055,244.997375,264.225,255.437375,226.665,54.758375
315.495,61.417375,316.59,206.044375,237.225,206.644375,236.13,62.018875
272.68,48.60525,332.98,207.82425,270.52,231.47925,210.22,72.25725
310.0725,60.137625,295.7775,216.635625,232.4775,210.860625,246.7725,54.361125
276.11125,50.776125,304.53625,220.721625,254.19625,229.136625,225.78625,59.192625
293.95875,53.3705,297.13875,211.541,240.15375,212.681,236.95875,54.5195
293.70625,51.937875,294.51625,206.287875,230.25625,206.632875,229.43125,52.278375
293.3825,57.369875,288.7625,199.302875,217.3475,196.977875,221.9675,55.046375
278.52125,42.899375,290.91125,220.592375,236.32625,224.387375,223.95125,46.701875
280.86,35.594375,284.64,224.211875,220.62,225.501875,216.84,36.876875
269.9375,24.82625,281.5625,255.04175,227.2325,257.78675,215.6075,27.57125
268.43875,20.030375,274.03375,258.275375,214.67875,259.670375,209.09875,21.420875
264.63125,14.412,265.32125,263.8695,207.67625,264.0345,207.00125,14.568
266.7375,13.503,251.1075,261.117,192.3525,257.412,207.9825,9.792
267.9675,7.544125,251.3775,263.886625,176.9625,259.071625,193.5525,2.724625
260.3525,16.514625,234.6275,259.820625,169.9775,252.980625,195.7025,9.679125
254.6425,12.242875,230.8225,263.989375,168.6475,258.094375,192.4675,6.358375
256.41375,11.4755,227.19375,268.703,163.21875,261.428,192.42375,4.2095
250.6325,14.052875,228.4025,269.0,164.8775,263.481875,187.1075,8.513375
248.0825,13.61075,225.8375,269.0,163.6475,264.73325,185.8925,8.21675
248.255,18.082,229.82,269.0,162.365,266.155,180.8,13.168
249.81125,23.974625,233.95625,269.0,158.85125,266.620625,174.69125,19.164125
251.815,29.306375,236.155,269.0,156.745,267.834875,172.405,24.204875
255.0225,35.94225,232.8525,269.0,151.4475,264.80325,173.6175,28.31025
263.685,41.9325,226.92,269.0,143.415,262.7295,180.18,28.8075
254.44875,42.813125,231.34875,269.0,146.80875,264.184625,169.92375,34.315625
264.34,52.681,226.045,269.0,140.26,263.0035,178.555,38.074
277.11875,64.3265,213.06875,269.0,126.29375,260.351,190.32875,39.1985
285.16,64.57925,201.7,269.0,117.4,262.70075,200.86,33.83825
279.62375,64.38425,208.82375,269.0,126.78875,248.96225,197.57375,36.98825
284.165,66.054625,206.0,269.0,125.135,248.606125,203.3,36.284125
290.65,68.670625,206.755,269.0,121.69,245.778625,205.585,34.838125
295.2775,69.897625,205.7125,269.0,121.7725,244.800625,211.3375,34.196125
305.22,73.436875,194.04,269.0,125.34,243.251875,236.52,36.499375
316.3825,76.383,186.3775,269.0,125.3875,241.728,255.3925,37.542
313.7425,72.865875,182.7625,269.0,129.4075,243.775875,260.3875,38.775375
319.71125,75.29075,176.11625,269.0,122.11625,246.05075,265.72625,38.02175
315.68375,71.285375,178.88375,269.0,128.63375,244.475375,265.44875,37.995875
311.5525,68.688125,181.4875,269.0,133.3375,243.949625,263.4025,38.245625
317.06,70.671125,182.825,269.0,131.96,240.517625,266.195,37.102625
300.945,62.8725,202.2,269.0,141.195,256.7535,239.94,35.6325
299.59625,59.488125,211.68125,269.0,147.52625,255.583125,235.42625,34.025625
303.1075,58.573875,210.4525,269.0,143.8825,261.393375,236.5375,31.722375
299.02125,56.087625,222.76125,269.0,148.82625,262.394625,225.10125,31.651125
301.12375,61.07975,218.60875,269.0,150.91375,252.93575,233.44375,35.40275
298.53375,58.115,246.99375,269.0,158.28375,252.641,209.83875,36.92
299.80875,58.93375,251.32875,269.0,161.04375,249.70525,209.50875,38.23375
309.1,63.905875,257.8,262.067875,163.18,237.587875,214.48,39.415375
306.03,53.858875,271.44,268.717375,162.69,251.212375,197.28,36.352375
333.12625,66.822625,154.02625,269.0,118.17625,243.999625,297.26125,35.951125
338.5475,68.35475,155.2025,269.0,117.7025,248.45675,301.0475,35.98775
337.8825,59.22625,163.5975,269.0,128.4675,260.51875,302.7525,32.39125
356.60375,68.101125,175.38875,269.0,127.07375,253.655625,308.30375,29.117625
353.655,69.294375,165.645,269.0,126.465,253.764375,314.475,35.536875
353.48,69.55225,168.17,269.0,131.12,244.07725,316.43,36.48025
351.53625,60.028125,173.00625,269.0,136.57125,246.341625,315.11625,29.975625
353.24,60.520125,179.45,269.0,139.28,239.500125,313.07,27.578625
353.44,59.614875,190.0,268.132875,145.84,233.512875,309.28,24.996375
351.585,54.380625,197.835,264.053625,149.895,228.908625,303.645,19.228125
348.86,45.014875,210.8,265.703875,155.06,230.828875,293.12,10.141375
350.1575,40.689375,232.0025,266.841375,163.4525,231.021375,281.6075,4.876875
334.95,36.530875,232.515,255.001375,171.87,226.561375,274.305,8.095375
323.03125,28.6015,262.14625,230.125,196.25125,210.22,257.12125,8.6935
322.34,27.676875,264.38,240.976875,190.04,220.771875,248.0,7.479375
300.75625,18.17825,276.45625,230.78675,206.57125,222.79175,230.88625,10.18925
288.745,12.2835,271.915,225.84,215.815,221.415,232.645,7.8615
280.3675,13.682625,274.6975,215.624625,217.5625,214.019625,223.2325,12.076125
265.05375,0.0,296.14875,269.0,237.91875,269.0,206.80875,0.9725
260.96,0.0,296.015,265.16375,242.36,269.0,207.305,3.96425
261.6675,0.0,296.5125,256.97025,242.6625,264.23025,207.8175,5.44425
258.135,0.0,312.105,263.99275,252.765,269.0,198.795,7.11925
254.09,6.450625,322.94,200.034625,255.65,223.974625,186.8,30.383125
246.64875,0.0,354.00375,245.302,285.42375,269.0,178.05375,28.267
242.6475,7.3575,363.9675,194.1975,282.4425,247.1325,161.1225,60.2925
242.685,11.53825,359.445,195.07225,282.795,243.83725,166.035,60.29425
244.91375,20.724,363.09875,197.5395,287.97875,247.7595,169.77875,70.941
239.2725,17.711,363.6975,192.4775,288.0975,246.2975,163.6725,71.534
239.6925,25.19225,365.6625,192.10025,292.2975,247.46525,166.3275,80.56025
237.1625,26.9085,366.2825,194.6265,295.7075,248.9565,166.5875,81.2565
237.47375,27.89325,372.51875,206.27925,302.85875,259.03425,167.79875,80.63925
235.78,31.77825,371.965,213.29925,306.76,262.22925,170.575,80.69925
232.535,28.524875,370.325,228.546875,310.565,269.0,172.775,69.686375
232.7275,34.13125,365.6125,235.48075,309.5425,269.0,176.6575,71.13625
232.535,30.35225,354.02,251.18525,302.105,269.0,180.62,58.91525
231.495,31.01775,350.145,251.33775,300.105,269.0,181.455,57.96975
234.8525,33.49525,347.3225,253.38625,296.1575,269.0,183.6875,59.66725
242.72,32.820625,340.925,257.214625,285.62,269.0,187.415,57.023125
235.435,34.179625,343.315,255.488125,280.105,269.0,172.225,64.994125
253.2,37.338,324.825,241.6995,253.92,266.5395,182.295,62.187
240.95875,28.975,341.78875,257.449,266.47375,269.0,165.62875,62.215
238.89375,34.587625,319.99875,235.806625,248.11875,264.786625,166.99875,63.566125
220.31125,31.26375,332.18125,256.93575,267.35125,269.0,155.46625,63.40875
219.4,36.013625,328.75,253.599125,263.38,269.0,154.03,68.865125
214.1,28.676625,331.385,257.824125,263.9,269.0,146.615,63.217125
213.4325,28.910375,322.6475,259.878875,262.7975,269.0,153.5825,57.210875
214.68,22.578375,322.38,259.453875,258.18,269.0,150.48,51.772875
214.5275,22.623,319.9325,260.802,256.4225,269.0,151.0175,50.727
213.2925,24.71025,317.4975,261.63225,258.0975,269.0,153.8925,50.83725
214.67375,23.865875,317.93375,263.654375,257.30375,269.0,154.05875,49.970375
212.525,19.844875,316.43,262.070875,260.615,269.0,156.71,43.786375
215.85875,18.55825,320.63375,259.14325,248.37875,269.0,143.61875,50.01925
215.9275,19.88675,317.6275,256.28375,257.7025,269.0,156.0025,45.66575
216.40125,18.349,319.13625,254.4415,253.94625,269.0,151.22625,46.711
216.8075,19.880125,314.5925,250.340125,249.8225,269.0,152.0375,47.358625
219.31875,18.966125,317.10375,237.925625,244.59375,269.0,146.79375,51.352625
219.9025,13.37775,314.7025,247.13925,250.9075,269.0,156.1075,39.24975
221.1025,9.443,310.6225,249.038,248.5675,269.0,159.0475,32.627
219.0375,10.93,307.8675,239.98,246.0525,263.95,157.2225,34.9
219.9775,10.12675,307.6075,244.49575,244.5925,268.04575,156.9625,33.68575
218.38875,10.059875,307.80375,247.074875,243.88875,269.0,154.48875,34.166375
218.81375,7.236,310.47875,247.5195,241.47875,269.0,149.79875,33.564
218.42375,7.485625,303.29375,253.116625,240.05375,269.0,155.19875,29.333125
219.665,9.778,299.645,253.7035,236.495,269.0,156.515,30.487
216.3725,6.719375,302.2775,252.542375,237.0575,269.0,151.1525,29.511875
221.46,9.438,297.93,253.5315,232.2,269.0,155.73,30.027
221.34,8.6485,298.02,254.0065,231.3,269.0,154.62,29.5015
224.0525,13.08025,299.3525,253.39825,231.2975,269.0,155.9975,34.40725
222.3775,17.340625,299.6575,247.130125,233.6725,269.0,156.3925,39.533125
228.25,19.30525,301.48,248.91925,233.95,269.0,160.72,40.84225
230.1,23.3845,294.57,255.3355,230.82,269.0,166.35,41.1055
234.47875,25.85675,295.60375,255.74675,229.75375,269.0,168.61375,43.37075
239.25,31.381625,293.625,260.818625,227.25,269.0,172.875,47.112125
238.65,33.573125,290.505,261.022625,226.41,269.0,174.555,48.190625
241.4025,37.05375,291.3375,260.54325,226.2075,269.0,176.2725,51.60375
248.3475,36.241625,285.9375,264.075125,219.1425,269.0,181.5525,47.262125
249.12625,35.551875,288.60625,264.492375,219.56125,269.0,180.09625,47.454375
247.1975,37.30775,286.1075,264.88625,219.6125,269.0,180.7025,48.67475
247.0875,37.0525,287.4675,264.5845,219.2625,269.0,178.8825,49.1575
256.46125,37.536875,290.91625,265.520375,214.46125,269.0,179.99125,49.094375
234.5875,35.759875,297.0175,261.728875,225.3025,269.0,162.8725,55.576375
235.78125,34.440375,299.17125,258.859875,224.72625,269.0,161.35125,55.465875
231.365,33.610875,299.3,254.436375,225.815,269.0,157.88,56.220375
231.90125,32.34625,297.60125,242.11675,222.58625,265.60675,156.90125,55.83625
227.74375,31.555,300.25375,242.107,225.08875,267.997,152.56375,57.445
219.3725,32.20275,310.7975,251.02575,237.7775,269.0,146.3525,62.70975
224.5225,26.934,319.2175,252.6225,237.1075,269.0,142.4125,61.386
225.095,24.770125,311.345,246.419125,233.285,269.0,147.035,55.143625
226.31625,22.702375,317.24625,255.691375,236.83125,269.0,145.91625,54.083875
234.52875,25.255375,305.56875,246.488875,227.40375,269.0,156.34875,50.360875
237.8975,24.530875,306.8375,249.280375,227.0525,269.0,158.1125,49.000375
237.00625,23.520875,307.23625,248.150375,228.38125,269.0,158.16625,48.170375
237.105,22.84075,304.635,249.11275,227.655,269.0,160.125,45.81175
244.62125,20.358125,301.05125,250.954625,224.56625,269.0,168.15125,39.070625
267.4275,20.23175,269.1825,269.0,207.5625,269.0,205.8075,20.66075
246.19625,16.516125,295.03625,256.895625,225.69125,269.0,176.86625,30.602625
265.68125,15.117125,269.44625,269.0,212.68625,269.0,208.93625,15.946625
259.0175,16.57625,275.8625,267.34475,221.3525,269.0,204.5075,20.23625
256.63125,9.66125,283.19625,266.39375,223.13625,269.0,196.58625,15.87125
260.81875,12.238375,267.62875,269.0,218.87875,269.0,212.08375,13.517875
276.38875,8.71675,256.03375,269.0,208.30375,269.0,228.64375,5.09575
261.7875,7.20575,288.0825,269.0,226.0425,269.0,199.7475,13.43675
264.295,5.209,268.42,269.0,220.645,269.0,216.52,5.941
262.6925,4.965375,286.6925,269.0,226.5575,269.0,202.5575,10.405875
263.6025,2.514125,285.7125,269.0,226.3275,269.0,204.2175,7.384625
266.32375,2.439,285.28375,269.0,227.78875,269.0,208.81375,6.486
265.9925,3.497375,285.5075,269.0,228.3575,269.0,208.8425,7.668875
267.09,1.19025,283.38,269.0,228.57,269.0,212.28,4.45725
270.3025,2.364625,262.1125,269.0,222.5875,269.0,230.7775,1.184125
267.90125,0.764875,284.31125,269.0,230.92625,269.0,214.53125,3.976375
267.565,1.7985,284.68,269.0,228.595,269.0,211.48,5.3265
272.1875,1.345,282.3275,269.0,226.4825,269.0,216.3425,3.415
280.71375,5.809,278.17875,269.0,220.38375,269.0,222.93375,5.266
275.365,2.873625,278.545,269.0,220.375,269.0,217.195,3.550125
277.69625,8.826125,274.12625,269.0,216.52625,269.0,220.08125,8.062625
268.97875,8.585875,275.03875,269.0,217.25875,269.0,211.21375,9.895375
267.075,13.184375,282.195,269.0,215.385,269.0,200.265,17.091875
271.28625,14.376375,274.73625,269.0,209.93625,269.0,206.47125,15.244875
272.39,18.208125,278.21,269.0,207.17,269.0,201.35,19.850625
282.61375,22.32725,253.67875,269.0,196.30375,269.0,225.25375,15.89525
269.95875,19.905875,277.53375,269.0,204.07875,269.0,196.51875,22.100375
266.54,23.493125,278.45,269.0,203.72,269.0,191.81,27.115625
275.04,25.128875,274.395,269.0,200.46,269.0,201.105,24.932375
278.9925,27.9135,272.8425,269.0,199.2975,269.0,205.4475,26.0565
293.40125,33.91275,250.62125,269.0,188.22125,269.0,230.98625,23.21475
282.62125,31.46525,278.75125,269.0,195.00625,269.0,198.89125,30.11225
291.475,34.495125,268.03,269.0,194.665,266.641125,218.11,27.308625
305.82875,38.9535,260.91875,269.0,189.14375,264.261,234.03875,25.4565
306.8975,39.5495,257.0075,269.0,188.3525,265.487,238.2425,25.2905
304.605,40.38225,264.12,269.0,188.895,264.83925,229.38,27.54525
315.29,42.28825,256.685,269.0,183.17,267.92725,241.775,24.57925
322.0,45.123125,258.775,269.0,183.4,262.630625,246.625,25.060625
320.86875,44.17775,255.04875,269.0,183.88875,265.43525,249.72375,24.71975
322.55125,42.729,256.82125,269.0,183.41125,266.8065,249.12625,22.941
331.9875,44.8785,246.8325,269.0,178.4625,269.0,263.6175,21.6465
340.17125,46.735,244.89125,269.0,175.65125,269.0,270.91625,20.905
339.0525,42.997875,252.0825,269.0,182.7975,269.0,269.7675,19.293375
345.8175,43.05725,250.1175,269.0,184.3125,269.0,280.0125,18.31025
349.3075,42.084125,257.3875,269.0,189.0025,269.0,280.9225,17.239625
355.0375,43.107,252.6475,269.0,186.3325,269.0,288.7225,16.893
357.45875,37.83425,262.68875,269.0,190.71875,269.0,285.50375,12.17825
362.52375,39.20775,259.50375,269.0,190.54875,269.0,293.55375,12.66975
362.05375,35.625875,266.29375,269.0,196.55875,269.0,292.30375,10.835375
356.22625,26.9495,279.59125,269.0,202.58125,269.0,279.23125,5.7305
366.3675,30.252625,260.0175,269.0,199.2825,269.0,305.6325,6.641125
366.09125,23.94625,266.61125,269.0,204.45125,269.0,303.91625,2.28625
369.78125,22.321125,264.88625,269.0,201.34625,269.0,306.25625,0.0
371.10625,17.821875,269.39125,269.0,206.91625,269.0,308.61625,0.0
373.19875,14.825375,271.09375,269.0,208.97875,269.0,311.09875,0.0
373.09125,10.005625,276.17625,269.0,211.03125,269.0,307.93125,0.0
372.75625,6.02275,283.17625,269.0,213.36625,269.0,302.93125,0.0
372.63,1.6975,288.18,269.0,218.19,269.0,302.64,0.0
371.12125,0.0,293.63125,269.0,223.80625,269.0,301.31125,0.0
368.095,0.0,298.045,269.0,230.185,269.0,300.235,0.0
367.83875,0.0,302.67875,269.0,231.15875,269.0,296.33375,0.0
366.3075,0.0,305.7225,269.0,230.6025,269.0,291.1875,0.0
365.19875,0.0,304.10375,269.0,231.21875,269.0,292.32875,0.0
370.62875,0.0,295.68875,269.0,220.98875,269.0,295.94375,0.0
345.9425,0.0,313.1075,269.0,233.9675,269.0,266.8025,0.0
338.67,0.0,310.785,269.0,237.87,269.0,265.755,0.0
333.87,0.0,305.265,269.0,234.63,269.0,263.235,0.0
331.4075,0.0,293.1275,269.0,229.1825,269.0,267.4625,0.0
327.91,0.0,284.08,269.0,217.27,269.0,261.1,0.0
318.1075,0.0,282.0175,269.0,218.8825,269.0,254.9725,0.0
312.99375,0.0,276.09375,269.0,208.44375,269.0,245.35875,0.0
306.565,0.0,269.71,269.0,204.835,269.0,241.69,0.0
304.29,0.0,263.805,269.0,195.81,269.0,236.295,0.0
299.9175,0.0,256.2975,269.0,187.4325,269.0,231.0525,0.0
298.0,0.0,251.155,269.0,181.6,269.0,228.445,0.0
284.8725,0.0,251.1375,269.0,183.9975,269.0,217.7325,0.0
279.02,0.0,245.285,269.0,182.0,269.0,215.735,0.0
294.38,2.54175,236.225,269.0,156.08,269.0,214.235,0.0
274.44625,0.521625,235.01125,269.0,162.98125,269.0,202.43125,0.0
278.82125,6.395375,226.74125,269.0,153.06125,269.0,205.12625,0.0
260.21375,1.35175,225.30875,269.0,162.20375,269.0,197.12375,0.0
257.89875,0.77675,221.41875,269.0,157.21875,269.0,193.71375,0.0
255.8425,0.0,216.9625,269.0,152.2075,269.0,191.0875,0.0
254.635,2.246875,214.24,269.0,144.145,269.0,184.54,0.0
255.7225,9.242,210.8575,265.442,138.5275,252.767,183.3925,0.0
253.00625,5.318875,210.46625,269.0,132.36125,269.0,174.91625,0.0
251.43125,6.691,206.98625,269.0,133.35125,269.0,177.78125,0.0
245.73125,6.40425,208.47125,269.0,140.13125,269.0,177.37625,0.0
246.455,8.119875,207.275,269.0,136.505,269.0,175.685,0.0
242.0875,7.228875,205.6075,269.0,146.8825,269.0,183.3625,0.0
240.6925,9.039125,205.0225,269.0,146.2975,269.0,181.9675,1.624625
240.7775,10.14025,205.0925,269.0,143.5325,269.0,179.2175,2.30725
240.04375,12.720875,204.32875,269.0,144.86875,269.0,180.56875,5.075375
238.9825,14.674875,205.4125,269.0,146.9275,269.0,180.4975,7.536375
237.1625,14.9235,207.2675,269.0,148.1675,269.0,178.0625,8.5215
238.61,16.90875,209.105,269.0,144.71,269.0,174.215,9.94875
237.55125,16.902625,210.67125,269.0,148.09125,269.0,174.95625,10.736125
234.50875,16.944875,212.38375,269.0,155.20375,269.0,177.31375,12.281375
238.8975,21.216875,204.7275,269.0,146.5725,269.0,180.7425,13.784375
235.04375,19.385625,216.18875,269.0,154.32875,269.0,173.16875,15.043125
232.5775,16.602,216.5425,269.0,160.9525,269.0,176.9875,13.323
233.41,19.980625,215.11,269.0,159.25,269.0,177.55,16.163125
233.9775,18.926,215.8575,269.0,160.7325,269.0,178.8525,15.224
234.6,18.480375,217.17,269.0,157.2,269.0,174.63,14.605875
239.84,21.899375,215.87,269.0,144.68,269.0,168.65,15.486875
235.03,18.366375,216.235,269.0,159.31,269.0,178.105,14.419875
238.42625,22.080375,210.06125,269.0,151.80125,269.0,180.18125,15.865875
236.6975,22.68475,214.7825,269.0,148.0325,269.0,169.9475,17.16775
241.91,25.9825,209.495,269.0,138.05,269.0,170.465,17.1325
240.21,24.9495,207.495,269.0,147.03,269.0,179.745,17.4255
244.56,32.323,208.8,252.7495,135.9,240.9145,171.66,20.497
238.1825,25.287875,210.9725,269.0,139.7675,269.0,166.9775,17.918375
236.7975,27.554625,209.1375,269.0,144.4125,269.0,172.0725,20.674125
235.13875,27.879125,209.26375,269.0,146.53375,269.0,172.39375,21.649625
232.685,27.5225,216.14,269.0,148.895,269.0,165.44,23.2475
235.9575,37.406125,207.2025,269.0,142.6725,269.0,171.4275,29.772625
232.68625,37.533875,209.82625,269.0,145.52125,269.0,168.39625,31.487375
229.09625,42.478375,210.94625,269.0,148.77125,269.0,166.93625,37.712875
226.74875,43.218875,216.92375,269.0,152.54375,269.0,162.35375,40.607375
223.18,48.40075,220.27,269.0,153.4,269.0,156.31,47.56675
224.8575,50.815875,222.0975,269.0,156.5325,269.0,159.2925,50.025375
223.53875,54.301625,224.37875,269.0,157.89875,269.0,157.07375,54.552125
224.16625,59.337,226.67125,269.0,156.45625,269.0,153.93625,60.153
228.92625,60.581625,228.86625,269.0,155.81625,269.0,155.86125,60.562125
230.25,77.9625,223.26,235.0575,155.07,232.0275,162.06,74.9325
229.08375,76.33625,227.61375,239.86625,153.45375,239.20625,154.93875,75.66125
224.735,77.5525,231.695,239.3275,152.945,242.7175,145.985,80.9425
226.89,74.715,232.965,235.44,151.11,238.545,145.035,77.82
226.1,79.395,232.625,238.98,146.36,242.505,139.835,82.92
223.11125,73.195,235.08125,238.525,146.35625,244.945,134.40125,79.615
223.30125,70.1825,235.39125,243.6425,141.68625,250.1675,129.61125,76.7075
226.49,69.1055,229.67,251.1545,141.23,252.6995,138.05,70.6445
227.7,70.4875,230.94,255.8425,141.54,257.4025,138.3,72.0475
227.4675,59.00875,234.5775,269.0,138.8625,269.0,131.7525,62.15875
230.69,56.206375,231.26,269.0,144.11,269.0,143.54,56.429875
234.72625,56.39725,229.47625,269.0,149.67625,269.0,154.91125,54.49525
232.0675,59.979125,228.4675,269.0,152.5825,269.0,156.1825,58.744625
235.6225,57.9955,229.9975,269.0,157.8475,269.0,163.4725,56.1895
241.8975,50.674125,217.2975,269.0,161.6325,269.0,186.2325,44.894625
246.59875,51.736,214.94875,269.0,162.05875,269.0,193.72375,44.569
251.4425,46.53825,223.6625,269.0,167.9075,269.0,195.6875,40.06425
248.955,53.322125,237.735,269.0,178.725,269.0,189.945,50.386625
249.1725,53.969,250.7025,269.0,184.3575,269.0,182.8275,54.431
257.34625,58.85375,255.23125,268.10525,183.87625,267.38525,185.97625,58.13375
265.40625,53.81525,260.09625,269.0,179.32125,268.54925,184.64625,51.83225
263.73,64.94225,266.925,263.97125,180.51,265.35125,177.315,66.32525
265.2225,63.206,266.3025,262.439,182.7075,262.904,181.6275,63.659
266.79875,67.143375,265.50875,253.564875,183.93875,252.994875,185.24375,66.577875
261.03,64.5705,277.365,254.7195,186.45,262.5345,170.115,72.3795
270.74875,62.643125,277.28875,257.604125,188.14375,260.604125,181.58875,65.635625
271.17,64.967875,271.65,263.999875,191.67,264.194875,191.19,65.158375
269.75125,63.739875,267.62125,262.825875,197.39125,262.075875,199.50625,62.991375
268.6025,64.44275,259.4825,268.04225,196.7675,265.22225,205.8875,61.63475
286.01,70.241125,254.03,268.886125,187.37,258.161125,219.35,59.502625
288.6275,70.842125,262.8275,266.757125,194.7425,257.787125,220.5425,61.876625
282.7725,60.130125,272.6175,265.012125,210.2775,261.922125,220.4325,57.038625
284.45375,59.641,287.09375,263.1595,217.59875,264.0595,214.94375,60.544
270.225,53.140625,303.285,259.389125,234.195,269.0,201.135,64.218125
259.41125,49.9415,314.95625,255.0425,251.79125,269.0,196.23125,67.0535
256.7825,44.787125,321.6725,255.022625,260.1275,269.0,195.2375,63.781625
250.34125,43.07275,328.20625,254.11975,269.40625,269.0,191.55625,64.75975
255.29125,36.92525,327.41125,256.68425,271.23625,269.0,199.13125,55.35725
254.71375,37.103625,326.62375,253.975125,272.14375,269.0,200.24875,55.165125
252.2025,29.9205,323.3475,255.696,273.0075,269.0,201.8625,45.7845
257.19,30.81475,317.685,254.33275,266.25,268.25275,205.755,44.73775
261.8,30.447,311.45,253.8915,258.56,265.6515,208.91,42.198
266.215,33.43625,302.905,254.02175,250.885,262.67675,214.195,42.09125
269.17375,33.46125,293.81875,253.50075,241.19875,259.39575,216.53875,39.35625
268.02875,34.7745,287.55875,252.5175,234.50375,257.2725,214.95875,39.5355
268.30625,39.167125,280.21625,252.287125,223.98125,255.422125,212.08625,42.306625
268.925,44.4625,274.655,250.5685,213.635,252.2635,207.905,46.1575
265.09625,51.08075,267.09125,249.69425,208.54625,250.27925,206.53625,51.67175
262.24375,56.516,260.66875,248.6015,204.25375,248.1365,205.84375,56.054
260.3475,60.53675,255.3675,248.70125,200.7225,247.26125,205.7025,59.09075
263.16125,67.481625,253.36625,247.933125,190.60625,244.528125,200.41625,64.072125
259.8775,73.687,251.1175,246.307,192.4525,243.322,201.2125,70.708
257.275,77.16125,253.72,242.76125,186.205,241.32125,189.76,75.70625
254.44125,77.5375,254.15625,241.9375,193.30125,241.8325,193.57125,77.4325
250.335,78.6275,260.76,237.3275,191.205,241.9025,180.78,83.2025
247.23125,83.175,260.40125,236.145,194.89625,241.785,181.74125,88.815
235.13125,72.1825,267.29125,236.3275,205.71625,248.3875,173.57125,84.2425
230.745,78.4925,266.37,232.3925,206.055,246.3575,170.43,92.4575
220.74625,69.975875,269.79625,232.700375,212.07625,250.100375,163.01125,87.380375
208.135,69.953375,274.09,227.847875,221.125,249.972875,155.17,92.082875
214.19875,71.432375,263.63875,225.363875,211.51375,242.118875,162.05875,88.173875
219.8925,73.4125,255.6375,230.6275,207.4575,241.5775,171.7125,84.3625
214.88,77.39,257.48,228.125,211.88,241.01,169.28,90.275
203.325,73.145,264.27,224.615,222.195,241.535,161.25,90.065
195.03,72.3575,277.71,214.3625,229.53,242.4125,146.85,100.4075
212.515,73.54375,263.77,227.72875,218.125,242.89375,166.87,88.72375
207.93125,72.05,264.67625,229.835,222.25625,245.09,165.52625,87.305
212.94625,73.10375,262.46125,231.95375,217.58125,245.93375,168.08125,87.09875
210.13625,78.1125,259.41125,235.0425,218.26625,247.9575,168.97625,91.0275
220.41125,79.66375,259.08125,233.86375,208.47125,246.55375,169.78625,92.36875
216.59,73.97625,259.445,237.41625,210.41,250.27125,167.555,86.84625
218.94125,71.18875,259.30625,239.57875,207.28625,252.02875,166.93625,83.65375
219.81125,72.74125,258.60125,238.79125,206.67125,250.94125,167.86625,84.87625
217.6375,71.5825,258.8425,239.8375,210.4525,251.6875,169.2475,83.4325
213.02,71.315,265.46,237.53,216.92,252.845,164.48,86.63
208.52625,78.3275,272.02125,230.8625,226.72125,249.7025,163.24125,97.1675
214.37,74.825,271.895,238.295,226.37,254.315,168.845,90.845
214.24375,78.03625,267.07375,241.10125,227.47375,253.92625,174.65875,90.84625
216.9375,76.2175,272.6325,242.5075,228.7725,257.1925,173.0775,90.9025
219.855,78.535,278.58,240.88,229.185,258.745,170.46,96.4
217.1425,77.2675,285.5275,240.2425,235.9075,261.0625,167.5225,98.0875
213.95375,78.2925,290.87375,239.9475,240.75875,263.7975,163.82375,102.1425
212.65125,75.73875,295.09125,239.67375,245.57625,264.55875,163.15125,100.63875
213.68875,78.1325,297.83875,239.8475,249.58375,264.9575,165.41875,103.2425
207.9625,72.4725,302.1625,239.3925,248.9275,269.0,154.7275,102.5175
211.65625,75.7375,281.31625,228.5575,237.83125,248.3725,168.18625,95.5525
205.3175,71.015,293.2475,238.385,250.8725,260.645,162.9425,93.275
205.9525,68.105,293.3875,238.52,249.9775,260.795,162.5425,90.38
204.25125,63.88325,288.35625,234.42425,244.21125,256.20425,160.09125,85.65425
207.95125,64.240375,280.86625,236.000875,238.97125,253.790875,166.04125,82.040875
205.17125,52.06825,269.68625,244.99225,232.51625,257.42725,168.01625,64.49425
207.37625,52.11725,265.75625,245.51375,226.84625,257.27375,168.45125,63.86525
209.7725,49.891125,264.0875,245.588625,224.5775,256.553625,170.2625,60.857625
212.785,35.56875,258.535,245.02125,216.295,254.24625,170.545,44.79375
215.765,15.882,252.26,249.7605,210.395,256.3005,173.9,22.413
214.355,9.311,249.8,249.9725,208.325,256.0775,172.88,15.419
221.5625,6.236,245.5325,256.2365,202.9475,260.3165,178.9775,10.319
224.1525,12.377375,238.1925,253.331375,200.3175,255.536375,186.2775,14.583875
226.065,21.7035,238.41,249.456,198.255,251.631,185.91,23.8815
232.96875,24.590125,236.22375,250.229125,195.70875,250.814125,192.46875,25.173625
233.61375,26.7885,247.87875,246.591,199.50375,249.726,185.25375,29.9265
242.0325,31.48925,246.0375,243.92525,197.8575,244.82525,193.8525,32.39825
246.0,33.044,249.315,243.725,196.08,244.55,192.765,33.881
253.275,38.573375,254.325,244.020875,195.285,244.320875,194.235,38.877875
258.6625,42.078375,258.9925,236.962875,194.3875,237.067875,194.0575,42.187875
272.71,44.4215,264.475,236.3675,192.43,233.2625,200.665,41.3285
294.24625,53.137125,268.28125,236.761125,186.51625,225.196125,212.46625,41.576625
291.0375,54.108375,275.8275,220.174875,196.1325,212.869875,211.3425,46.807875
301.15625,56.99875,280.74125,206.42425,203.44625,195.86425,223.84625,46.43875
314.44625,62.616875,287.70125,213.782375,201.60125,198.557375,228.36125,47.384375
319.64,60.75925,294.59,207.78925,211.7,193.65925,236.75,46.63825
301.46125,56.798125,296.03125,181.418125,227.30125,178.433125,232.71625,53.805625
307.96125,55.946,297.68625,184.538,228.86625,179.048,239.15625,50.444
269.10125,35.112625,333.76625,229.596625,292.30625,243.381625,227.65625,48.896125
272.75375,30.179875,338.87375,232.643875,290.90375,248.303875,224.79875,45.841375
273.26625,29.310375,344.56125,229.809375,292.31625,248.394375,221.00625,47.890875
298.70875,37.47225,325.52875,189.17025,242.98375,203.76525,216.14875,52.07025
295.2225,32.99475,336.6525,197.64675,251.4075,219.09675,209.9775,54.44775
279.545,30.739625,334.625,183.181625,262.295,209.311625,207.215,56.874125
285.0025,45.577,349.8925,198.952,274.7275,230.752,209.8375,77.383
271.08625,26.47675,359.73625,218.03425,293.96125,248.46925,205.32625,56.90575
271.46,20.636375,360.71,223.158875,300.2,249.828875,210.95,47.304875
278.56125,19.591375,358.99125,223.469875,301.94625,245.969875,221.53125,42.089875
265.5375,24.957625,361.8075,214.572625,312.8925,239.412625,216.6225,49.796125
275.86875,23.309375,360.46875,218.001875,315.76875,237.426875,231.18375,42.726875
275.31875,25.734,357.03875,221.883,320.33375,237.168,238.59875,41.031
276.93625,20.05875,358.37125,227.03325,322.20625,241.26825,240.75625,34.29375
274.33125,19.02825,360.28125,231.21375,326.33625,244.95375,240.40125,32.77425
275.0275,16.872,363.1075,233.0655,328.2625,247.2705,240.1825,31.068
277.3175,8.787375,365.9375,235.992375,327.2525,251.082375,238.6325,23.878875
288.03125,10.58225,360.43625,228.42275,316.53125,243.03275,244.11125,25.18025
283.3975,0.0,364.5775,237.3605,318.2725,252.9305,237.0925,11.3945
276.80125,0.0,365.40625,241.222,319.52125,256.942,230.90125,0.0
278.895,0.0,362.295,245.801625,315.525,260.066625,232.125,0.0
296.96625,0.0,355.66125,245.9445,300.28125,258.2145,241.60125,0.0
299.9125,0.0,351.8425,246.655,294.6175,258.07,242.6875,0.0
303.065,0.0,347.945,247.1,288.755,257.42,243.875,0.0
301.27,0.0,345.565,254.889875,283.51,264.654875,239.215,0.0
305.13875,0.0,342.59375,257.58675,277.17875,266.61675,239.73875,0.0
303.86,0.0,340.73,260.3975,274.34,269.0,237.47,0.0
304.70875,0.0,342.98875,260.847875,271.00375,269.0,232.70875,0.0
306.77,0.0,342.89,262.42475,266.87,269.0,230.75,0.0
309.3,0.0,337.245,259.062375,259.2,267.282375,231.255,1.887375
318.16625,0.0,348.13625,262.759,250.69625,269.0,220.71125,5.908
325.45625,0.0,351.36125,260.224875,239.49125,269.0,213.60125,4.654875
325.4775,1.0175,345.5175,234.8135,229.8525,244.7285,209.8125,10.9325
314.25125,2.353,343.29125,219.136,221.23625,235.486,192.21125,18.697
318.69875,0.0,339.26375,225.538875,211.65875,237.088875,191.10875,10.086375
298.9175,0.0,352.0775,225.699125,205.3325,259.044125,152.1725,25.123625
239.86,0.0,395.41,269.0,298.66,269.0,143.11,10.867375
315.055,0.0,331.705,239.787375,191.605,248.997375,174.955,0.0
291.56625,0.0,318.10125,239.973125,190.01625,253.038125,163.46625,0.0
287.535,0.0,294.015,269.0,178.005,269.0,171.525,0.0
264.675,0.0,301.8,269.0,185.745,269.0,148.62,0.0
233.05375,0.0,303.67375,269.0,190.30375,269.0,119.69875,0.0
219.635,0.0,302.18,269.0,185.345,269.0,102.8,0.0
208.9025,0.0,299.5775,269.0,179.4275,269.0,88.7525,0.0
206.0,0.0,277.4,269.0,154.64,269.0,83.24,0.0
209.00875,0.0,255.82375,269.0,128.92375,269.0,82.09375,0.0
209.1975,0.0,230.4225,269.0,107.1525,269.0,85.9275,0.0
213.205,0.0,202.81,269.0,82.555,269.0,92.95,0.0
210.9015,0.0,185.5965,269.0,66.1785,269.0,91.4715,0.0
212.134875,0.0,167.734875,269.0,48.726375,269.0,93.124875,0.0
218.64975,0.0,156.24975,269.0,36.25275,269.0,98.64975,0.0
208.915625,0.0,154.660625,269.0,33.982625,269.0,88.236125,0.0
214.933,0.0,150.073,269.0,21.4705,269.0,86.3395,0.0
211.5965,0.0,147.9215,269.0,16.2545,269.0,79.9355,0.0
206.424875,0.0,150.714875,269.0,16.974875,269.0,72.686375,0.0
201.742125,0.0,148.147125,269.0,12.182625,269.0,65.791125,0.0
204.190875,0.0,148.000875,269.0,13.918875,269.0,70.122375,0.0
201.53375,3.033875,143.43875,269.0,13.94825,269.0,72.04925,0.0
214.941125,0.0,124.011125,269.0,0.0,269.0,83.805125,0.0
228.0375,22.998625,120.9225,269.0,0.0,269.0,101.0475,0.0
233.793875,35.35525,107.103875,269.0,0.0,269.0,114.033875,0.0
227.59075,27.467875,87.78775,269.0,0.0,269.0,117.43075,0.0
222.96075,18.861625,67.82625,269.0,0.0,269.0,127.29075,0.0
212.698125,44.286125,95.308125,269.0,7.925625,269.0,125.323125,10.507625
212.425,40.452125,89.788,269.0,1.912,269.0,124.555,7.231625
217.473875,58.355125,67.691375,269.0,3.729875,269.0,153.513875,22.128625
217.484125,58.027875,64.926625,269.0,5.897125,269.0,158.459125,23.943375
211.780875,63.42875,77.317875,269.0,20.613375,269.0,155.080875,33.00875
212.684375,64.78475,79.698875,269.0,20.777375,269.0,153.764375,33.34775
215.316375,66.6475,86.262375,269.0,24.298875,269.0,153.351375,33.4825
215.1405,67.52275,85.8705,269.0,22.2945,269.0,151.5705,33.21475
211.30525,72.53475,107.49025,269.0,44.83225,248.66475,148.65025,41.18775
212.950125,67.735,104.455125,269.0,47.288625,250.885,155.785125,38.53
217.459875,62.81425,102.469875,269.0,54.021375,246.84175,169.009875,36.34825
219.578625,61.023625,96.893625,269.0,46.240125,254.399125,168.938625,32.960125
220.320375,57.929375,98.085375,268.952375,60.055875,246.917375,182.295375,35.901875
218.96125,56.5565,98.88625,269.0,58.88125,247.217,178.94125,34.0235
218.019,48.7605,115.254,269.0,68.676,250.4085,171.459,27.3045
216.14325,48.0825,116.84325,269.0,71.99925,251.5155,171.30825,28.1475
207.67375,55.439,152.11375,244.739,86.33875,225.419,141.88375,36.131
204.02,58.53375,154.49,244.29225,87.14,226.33725,136.67,40.57875
208.24375,59.329125,170.39875,234.740625,90.43375,217.490625,128.29375,42.074625
209.8775,58.649,171.2825,232.898,90.6725,215.033,129.2675,40.796
223.747375,65.7715,81.067375,243.085,53.003875,220.51,195.682375,43.1935
206.25375,60.107625,176.46375,207.251625,101.83875,192.146625,131.61375,45.001125
211.29375,64.0305,176.46375,212.1285,99.49875,194.0385,134.31375,45.9345
214.63125,59.0855,177.88125,209.8835,99.07125,190.6835,135.80625,39.8795
219.60625,61.590375,164.03125,229.620375,91.35625,205.590375,146.91625,37.555875
221.09375,57.969125,160.14875,227.481125,95.25875,204.141125,156.18875,34.639625
224.7175,59.1475,133.1425,251.4625,82.1125,227.1625,173.6875,34.8475
222.24625,62.648,129.45625,252.716,80.19625,228.671,172.97125,38.597
225.035,66.527375,121.415,244.448375,79.745,220.178375,183.365,42.258875
231.03625,68.810625,120.93625,242.689125,76.32625,214.429125,186.41125,40.558125
222.90625,70.961625,130.62625,240.728625,89.31625,218.258625,181.58125,48.502125
226.2075,67.378625,130.6425,242.508125,89.3025,219.948125,184.8675,44.820125
222.59125,64.901125,139.74625,243.474625,97.43125,223.839625,180.26125,45.267625
223.475,66.823375,141.74,242.786875,94.865,221.006875,176.6,45.047875
227.5725,62.9795,142.2675,241.151,101.0775,221.441,186.3825,43.2605
226.26875,64.408875,143.52875,242.157375,101.58875,222.642375,184.34375,44.892375
232.35875,57.912875,145.40375,240.623375,106.31375,222.008375,193.25375,39.308375
230.6225,58.99075,146.7725,237.16075,108.5675,219.19075,192.4175,41.01175
229.9275,54.88675,162.7875,241.15525,116.6625,224.53525,183.8025,38.26075
231.2975,54.06875,162.4325,240.34325,117.8525,223.85825,186.7175,37.58375
228.21,51.9445,188.955,241.627,130.29,229.492,169.545,39.8005
227.30625,52.123875,192.95625,240.750375,130.60125,229.395375,164.96625,40.767375
222.30125,58.056875,219.25625,218.279375,144.48125,216.869375,147.51125,56.639375
223.3825,59.151875,223.0975,217.566875,143.2075,217.416875,143.4925,59.009375
229.68125,63.99575,229.74125,219.20075,143.70125,219.24575,143.62625,64.03175
228.8375,69.48575,236.5625,216.61025,143.8325,221.47025,136.1075,74.35175
240.0125,62.549,237.6575,223.0535,142.3775,221.6585,144.7325,61.151
236.2325,61.5255,234.0725,223.4475,143.3975,222.2475,145.5575,60.3195
262.5975,76.439875,226.5525,227.660875,140.2725,207.095875,176.3175,55.876375
254.555,67.651875,225.5,214.542375,145.685,198.762375,174.74,51.864375
259.87375,74.154,230.66875,201.219,153.40375,183.444,182.62375,56.391
261.275,70.268375,225.725,203.613875,151.925,183.933875,187.475,50.592875
265.3025,69.269375,215.0525,206.318375,154.2275,184.013375,204.4775,46.971875
233.19375,47.82775,247.87875,236.50075,194.35875,240.67075,179.65875,51.99475
257.81875,64.393875,226.22875,191.931375,169.67875,177.921375,201.28375,50.382375
270.765,73.898625,225.78,194.368125,163.935,171.268125,208.92,50.800125
249.63375,59.735625,224.56875,190.604625,168.97875,179.969625,194.02875,49.093125
258.60875,65.933875,218.54375,200.428375,167.94875,185.353375,208.02875,50.857375
215.675,35.970625,248.75,239.873125,210.245,246.113125,177.17,42.218125
218.08,36.403,243.655,239.7235,206.74,244.3585,181.165,41.047
214.65,12.8465,243.555,246.353,205.05,251.123,176.145,17.6135
