0.0450781,0.000692708,-0.614245,-0.000300926,0.323334,-0.480186,0.0,0.0,1.0
0.0460208,-0.0005625,-0.613979,0.000253704,0.330481,-0.476963,0.0,0.0,1.0
0.0474167,-1.04167e-05,-0.608531,1.85185e-06,0.325859,-0.477637,0.0,0.0,1.0
0.0450312,-0.00323958,-0.605271,0.00138889,0.331761,-0.484224,0.0,0.0,1.0
0.0444219,-0.00327604,-0.601432,0.00141852,0.325933,-0.482063,0.0,0.0,1.0
0.046026,-0.00413021,-0.600464,0.00186296,0.323672,-0.477431,0.0,0.0,1.0
0.04225,-0.000322917,-0.60151,0.000130556,0.328451,-0.486025,0.0,0.0,1.0
0.0430729,-0.000666667,-0.600885,0.000265741,0.332727,-0.476319,0.0,0.0,1.0
0.0401771,0.000302083,-0.604542,-0.000123148,0.331731,-0.486008,0.0,0.0,1.0
0.0413021,0.0004375,-0.604552,-0.000167593,0.337934,-0.485805,0.0,0.0,1.0
0.0389115,0.00410938,-0.611089,-0.00150648,0.334069,-0.486421,0.0,0.0,1.0
0.0383958,0.00170833,-0.61175,-0.000628704,0.330712,-0.48449,0.0,0.0,1.0
0.039276,0.00345313,-0.621984,-0.00128426,0.332194,-0.491064,0.0,0.0,1.0
0.0367187,0.00160417,-0.619781,-0.000557407,0.333356,-0.486726,0.0,0.0,1.0
0.0393854,0.00352083,-0.630469,-0.00133704,0.327063,-0.496248,0.0,0.0,1.0
0.0373281,0.00774479,-0.631807,-0.00275556,0.332078,-0.494911,0.0,0.0,1.0
0.0352917,0.00176042,-0.639156,-0.000592593,0.331883,-0.497143,0.0,0.0,1.0
0.0367917,0.00425,-0.640562,-0.00150278,0.327658,-0.495418,0.0,0.0,1.0
0.037349,0.0101302,-0.644068,-0.00371667,0.322143,-0.492865,0.0,0.0,1.0
0.0360312,0.00257292,-0.643979,-0.000907407,0.32278,-0.496428,0.0,0.0,1.0
0.0376667,-0.00335417,-0.64575,0.00124074,0.321078,-0.498059,0.0,0.0,1.0
0.0381146,-0.00846875,-0.64925,0.00322222,0.316381,-0.494419,0.0,0.0,1.0
0.0362917,-0.00357292,-0.648344,0.00129815,0.315357,-0.496839,0.0,0.0,1.0
0.0349167,0.00344792,-0.649031,-0.00121759,0.313608,-0.492016,0.0,0.0,1.0
0.035526,-0.00502604,-0.65088,0.0018287,0.309255,-0.494495,0.0,0.0,1.0
0.0362344,-0.000463542,-0.650568,0.00017037,0.304419,-0.492104,0.0,0.0,1.0
0.0366198,-0.00598437,-0.651005,0.00225741,0.307185,-0.490074,0.0,0.0,1.0
0.0368333,-0.00819792,-0.649885,0.00307593,0.310283,-0.491469,0.0,0.0,1.0
0.0427083,-0.00642708,-0.642698,0.00283796,0.305419,-0.488253,0.0,0.0,1.0
0.0442813,-0.00386458,-0.640312,0.00175648,0.308671,-0.491801,0.0,0.0,1.0
0.0380156,-0.019151,-0.650974,0.00758704,0.303526,-0.489341,0.0,0.0,1.0
0.0376875,-0.0207396,-0.652844,0.00826204,0.298801,-0.485505,0.0,0.0,1.0
0.0380104,-0.0260521,-0.654521,0.0105806,0.295592,-0.484277,0.0,0.0,1.0
0.0388802,-0.0225885,-0.654432,0.00931389,0.298014,-0.486884,0.0,0.0,1.0
0.037526,-0.0233802,-0.653005,0.00956019,0.28991,-0.480392,0.0,0.0,1.0
0.0384115,-0.0237031,-0.654026,0.00977593,0.294331,-0.482072,0.0,0.0,1.0
0.0355312,-0.0235417,-0.65151,0.00907315,0.29144,-0.480403,0.0,0.0,1.0
0.0338125,-0.0254375,-0.65075,0.00937222,0.29002,-0.480724,0.0,0.0,1.0
0.0345781,-0.0270469,-0.651818,0.01005,0.294326,-0.481641,0.0,0.0,1.0
0.0341927,-0.0267448,-0.651703,0.00990648,0.291788,-0.48151,0.0,0.0,1.0
0.029724,-0.0356823,-0.65288,0.0117935,0.28424,-0.479999,0.0,0.0,1.0
0.0317604,-0.0325729,-0.653687,0.0112241,0.291183,-0.480702,0.0,0.0,1.0
0.0282552,-0.0396406,-0.65288,0.0126648,0.279539,-0.474502,0.0,0.0,1.0
0.0303073,-0.0378906,-0.651516,0.0129028,0.281421,-0.478477,0.0,0.0,1.0
0.0279271,-0.0420417,-0.651094,0.0131676,0.281779,-0.475538,0.0,0.0,1.0
0.028224,-0.0416719,-0.649432,0.0132204,0.281259,-0.476593,0.0,0.0,1.0
0.025875,-0.0409583,-0.649542,0.0121611,0.275528,-0.470028,0.0,0.0,1.0
0.0261667,-0.0390104,-0.651094,0.0117213,0.275318,-0.470336,0.0,0.0,1.0
0.0259167,-0.0371979,-0.646635,0.0110963,0.274556,-0.468019,0.0,0.0,1.0
0.0280937,-0.0398021,-0.645437,0.0127815,0.276415,-0.466896,0.0,0.0,1.0
0.0263333,-0.0351875,-0.63875,0.0105537,0.277531,-0.463235,0.0,0.0,1.0
0.0267656,-0.0384115,-0.639911,0.0117241,0.277074,-0.465241,0.0,0.0,1.0
0.024276,-0.0331823,-0.63763,0.00912315,0.279208,-0.463116,0.0,0.0,1.0
0.0272813,-0.0333333,-0.637969,0.0102028,0.281714,-0.463325,0.0,0.0,1.0
0.0260365,-0.0192448,-0.63288,0.00562593,0.281798,-0.45565,0.0,0.0,1.0
0.0269427,-0.0195365,-0.632641,0.00578241,0.287381,-0.460529,0.0,0.0,1.0
0.0326042,-0.00876042,-0.628385,0.0030787,0.292545,-0.461471,0.0,0.0,1.0
0.0312552,-0.00176562,-0.629724,0.00059537,0.291532,-0.46131,0.0,0.0,1.0
0.0366198,-0.00313021,-0.61688,0.00120741,0.299928,-0.462243,0.0,0.0,1.0
0.0367396,-0.000979167,-0.61599,0.000376852,0.29551,-0.461769,0.0,0.0,1.0
0.0407917,0.00660417,-0.609896,-0.00284444,0.2999,-0.461678,0.0,0.0,1.0
0.0445521,0.00205208,-0.608187,-0.000962037,0.300095,-0.459281,0.0,0.0,1.0
0.0467812,0.00507292,-0.6025,-0.0024787,0.302997,-0.455849,0.0,0.0,1.0
0.0482187,0.00751042,-0.598625,-0.00376296,0.304009,-0.459102,0.0,0.0,1.0
0.0484792,0.00798958,-0.591385,-0.00398796,0.306255,-0.456644,0.0,0.0,1.0
0.0510729,0.0109688,-0.588812,-0.00583519,0.303431,-0.456006,0.0,0.0,1.0
0.0500625,0.01925,-0.583021,-0.0100352,0.30357,-0.449533,0.0,0.0,1.0
0.0544063,0.0140417,-0.577719,-0.00788426,0.30644,-0.454588,0.0,0.0,1.0
0.0514687,0.0249167,-0.57374,-0.0132194,0.306669,-0.454558,0.0,0.0,1.0
0.0516979,0.0250208,-0.571635,-0.0134037,0.305054,-0.452276,0.0,0.0,1.0
0.0496562,0.0242396,-0.559729,-0.0122056,0.311678,-0.451178,0.0,0.0,1.0
0.0505365,0.0235156,-0.559109,-0.0122593,0.306387,-0.445128,0.0,0.0,1.0
0.0496146,0.0233437,-0.547417,-0.0117787,0.310694,-0.442027,0.0,0.0,1.0
0.0493125,0.0235,-0.546458,-0.0117259,0.312259,-0.441981,0.0,0.0,1.0
0.0481771,0.025125,-0.53501,-0.0119454,0.320256,-0.445905,0.0,0.0,1.0
0.048625,0.025125,-0.535583,-0.0120324,0.320971,-0.443971,0.0,0.0,1.0
0.0499583,0.0268542,-0.525646,-0.0132806,0.319125,-0.440847,0.0,0.0,1.0
0.0494635,0.0251719,-0.523526,-0.0124028,0.31744,-0.441106,0.0,0.0,1.0
0.0447917,0.0259896,-0.509656,-0.0112972,0.325697,-0.450216,0.0,0.0,1.0
0.0454427,0.0247552,-0.509307,-0.0111833,0.317993,-0.441363,0.0,0.0,1.0
0.0445729,0.024625,-0.500156,-0.0106815,0.324867,-0.457033,0.0,0.0,1.0
0.0418021,0.0269063,-0.498937,-0.0107926,0.32948,-0.460313,0.0,0.0,1.0
0.041651,0.0215052,-0.490932,-0.00828889,0.341819,-0.473707,0.0,0.0,1.0
0.0426667,0.0195,-0.491958,-0.00781389,0.336655,-0.473173,0.0,0.0,1.0
0.0404792,0.0223854,-0.49074,-0.00848241,0.337708,-0.479301,0.0,0.0,1.0
0.0409479,0.0225313,-0.490604,-0.00866389,0.336692,-0.475469,0.0,0.0,1.0
0.0414479,0.0157396,-0.489729,-0.00604074,0.341111,-0.480889,0.0,0.0,1.0
0.0414427,0.0168177,-0.490349,-0.00642685,0.342747,-0.485469,0.0,0.0,1.0
0.0416458,0.0146042,-0.491458,-0.0057537,0.334339,-0.480765,0.0,0.0,1.0
0.0416719,0.0139323,-0.490703,-0.00550093,0.333577,-0.478632,0.0,0.0,1.0
0.0435417,0.0112396,-0.49526,-0.00464444,0.333307,-0.47877,0.0,0.0,1.0
0.0440156,0.00555729,-0.494182,-0.00233796,0.330142,-0.474734,0.0,0.0,1.0
0.0480417,0.00576042,-0.499177,-0.00274352,0.318142,-0.46629,0.0,0.0,1.0
0.0484115,0.00747396,-0.500589,-0.00361111,0.316913,-0.464339,0.0,0.0,1.0
0.0528854,-0.0031875,-0.501615,0.00177593,0.30007,-0.453256,0.0,0.0,1.0
0.0523333,-0.00453125,-0.498281,0.00247778,0.30315,-0.45652,0.0,0.0,1.0
0.0591458,-0.0209792,-0.502125,0.0137231,0.285738,-0.438312,0.0,0.0,1.0
0.0610729,-0.0212396,-0.503313,0.0143491,0.285756,-0.434516,0.0,0.0,1.0
0.0678177,-0.0424635,-0.505682,0.0366287,0.248482,-0.434186,0.0,0.0,1.0
0.065599,-0.0487656,-0.502891,0.0412648,0.244967,-0.434078,0.0,0.0,1.0
0.0648073,-0.054151,-0.499286,0.0551528,0.201097,-0.443542,0.0,0.0,1.0
0.061375,-0.061375,-0.492333,0.059087,0.201494,-0.440846,0.0,0.0,1.0
0.0615729,-0.0631562,-0.491688,0.0679778,0.180793,-0.431441,0.0,0.0,1.0
0.061776,-0.0626719,-0.49162,0.068263,0.179244,-0.42943,0.0,0.0,1.0
0.0769896,-0.0534583,-0.49324,0.0713157,0.18239,-0.423816,0.0,0.0,1.0
0.0482708,-0.0908438,-0.498031,0.0917815,0.151004,-0.4023,0.0,0.0,1.0
0.0460417,-0.0905833,-0.4975,0.0951296,0.138556,-0.395981,0.0,0.0,1.0
0.0443854,-0.0949479,-0.497979,0.102714,0.129658,-0.399825,0.0,0.0,1.0
0.0934375,0.0123958,-0.511,-0.02375,0.154194,-0.427861,0.0,0.0,1.0
0.0796875,0.000760417,-0.507281,-0.00103704,0.186128,-0.446091,0.0,0.0,1.0
0.0638854,-0.0202083,-0.500781,0.0209815,0.194481,-0.442204,0.0,0.0,1.0
0.065,-0.00710417,-0.505354,0.00717037,0.203287,-0.438787,0.0,0.0,1.0
0.0557604,0.000822917,-0.497896,-0.000689815,0.208853,-0.439353,0.0,0.0,1.0
0.0598542,0.00784375,-0.50351,-0.00746389,0.198894,-0.447912,0.0,0.0,1.0
0.061026,0.0162344,-0.508276,-0.0155231,0.20166,-0.454031,0.0,0.0,1.0
0.0484063,0.0171042,-0.503969,-0.013,0.201254,-0.461587,0.0,0.0,1.0
0.04525,0.0351146,-0.504719,-0.0212917,0.235934,-0.427823,0.0,0.0,1.0
0.0375833,0.0536667,-0.502104,-0.026075,0.244469,-0.421136,0.0,0.0,1.0
0.0345937,0.0743542,-0.499365,-0.0325074,0.250011,-0.426585,0.0,0.0,1.0
0.0456615,0.0773802,-0.503172,-0.0461287,0.242092,-0.440703,0.0,0.0,1.0
0.0616875,0.0295,-0.526729,-0.0282259,0.203726,-0.522578,0.0,0.0,1.0
0.0425208,0.065875,-0.532583,-0.0342407,0.258511,-0.472381,0.0,0.0,1.0
0.0349375,0.0624167,-0.552875,-0.0245796,0.280322,-0.509933,0.0,0.0,1.0
0.0398333,0.076375,-0.576292,-0.0449213,0.214068,-0.580808,0.0,0.0,1.0
0.037,0.0746667,-0.589479,-0.0381454,0.228886,-0.60096,0.0,0.0,1.0
0.0392917,0.0616771,-0.59551,-0.0290787,0.263308,-0.623456,0.0,0.0,1.0
0.0495729,0.0425729,-0.610521,-0.0239481,0.278448,-0.632244,0.0,0.0,1.0
0.0362865,0.0616094,-0.602099,-0.0269167,0.262602,-0.650343,0.0,0.0,1.0
0.0323594,0.0603906,-0.607245,-0.0233463,0.264646,-0.662591,0.0,0.0,1.0
0.0345729,0.0564896,-0.617229,-0.0226877,0.272038,-0.670056,0.0,0.0,1.0
0.0390625,0.0734062,-0.623448,-0.0343556,0.263791,-0.674106,0.0,0.0,1.0
0.0283854,0.0550417,-0.625281,-0.0175807,0.280703,-0.677314,0.0,0.0,1.0
0.0365938,0.0546354,-0.620271,-0.02176,0.290384,-0.676958,0.0,0.0,1.0
0.0400208,0.0587083,-0.611417,-0.0263721,0.281565,-0.666157,0.0,0.0,1.0
0.0279792,0.0494792,-0.612417,-0.0149015,0.293805,-0.663861,0.0,0.0,1.0
0.0367813,0.0512604,-0.599792,-0.0209435,0.284547,-0.661269,0.0,0.0,1.0
0.0396979,0.0409687,-0.596896,-0.0175333,0.29323,-0.640989,0.0,0.0,1.0
0.0278333,0.0488333,-0.585396,-0.0137185,0.313257,-0.62272,0.0,0.0,1.0
0.0383229,0.0374375,-0.57349,-0.0150056,0.302043,-0.598635,0.0,0.0,1.0
0.0417188,0.0443438,-0.560854,-0.0187667,0.311437,-0.586419,0.0,0.0,1.0
0.0387135,0.0422552,-0.539734,-0.0166102,0.311253,-0.55679,0.0,0.0,1.0
0.0428542,0.0450937,-0.521094,-0.020025,0.304868,-0.541108,0.0,0.0,1.0
0.0440313,0.0349375,-0.513365,-0.0163324,0.297708,-0.499375,0.0,0.0,1.0
0.0408542,0.0336771,-0.499844,-0.0153861,0.282697,-0.484419,0.0,0.0,1.0
0.0437708,0.0364583,-0.485438,-0.017812,0.283097,-0.486431,0.0,0.0,1.0
0.0404948,0.0369531,-0.473807,-0.0166509,0.284029,-0.484603,0.0,0.0,1.0
0.0494687,0.0235417,-0.468115,-0.0133009,0.276573,-0.48424,0.0,0.0,1.0
0.0392344,0.0406927,-0.450547,-0.0194648,0.259196,-0.497363,0.0,0.0,1.0
0.0448125,0.022,-0.448208,-0.012263,0.254,-0.494704,0.0,0.0,1.0
0.0394792,0.0317604,-0.434427,-0.0144611,0.274087,-0.476476,0.0,0.0,1.0
0.0332604,0.0391354,-0.431958,-0.0162454,0.253162,-0.48344,0.0,0.0,1.0
0.0354583,0.0595104,-0.424927,-0.0263898,0.252675,-0.476471,0.0,0.0,1.0
0.0374479,0.0594583,-0.415177,-0.0328556,0.214122,-0.456085,0.0,0.0,1.0
0.0450625,0.04425,-0.422292,-0.0344454,0.182975,-0.483864,0.0,0.0,1.0
0.053375,-0.0199063,-0.42149,0.0183917,0.182534,-0.488849,0.0,0.0,1.0
0.0511562,-0.0190521,-0.427083,0.0151676,0.203018,-0.494369,0.0,0.0,1.0
0.0393229,0.0297396,-0.430333,-0.0150796,0.245059,-0.443652,0.0,0.0,1.0
0.0387708,0.0260833,-0.4305,-0.0128954,0.247758,-0.444906,0.0,0.0,1.0
0.0551146,0.000760417,-0.42425,-0.000741667,0.178551,-0.503588,0.0,0.0,1.0
0.043375,0.041875,-0.434167,-0.0292019,0.196569,-0.481328,0.0,0.0,1.0
0.0439583,-0.00992708,-0.434844,0.00713056,0.193208,-0.498153,0.0,0.0,1.0
0.0349531,0.0197344,-0.447589,-0.0103898,0.209808,-0.481642,0.0,0.0,1.0
0.0395781,0.00221354,-0.443641,-0.00141296,0.195267,-0.507304,0.0,0.0,1.0
0.0446302,0.000567708,-0.454214,-0.000423148,0.190558,-0.521169,0.0,0.0,1.0
0.0495938,-0.00320833,-0.46799,0.00286944,0.175225,-0.528984,0.0,0.0,1.0
0.037901,0.00859896,-0.463693,-0.00468981,0.219369,-0.505018,0.0,0.0,1.0
0.0444583,0.002625,-0.477625,-0.00158796,0.232866,-0.516495,0.0,0.0,1.0
0.0377292,0.00807292,-0.482115,-0.00338889,0.284217,-0.476643,0.0,0.0,1.0
0.0412135,0.00388021,-0.496745,-0.00171944,0.294132,-0.48204,0.0,0.0,1.0
0.040026,0.000473958,-0.508005,-0.000198148,0.307978,-0.484367,0.0,0.0,1.0
0.0408021,-0.0108542,-0.521781,0.00457778,0.3057,-0.498311,0.0,0.0,1.0
0.0516771,-0.0115208,-0.536531,0.00594722,0.316475,-0.506271,0.0,0.0,1.0
0.0448958,-0.0178646,-0.55174,0.00844167,0.300375,-0.500931,0.0,0.0,1.0
0.0431771,-0.0165417,-0.559073,0.0072713,0.310792,-0.499366,0.0,0.0,1.0
0.0444323,-0.0202865,-0.562891,0.00897593,0.317559,-0.494615,0.0,0.0,1.0
0.0441146,-0.0154375,-0.567177,0.00683611,0.314773,-0.486051,0.0,0.0,1.0
0.0431875,-0.0154479,-0.571115,0.00666296,0.316691,-0.484543,0.0,0.0,1.0
0.0468437,-0.0128021,-0.572271,0.00607037,0.312333,-0.47363,0.0,0.0,1.0
0.0521615,-0.0110052,-0.574318,0.00594167,0.305505,-0.461856,0.0,0.0,1.0
0.0551458,-0.010875,-0.574417,0.00629722,0.300777,-0.44974,0.0,0.0,1.0
0.0565313,-0.0153958,-0.576594,0.00942407,0.291969,-0.443061,0.0,0.0,1.0
0.0579896,-0.0255312,-0.575938,0.0162037,0.288793,-0.435811,0.0,0.0,1.0
0.0587031,-0.0160469,-0.582016,0.0104954,0.283794,-0.431479,0.0,0.0,1.0
0.0595729,-0.0265938,-0.578542,0.0180352,0.277693,-0.415396,0.0,0.0,1.0
0.0602656,-0.044474,-0.579786,0.0310204,0.273026,-0.398748,0.0,0.0,1.0
0.0585417,-0.0579583,-0.580667,0.0379481,0.282543,-0.393931,0.0,0.0,1.0
0.056974,-0.0491615,-0.576661,0.0338278,0.261702,-0.41972,0.0,0.0,1.0
0.0561563,-0.0542812,-0.573646,0.0367472,0.262119,-0.417305,0.0,0.0,1.0
0.0590729,-0.0582604,-0.570479,0.0417639,0.260416,-0.417694,0.0,0.0,1.0
0.0582917,-0.0621979,-0.565573,0.044075,0.260005,-0.417227,0.0,0.0,1.0
0.0477083,-0.0772083,-0.5515,0.0456065,0.255255,-0.413532,0.0,0.0,1.0
0.0423542,-0.0902812,-0.539823,0.0479481,0.252078,-0.410911,0.0,0.0,1.0
0.0370521,-0.0909583,-0.538385,0.0420806,0.253081,-0.413636,0.0,0.0,1.0
0.0374948,-0.099724,-0.539755,0.0460056,0.25682,-0.404931,0.0,0.0,1.0
0.0348906,-0.0950052,-0.537161,0.0410954,0.25491,-0.415262,0.0,0.0,1.0
0.0334375,-0.0903229,-0.536573,0.037588,0.25396,-0.421034,0.0,0.0,1.0
0.0353229,-0.0932188,-0.532271,0.0414435,0.251131,-0.423723,0.0,0.0,1.0
0.0423646,-0.0685729,-0.539437,0.0336296,0.272989,-0.4081,0.0,0.0,1.0
0.0445573,-0.0610469,-0.534255,0.0314306,0.273523,-0.416542,0.0,0.0,1.0
0.0462292,-0.0643438,-0.534385,0.0331491,0.283544,-0.407469,0.0,0.0,1.0
0.0513385,-0.0529635,-0.533484,0.0301676,0.284868,-0.410219,0.0,0.0,1.0
0.0470052,-0.0573073,-0.52912,0.0317019,0.268561,-0.418487,0.0,0.0,1.0
0.061599,-0.0357969,-0.524141,0.0261667,0.266322,-0.424526,0.0,0.0,1.0
0.0627031,-0.0336615,-0.519953,0.0255556,0.261076,-0.428446,0.0,0.0,1.0
0.0657083,-0.035625,-0.508042,0.0302287,0.244651,-0.441688,0.0,0.0,1.0
0.0755208,-0.0240208,-0.51175,0.021612,0.265258,-0.435055,0.0,0.0,1.0
0.024901,-0.12437,-0.529901,0.038112,0.256849,-0.424405,0.0,0.0,1.0
0.0260417,-0.127323,-0.52474,0.0399611,0.262309,-0.413309,0.0,0.0,1.0
0.0243958,-0.121031,-0.514219,0.0331296,0.281639,-0.40788,0.0,0.0,1.0
0.0335469,-0.125849,-0.496161,0.0481287,0.277208,-0.404153,0.0,0.0,1.0
0.0272083,-0.130562,-0.499875,0.0416806,0.269421,-0.401736,0.0,0.0,1.0
0.0257292,-0.128688,-0.495208,0.0408315,0.256294,-0.419202,0.0,0.0,1.0
0.0252969,-0.123984,-0.491547,0.0371065,0.267123,-0.432642,0.0,0.0,1.0
0.0278958,-0.120687,-0.486958,0.0406676,0.261631,-0.444408,0.0,0.0,1.0
0.0306667,-0.1135,-0.479917,0.0427398,0.257429,-0.457169,0.0,0.0,1.0
0.0332917,-0.106771,-0.477625,0.0433935,0.25886,-0.475397,0.0,0.0,1.0
0.0387083,-0.095875,-0.475083,0.0430546,0.272455,-0.489177,0.0,0.0,1.0
0.0476042,-0.0820521,-0.46499,0.0442176,0.279195,-0.496825,0.0,0.0,1.0
0.0421146,-0.0711354,-0.472062,0.0351083,0.269714,-0.512788,0.0,0.0,1.0
0.0457656,-0.042276,-0.459089,0.0245759,0.248796,-0.557741,0.0,0.0,1.0
0.051625,-0.04025,-0.466271,0.0249398,0.263329,-0.539903,0.0,0.0,1.0
0.048526,-0.0168802,-0.471526,0.00986667,0.262476,-0.553754,0.0,0.0,1.0
0.0389583,-0.0116875,-0.474417,0.00546111,0.263648,-0.567222,0.0,0.0,1.0
0.0396771,-0.0039375,-0.481323,0.00198241,0.249312,-0.578331,0.0,0.0,1.0
0.0404427,0.021599,-0.476078,-0.00807407,0.341907,-0.495648,0.0,0.0,1.0
0.0372604,0.0243437,-0.475708,-0.00865185,0.33112,-0.50162,0.0,0.0,1.0
0.0373958,0.0241979,-0.474656,-0.00895741,0.319483,-0.514039,0.0,0.0,1.0
0.0412083,0.0374792,-0.467813,-0.0147074,0.331835,-0.497946,0.0,0.0,1.0
0.0467292,0.0478125,-0.469021,-0.0295509,0.238997,-0.573294,0.0,0.0,1.0
0.0476302,0.0745573,-0.445766,-0.0368296,0.304774,-0.493385,0.0,0.0,1.0
0.0566146,0.08425,-0.453031,-0.0653519,0.230667,-0.528722,0.0,0.0,1.0
0.0532292,0.0810833,-0.452625,-0.0601981,0.226591,-0.527091,0.0,0.0,1.0
0.0521719,0.0820781,-0.444911,-0.0619981,0.218293,-0.502811,0.0,0.0,1.0
0.0525,0.0864063,-0.450656,-0.0664463,0.215759,-0.511093,0.0,0.0,1.0
0.0509479,0.0874792,-0.445844,-0.0683537,0.206057,-0.495076,0.0,0.0,1.0
0.0490104,0.0896667,-0.444927,-0.0670852,0.207048,-0.489122,0.0,0.0,1.0
0.0483802,0.0937865,-0.437161,-0.0651241,0.220235,-0.468661,0.0,0.0,1.0
0.0452813,0.0945729,-0.434854,-0.0604019,0.224106,-0.45555,0.0,0.0,1.0
0.0415,0.0956875,-0.434271,-0.0508157,0.24694,-0.447718,0.0,0.0,1.0
0.0389375,0.0922813,-0.435135,-0.0456852,0.24858,-0.432191,0.0,0.0,1.0
0.0360521,0.0843646,-0.443083,-0.0352611,0.272631,-0.425743,0.0,0.0,1.0
0.03475,0.0823958,-0.44625,-0.0332759,0.272002,-0.427206,0.0,0.0,1.0
0.0355312,0.0781042,-0.446865,-0.032313,0.271472,-0.420269,0.0,0.0,1.0
0.0384062,0.0681979,-0.449646,-0.0298843,0.277034,-0.418071,0.0,0.0,1.0
0.0438958,0.0749167,-0.462979,-0.0380491,0.273227,-0.406505,0.0,0.0,1.0
0.0492396,0.0497396,-0.47175,-0.0306722,0.252293,-0.437256,0.0,0.0,1.0
0.0523073,0.070026,-0.471432,-0.041037,0.282067,-0.40803,0.0,0.0,1.0
0.0499219,0.0563281,-0.492703,-0.0357769,0.248419,-0.445605,0.0,0.0,1.0
0.045026,0.0776927,-0.492026,-0.0396759,0.278598,-0.406783,0.0,0.0,1.0
0.0453958,0.0759375,-0.497104,-0.0405565,0.268623,-0.402845,0.0,0.0,1.0
0.0468646,0.0814479,-0.502083,-0.0426454,0.282901,-0.405475,0.0,0.0,1.0
0.0415625,0.0758438,-0.503927,-0.0349324,0.28514,-0.412806,0.0,0.0,1.0
0.0445833,0.0747917,-0.507438,-0.0360398,0.292436,-0.423658,0.0,0.0,1.0
0.0441042,0.0731979,-0.509427,-0.0347,0.294052,-0.423089,0.0,0.0,1.0
0.04125,0.0723646,-0.508969,-0.0322574,0.292498,-0.42135,0.0,0.0,1.0
0.042099,0.0717031,-0.508349,-0.032225,0.296032,-0.419218,0.0,0.0,1.0
0.0387604,0.0721563,-0.507146,-0.0295565,0.299044,-0.433599,0.0,0.0,1.0
0.0501719,0.0727552,-0.516411,-0.0388463,0.297024,-0.427469,0.0,0.0,1.0
0.0416146,0.070625,-0.506635,-0.0318204,0.291843,-0.440843,0.0,0.0,1.0
0.0452656,0.0713385,-0.510047,-0.0350167,0.291474,-0.442307,0.0,0.0,1.0
0.0449792,0.0679063,-0.513927,-0.033925,0.284519,-0.448705,0.0,0.0,1.0
0.0503594,0.0679115,-0.516766,-0.0399824,0.270319,-0.464301,0.0,0.0,1.0
0.0443021,0.0658333,-0.509573,-0.0319333,0.288587,-0.469661,0.0,0.0,1.0
0.0430937,0.0621667,-0.51076,-0.0286259,0.2958,-0.478393,0.0,0.0,1.0
0.0429271,0.0616875,-0.515531,-0.0295926,0.282778,-0.490963,0.0,0.0,1.0
0.0437604,0.0608542,-0.516073,-0.0290796,0.289339,-0.484857,0.0,0.0,1.0
0.0443802,0.0620885,-0.518453,-0.0297602,0.29261,-0.479184,0.0,0.0,1.0
0.0479219,0.0636615,-0.520536,-0.0325019,0.296644,-0.479478,0.0,0.0,1.0
0.0439115,0.0589323,-0.522411,-0.0269769,0.303253,-0.476938,0.0,0.0,1.0
0.0438542,0.0555417,-0.524833,-0.0255611,0.301137,-0.47373,0.0,0.0,1.0
0.0452917,0.0596563,-0.527677,-0.0281343,0.303481,-0.477684,0.0,0.0,1.0
0.0456458,0.0531042,-0.527438,-0.025413,0.301344,-0.4749,0.0,0.0,1.0
0.0463333,0.05325,-0.5285,-0.0257519,0.302919,-0.474974,0.0,0.0,1.0
0.0472604,0.0522917,-0.525677,-0.0263315,0.296691,-0.467024,0.0,0.0,1.0
0.0458229,0.0536667,-0.524948,-0.0273935,0.283686,-0.469149,0.0,0.0,1.0
0.0468958,0.0508542,-0.518542,-0.0265907,0.283476,-0.463402,0.0,0.0,1.0
0.0442708,0.0447708,-0.519875,-0.0218741,0.286356,-0.451041,0.0,0.0,1.0
0.0457344,0.0424531,-0.516432,-0.0216167,0.283809,-0.446087,0.0,0.0,1.0
0.0460938,0.0377604,-0.514063,-0.0194139,0.283249,-0.429768,0.0,0.0,1.0
0.0445104,0.0360104,-0.515562,-0.0180417,0.280797,-0.42739,0.0,0.0,1.0
0.0452292,0.0346771,-0.512906,-0.017963,0.275913,-0.42195,0.0,0.0,1.0
0.0463854,0.0261042,-0.513031,-0.0136083,0.281279,-0.423445,0.0,0.0,1.0
0.0479427,0.0274115,-0.511776,-0.0146991,0.282647,-0.422314,0.0,0.0,1.0
0.0461771,0.0270208,-0.51374,-0.0140259,0.280954,-0.419343,0.0,0.0,1.0
0.0473646,0.0280417,-0.514219,-0.0149444,0.280904,-0.418996,0.0,0.0,1.0
0.053099,0.0239323,-0.509464,-0.0142731,0.281466,-0.417373,0.0,0.0,1.0
0.0498021,0.0433542,-0.520948,-0.0244639,0.278973,-0.412399,0.0,0.0,1.0
0.0516927,0.0440156,-0.520297,-0.0259509,0.277055,-0.417925,0.0,0.0,1.0
0.0510313,0.0471771,-0.523771,-0.0279102,0.272621,-0.424714,0.0,0.0,1.0
0.0520885,0.0456198,-0.526568,-0.029,0.258976,-0.448235,0.0,0.0,1.0
0.0522031,0.0503594,-0.528307,-0.031963,0.259941,-0.445274,0.0,0.0,1.0
0.0507083,0.0634896,-0.523802,-0.0376648,0.270154,-0.419006,0.0,0.0,1.0
0.0570208,0.0657604,-0.519135,-0.0425352,0.27863,-0.4185,0.0,0.0,1.0
0.0542083,0.0598958,-0.522521,-0.0374991,0.273642,-0.441549,0.0,0.0,1.0
0.0558385,0.0631406,-0.517547,-0.0387417,0.28764,-0.426344,0.0,0.0,1.0
0.0542865,0.0493385,-0.518828,-0.030988,0.273121,-0.450288,0.0,0.0,1.0
0.0554063,0.047875,-0.515677,-0.0302065,0.277466,-0.447632,0.0,0.0,1.0
0.0547552,0.0487656,-0.515214,-0.0304287,0.277318,-0.451262,0.0,0.0,1.0
0.0534583,0.0468958,-0.515875,-0.0283648,0.279354,-0.453835,0.0,0.0,1.0
0.0531094,0.0391823,-0.511255,-0.0230972,0.284682,-0.462923,0.0,0.0,1.0
0.0427917,0.00121875,-0.505219,-0.000524074,0.310465,-0.458576,0.0,0.0,1.0
0.048151,0.0339115,-0.508443,-0.0173898,0.296764,-0.467597,0.0,0.0,1.0
0.0394115,0.00260937,-0.501693,-0.0010213,0.317694,-0.465934,0.0,0.0,1.0
0.0378542,0.0116979,-0.499615,-0.00451852,0.309591,-0.467443,0.0,0.0,1.0
0.0417031,0.0184427,-0.500234,-0.00766667,0.316954,-0.477287,0.0,0.0,1.0
0.033849,0.00472396,-0.500307,-0.00158611,0.320077,-0.472188,0.0,0.0,1.0
0.033151,-0.0141302,-0.49512,0.00446667,0.331213,-0.477602,0.0,0.0,1.0
0.0430833,0.0182604,-0.491844,-0.00768889,0.323235,-0.47692,0.0,0.0,1.0
0.0331771,0.00286458,-0.494854,-0.000905556,0.332459,-0.480663,0.0,0.0,1.0
0.0417604,0.0166667,-0.490365,-0.00671944,0.327614,-0.480114,0.0,0.0,1.0
0.0412396,0.0153542,-0.489656,-0.00601574,0.332853,-0.48239,0.0,0.0,1.0
0.0399323,0.0131719,-0.485307,-0.00499815,0.332633,-0.484522,0.0,0.0,1.0
0.0396875,0.0135521,-0.485052,-0.00515833,0.330121,-0.48414,0.0,0.0,1.0
0.0380625,0.0113125,-0.483687,-0.00402593,0.337424,-0.483406,0.0,0.0,1.0
0.0274479,-0.0056875,-0.486573,0.00146019,0.338682,-0.485405,0.0,0.0,1.0
0.0370677,0.0113906,-0.48038,-0.00396389,0.336592,-0.486332,0.0,0.0,1.0
0.0389479,0.0118854,-0.483167,-0.0043537,0.336107,-0.482644,0.0,0.0,1.0
0.0387813,0.00704167,-0.480552,-0.00255556,0.337793,-0.484496,0.0,0.0,1.0
0.0401302,-0.00176562,-0.478016,0.000668519,0.334641,-0.47753,0.0,0.0,1.0
0.0403958,0.00220833,-0.483604,-0.000834259,0.337486,-0.481875,0.0,0.0,1.0
0.0400052,-0.00247396,-0.485193,0.000943519,0.331927,-0.470834,0.0,0.0,1.0
0.0401198,0.00420312,-0.493495,-0.00161389,0.329947,-0.470855,0.0,0.0,1.0
0.0463958,0.0105,-0.497438,-0.00481944,0.319055,-0.465351,0.0,0.0,1.0
0.0450052,0.00240104,-0.498734,-0.00107315,0.318014,-0.468125,0.0,0.0,1.0
0.0493333,0.00404167,-0.500458,-0.00203241,0.310608,-0.463608,0.0,0.0,1.0
0.0398385,-0.020099,-0.50112,0.00794259,0.318717,-0.451143,0.0,0.0,1.0
0.0510052,0.00525521,-0.506203,-0.00270648,0.312869,-0.452906,0.0,0.0,1.0
0.0518958,0.00827083,-0.510146,-0.00446759,0.303305,-0.451323,0.0,0.0,1.0
0.0513438,-0.000447917,-0.504687,0.000241667,0.304229,-0.450951,0.0,0.0,1.0
0.0510729,-0.00427083,-0.501781,0.00229444,0.300704,-0.449,0.0,0.0,1.0
0.0433385,-0.0297031,-0.498318,0.0132056,0.30812,-0.432028,0.0,0.0,1.0
0.058151,-0.00269271,-0.502464,0.00166852,0.29618,-0.441698,0.0,0.0,1.0
0.0509479,-0.0162813,-0.493604,0.0088713,0.295471,-0.442342,0.0,0.0,1.0
0.049849,-0.0311823,-0.484411,0.0166648,0.294822,-0.438489,0.0,0.0,1.0
0.0476771,-0.0346458,-0.484115,0.0175981,0.296533,-0.435126,0.0,0.0,1.0
0.0522396,-0.0281146,-0.485938,0.01585,0.292957,-0.434772,0.0,0.0,1.0
0.0510521,-0.0406979,-0.480771,0.0218574,0.300424,-0.425535,0.0,0.0,1.0
0.0523437,-0.0439062,-0.473542,0.0247731,0.293301,-0.430079,0.0,0.0,1.0
0.0494115,-0.0457135,-0.474203,0.0240296,0.297187,-0.426631,0.0,0.0,1.0
0.0509844,-0.0456406,-0.472964,0.0244278,0.301067,-0.426789,0.0,0.0,1.0
0.0474792,-0.0591354,-0.468281,0.0286833,0.309411,-0.412689,0.0,0.0,1.0
0.0480885,-0.0661615,-0.462693,0.0318889,0.315319,-0.401763,0.0,0.0,1.0
0.0481146,-0.0603958,-0.456406,0.029262,0.313844,-0.413881,0.0,0.0,1.0
0.0456979,-0.0664583,-0.447781,0.0305537,0.314202,-0.415054,0.0,0.0,1.0
0.0474896,-0.0638333,-0.43926,0.0306787,0.31236,-0.421601,0.0,0.0,1.0
0.0460521,-0.0711042,-0.436073,0.0323574,0.31977,-0.409233,0.0,0.0,1.0
0.049974,-0.0658177,-0.428974,0.0316704,0.328183,-0.415109,0.0,0.0,1.0
0.0478906,-0.0715365,-0.423891,0.0327704,0.330476,-0.408217,0.0,0.0,1.0
0.0484323,-0.0664948,-0.41812,0.0306083,0.332569,-0.415106,0.0,0.0,1.0
0.053474,-0.053224,-0.417901,0.0262,0.34337,-0.424426,0.0,0.0,1.0
0.0421771,-0.0738542,-0.410781,0.0291491,0.337723,-0.425094,0.0,0.0,1.0
0.0431719,-0.0690781,-0.405693,0.0267407,0.352465,-0.422724,0.0,0.0,1.0
0.0441198,-0.072849,-0.405068,0.0288139,0.352516,-0.431775,0.0,0.0,1.0
0.0433906,-0.0706302,-0.397901,0.0269398,0.359632,-0.434947,0.0,0.0,1.0
0.0431302,-0.0709115,-0.393557,0.0265954,0.363432,-0.43984,0.0,0.0,1.0
0.0452448,-0.0672969,-0.391547,0.0256991,0.374505,-0.439727,0.0,0.0,1.0
0.0484844,-0.0622031,-0.389464,0.0252889,0.377031,-0.450069,0.0,0.0,1.0
0.0486042,-0.0586458,-0.384562,0.0234259,0.384615,-0.45193,0.0,0.0,1.0
0.0484844,-0.0538177,-0.380276,0.0212417,0.388184,-0.453573,0.0,0.0,1.0
0.047125,-0.0486458,-0.376792,0.0183676,0.394547,-0.460399,0.0,0.0,1.0
0.0496615,-0.0452552,-0.376036,0.0177398,0.400399,-0.465177,0.0,0.0,1.0
0.0521667,-0.0420729,-0.378219,0.0173843,0.399097,-0.468597,0.0,0.0,1.0
0.0506094,-0.0424323,-0.378724,0.0166843,0.406821,-0.472692,0.0,0.0,1.0
0.0518698,-0.0520469,-0.383724,0.0211157,0.403897,-0.477638,0.0,0.0,1.0
0.0549583,-0.0228021,-0.395927,0.00963333,0.410937,-0.474567,0.0,0.0,1.0
0.0506354,-0.0193646,-0.399437,0.00761574,0.406762,-0.473114,0.0,0.0,1.0
0.0490521,-0.0198646,-0.407813,0.00751574,0.409847,-0.477773,0.0,0.0,1.0
0.0444063,-0.0265833,-0.416052,0.00896482,0.416052,-0.487422,0.0,0.0,1.0
0.0463958,-0.0304375,-0.432104,0.0111843,0.399114,-0.473447,0.0,0.0,1.0
0.0438437,-0.0250625,-0.440635,0.00878333,0.395256,-0.466737,0.0,0.0,1.0
0.046974,-0.0256302,-0.456828,0.00962963,0.395163,-0.46783,0.0,0.0,1.0
0.0450521,-0.0255938,-0.467292,0.00928056,0.392547,-0.467269,0.0,0.0,1.0
0.0472188,-0.0281146,-0.479062,0.0107787,0.389262,-0.468558,0.0,0.0,1.0
0.0478229,-0.0302917,-0.492344,0.0119111,0.384259,-0.463796,0.0,0.0,1.0
0.0483021,-0.0325313,-0.500417,0.0129806,0.382656,-0.467564,0.0,0.0,1.0
0.046625,-0.0234271,-0.511594,0.00927315,0.372542,-0.47419,0.0,0.0,1.0
0.0439479,-0.0234271,-0.519771,0.00879907,0.369719,-0.475294,0.0,0.0,1.0
0.0556563,-0.0403854,-0.530771,0.0192815,0.368317,-0.467039,0.0,0.0,1.0
0.0500156,-0.0273906,-0.544339,0.0119843,0.361242,-0.474186,0.0,0.0,1.0
0.0511719,-0.0361615,-0.55013,0.0167065,0.350077,-0.476262,0.0,0.0,1.0
0.0438177,-0.0242448,-0.559974,0.00939259,0.357331,-0.473091,0.0,0.0,1.0
0.0445781,-0.0253385,-0.567578,0.0100037,0.356809,-0.47692,0.0,0.0,1.0
0.0449688,-0.027,-0.574948,0.0106352,0.36063,-0.475333,0.0,0.0,1.0
0.0486771,-0.0280521,-0.584604,0.012162,0.354951,-0.477488,0.0,0.0,1.0
0.0502292,-0.0311562,-0.589323,0.0156444,0.316293,-0.514793,0.0,0.0,1.0
0.0542344,-0.0295469,-0.598568,0.0141676,0.357414,-0.465432,0.0,0.0,1.0
0.0511406,-0.0308594,-0.599193,0.0140907,0.35403,-0.465307,0.0,0.0,1.0
0.0474635,-0.0258698,-0.598068,0.0109574,0.354372,-0.46115,0.0,0.0,1.0
0.0491458,-0.0272083,-0.601083,0.0119991,0.352236,-0.459569,0.0,0.0,1.0
0.0407812,-0.0253333,-0.594823,0.00929722,0.351181,-0.460403,0.0,0.0,1.0
0.0407812,-0.0247708,-0.596885,0.00915093,0.348901,-0.456901,0.0,0.0,1.0
0.04275,-0.0247812,-0.599677,0.00966852,0.34632,-0.457469,0.0,0.0,1.0
0.0412969,-0.0247969,-0.599057,0.00943241,0.342869,-0.45274,0.0,0.0,1.0
0.0406146,-0.0233125,-0.59801,0.00881389,0.339636,-0.449414,0.0,0.0,1.0
0.0410417,-0.0207604,-0.598615,0.00790556,0.340656,-0.4456,0.0,0.0,1.0
0.0447187,-0.0204896,-0.600708,0.00859259,0.336891,-0.444928,0.0,0.0,1.0
0.0434635,-0.0186615,-0.598297,0.00761204,0.33669,-0.443782,0.0,0.0,1.0
0.0397135,-0.0153594,-0.594057,0.00575833,0.334847,-0.443606,0.0,0.0,1.0
0.0403854,-0.0237292,-0.598469,0.0091713,0.330125,-0.439995,0.0,0.0,1.0
0.0429635,-0.0130885,-0.594411,0.00535648,0.331527,-0.438953,0.0,0.0,1.0
0.0386042,-0.0111354,-0.590073,0.00404259,0.335507,-0.441322,0.0,0.0,1.0
0.0387917,-0.0127083,-0.590979,0.00470833,0.330664,-0.437071,0.0,0.0,1.0
0.0382813,-0.0125833,-0.588844,0.00457222,0.333052,-0.437181,0.0,0.0,1.0
0.0416458,-0.0121042,-0.591875,0.00478981,0.332951,-0.439303,0.0,0.0,1.0
0.0494375,-0.0166458,-0.599458,0.00791204,0.328536,-0.437962,0.0,0.0,1.0
0.0395312,-0.0130521,-0.589229,0.0048713,0.334566,-0.437436,0.0,0.0,1.0
0.0404531,-0.0197031,-0.593505,0.00766944,0.328292,-0.437292,0.0,0.0,1.0
0.0463542,-0.0152187,-0.59924,0.0068037,0.327109,-0.435535,0.0,0.0,1.0
0.0496146,-0.0225104,-0.604208,0.0109259,0.323026,-0.435619,0.0,0.0,1.0
0.0419896,-0.0227187,-0.596625,0.00929259,0.324611,-0.434611,0.0,0.0,1.0
0.050625,-0.0248333,-0.603688,0.0146056,0.272126,-0.493996,0.0,0.0,1.0
0.0494479,-0.0188958,-0.606302,0.00909537,0.324536,-0.433184,0.0,0.0,1.0
0.0449479,-0.0192083,-0.602906,0.00849722,0.321334,-0.428686,0.0,0.0,1.0
0.0435677,-0.0179635,-0.602432,0.00768796,0.321586,-0.425901,0.0,0.0,1.0
0.0466979,-0.0114896,-0.602521,0.00526852,0.321119,-0.424304,0.0,0.0,1.0
0.0448125,-0.0199687,-0.605594,0.009425,0.300053,-0.425516,0.0,0.0,1.0
0.044651,-0.0158802,-0.606026,0.00746389,0.300258,-0.421795,0.0,0.0,1.0
0.0431719,-0.0126094,-0.60638,0.00588611,0.292555,-0.412666,0.0,0.0,1.0
0.0447135,-0.00681771,-0.604911,0.00322315,0.298647,-0.396795,0.0,0.0,1.0
0.0464375,-0.00202083,-0.607729,0.00103333,0.287817,-0.390557,0.0,0.0,1.0
0.0455313,-0.00191667,-0.602719,0.000969444,0.283036,-0.388703,0.0,0.0,1.0
0.0461615,0.000578125,-0.602661,-0.000312037,0.273938,-0.387512,0.0,0.0,1.0
0.0487656,0.00174479,-0.603526,-0.0010037,0.267326,-0.377733,0.0,0.0,1.0
0.0507344,-3.64583e-05,-0.599234,2.12963e-05,0.264138,-0.379453,0.0,0.0,1.0
0.0473542,-0.00485417,-0.598625,0.00374074,0.193944,-0.425944,0.0,0.0,1.0
0.0514948,-0.00102604,-0.601516,0.000824074,0.201898,-0.415676,0.0,0.0,1.0
0.0546875,0.00483333,-0.606583,-0.00418519,0.199722,-0.406907,0.0,0.0,1.0
0.0568438,0.00421875,-0.60625,-0.00383333,0.198426,-0.419889,0.0,0.0,1.0
0.0599063,0.00453125,-0.612021,-0.00435185,0.197019,-0.403889,0.0,0.0,1.0
0.0616094,0.00830729,-0.61513,-0.00792593,0.204111,-0.410852,0.0,0.0,1.0
0.0650677,0.00839063,-0.619797,-0.00805556,0.214148,-0.406759,0.0,0.0,1.0
0.0614167,0.00220833,-0.616958,-0.0019037,0.224756,-0.40407,0.0,0.0,1.0
0.0620833,0.00225,-0.615375,-0.00192593,0.228833,-0.392796,0.0,0.0,1.0
0.0664688,0.0049375,-0.618406,-0.00388889,0.266543,-0.375802,0.0,0.0,1.0
0.0605208,0.000395833,-0.609583,-0.000276852,0.273921,-0.380532,0.0,0.0,1.0
0.0554219,-0.00364062,-0.599589,0.00234074,0.271739,-0.387035,0.0,0.0,1.0
0.0526979,-0.0025,-0.599323,0.0015213,0.272649,-0.371168,0.0,0.0,1.0
0.0501042,-0.00390625,-0.590135,0.00223519,0.277619,-0.372119,0.0,0.0,1.0
0.0386562,-0.0170833,-0.579656,0.00713241,0.29249,-0.384286,0.0,0.0,1.0
0.036724,-0.0219844,-0.574307,0.00885,0.288367,-0.389107,0.0,0.0,1.0
0.0387187,-0.0192917,-0.563177,0.0079963,0.295317,-0.39665,0.0,0.0,1.0
0.0409792,-0.00779167,-0.5545,0.00362685,0.278438,-0.39029,0.0,0.0,1.0
0.0460729,0.0010625,-0.548406,-0.000572222,0.27143,-0.392115,0.0,0.0,1.0
0.0495573,-0.00146354,-0.540401,0.000888889,0.258335,-0.395854,0.0,0.0,1.0
0.0560885,-0.00369271,-0.536734,0.0024463,0.26755,-0.403031,0.0,0.0,1.0
0.0600104,0.00221875,-0.53725,-0.00170556,0.245713,-0.388343,0.0,0.0,1.0
0.0580521,0.00075,-0.533406,-0.000566667,0.245974,-0.396104,0.0,0.0,1.0
0.0566406,-0.000901042,-0.530474,0.000700926,0.230147,-0.407147,0.0,0.0,1.0
0.0631354,0.0113438,-0.533875,-0.00964444,0.234756,-0.394256,0.0,0.0,1.0
0.0619115,0.00454688,-0.521995,-0.00369907,0.240697,-0.401401,0.0,0.0,1.0
0.0555417,0.000333333,-0.517875,-0.000237963,0.245721,-0.390444,0.0,0.0,1.0
0.048776,-0.00147396,-0.513401,0.000925,0.245784,-0.396636,0.0,0.0,1.0
0.0435521,-0.00633333,-0.51524,0.00347407,0.25135,-0.389498,0.0,0.0,1.0
0.0462917,-0.0222083,-0.506896,0.0132491,0.245249,-0.39186,0.0,0.0,1.0
0.0472813,-0.0179167,-0.49649,0.0110713,0.241868,-0.391423,0.0,0.0,1.0
0.0432917,-0.00705208,-0.486406,0.00381574,0.252942,-0.403608,0.0,0.0,1.0
0.0482656,0.00183854,-0.477036,-0.00111296,0.251256,-0.400552,0.0,0.0,1.0
0.0479792,0.0229583,-0.474562,-0.0136713,0.254623,-0.400734,0.0,0.0,1.0
0.0438698,0.0385781,-0.467505,-0.0211185,0.253204,-0.403537,0.0,0.0,1.0
0.0427396,0.0450625,-0.461552,-0.0234565,0.259556,-0.409612,0.0,0.0,1.0
0.0408281,0.0540677,-0.458589,-0.0267759,0.260554,-0.40948,0.0,0.0,1.0
0.0390052,0.0500781,-0.451526,-0.0227574,0.271309,-0.422143,0.0,0.0,1.0
0.0378281,0.0499323,-0.451182,-0.0222972,0.267742,-0.427519,0.0,0.0,1.0
0.0349583,0.0494062,-0.452906,-0.0195796,0.27873,-0.441711,0.0,0.0,1.0
0.0357188,0.0420104,-0.45475,-0.017187,0.275946,-0.446169,0.0,0.0,1.0
0.0367292,0.0344792,-0.457958,-0.014513,0.275863,-0.451678,0.0,0.0,1.0
0.036125,0.0254792,-0.461354,-0.0106852,0.272328,-0.451643,0.0,0.0,1.0
0.0365469,0.0171198,-0.46837,-0.00727778,0.271654,-0.457672,0.0,0.0,1.0
0.036849,0.0135677,-0.476536,-0.00587407,0.268815,-0.459167,0.0,0.0,1.0
0.0390469,0.00826562,-0.487193,-0.00387315,0.263108,-0.45446,0.0,0.0,1.0
0.042375,0.00397917,-0.497333,-0.00209259,0.254452,-0.450507,0.0,0.0,1.0
0.0406615,0.00139063,-0.50663,-0.000725926,0.245198,-0.44192,0.0,0.0,1.0
0.0391719,-0.00109896,-0.514057,0.000572222,0.237141,-0.435826,0.0,0.0,1.0
0.0379479,-0.00345833,-0.519719,0.00178148,0.232306,-0.430009,0.0,0.0,1.0
0.0435781,-0.00680729,-0.527318,0.00420648,0.222782,-0.422208,0.0,0.0,1.0
0.0407396,-0.00608333,-0.528823,0.00368148,0.213107,-0.412941,0.0,0.0,1.0
0.0468854,-0.00246875,-0.538042,0.00178704,0.204454,-0.410231,0.0,0.0,1.0
0.0422656,-0.000192708,-0.533609,0.00012963,0.202963,-0.408574,0.0,0.0,1.0
0.0483021,0.00723958,-0.540062,-0.00564815,0.195926,-0.406426,0.0,0.0,1.0
0.0454844,0.00914062,-0.539443,-0.00696296,0.188852,-0.398222,0.0,0.0,1.0
0.0427552,0.0223281,-0.540776,-0.0148889,0.202648,-0.406352,0.0,0.0,1.0
0.0418854,0.0247396,-0.545,-0.0172407,0.19,-0.398426,0.0,0.0,1.0
0.0400885,0.0340677,-0.549151,-0.0214843,0.200892,-0.407262,0.0,0.0,1.0
0.0367813,0.0458021,-0.552854,-0.0273176,0.194929,-0.40754,0.0,0.0,1.0
0.0362031,0.0343385,-0.556557,-0.0206769,0.190047,-0.419362,0.0,0.0,1.0
0.0334583,0.0248229,-0.554844,-0.0135185,0.194093,-0.416685,0.0,0.0,1.0
0.0316667,0.0295833,-0.555458,-0.0159074,0.186093,-0.41037,0.0,0.0,1.0
0.0292188,0.0423229,-0.55675,-0.0208889,0.187,-0.417259,0.0,0.0,1.0
0.0334583,0.0574167,-0.55775,-0.0346296,0.175315,-0.417093,0.0,0.0,1.0
0.0316979,0.0355938,-0.551417,-0.0187315,0.190343,-0.413991,0.0,0.0,1.0
0.0294531,0.039401,-0.55188,-0.0188333,0.194796,-0.412704,0.0,0.0,1.0
0.0311615,0.0343802,-0.551526,-0.0172685,0.196102,-0.409176,0.0,0.0,1.0
0.0285781,0.034224,-0.553755,-0.0159444,0.193741,-0.396167,0.0,0.0,1.0
0.035151,0.0268594,-0.553255,-0.0156759,0.190361,-0.39588,0.0,0.0,1.0
0.0340521,0.0297604,-0.555208,-0.0158796,0.201769,-0.399528,0.0,0.0,1.0
0.0361198,0.028026,-0.556005,-0.0153796,0.20788,-0.401435,0.0,0.0,1.0
0.0360677,0.0269427,-0.555755,-0.0149907,0.205009,-0.400602,0.0,0.0,1.0
0.0336042,0.0286146,-0.554073,-0.0146296,0.207722,-0.401352,0.0,0.0,1.0
0.0337083,0.0364167,-0.552146,-0.0189074,0.205204,-0.399704,0.0,0.0,1.0
0.0314531,0.0440885,-0.546609,-0.0232593,0.188315,-0.392537,0.0,0.0,1.0
0.0316146,0.0399479,-0.540896,-0.0197778,0.201815,-0.390481,0.0,0.0,1.0
0.0274948,0.0366823,-0.53987,-0.0158241,0.201324,-0.385269,0.0,0.0,1.0
0.0304583,0.0386771,-0.535719,-0.0181296,0.205296,-0.382574,0.0,0.0,1.0
0.0343021,0.0407812,-0.53225,-0.0220556,0.200426,-0.375407,0.0,0.0,1.0
0.0344583,0.0474896,-0.528073,-0.0257037,0.201204,-0.373463,0.0,0.0,1.0
0.0348073,0.0534219,-0.526349,-0.0294444,0.199574,-0.3665,0.0,0.0,1.0
0.0343802,0.0572448,-0.522672,-0.0307315,0.20238,-0.369806,0.0,0.0,1.0
0.0335156,0.0584427,-0.517432,-0.031,0.199648,-0.364648,0.0,0.0,1.0
0.0369687,0.0654167,-0.524073,-0.0370926,0.206074,-0.366833,0.0,0.0,1.0
0.0301927,0.0483698,-0.531776,-0.024463,0.188667,-0.399796,0.0,0.0,1.0
0.0294271,0.0610625,-0.524802,-0.0274815,0.20663,-0.385815,0.0,0.0,1.0
0.0301458,0.0607187,-0.525073,-0.0275,0.210389,-0.390926,0.0,0.0,1.0
0.0306615,0.0584115,-0.532859,-0.0268833,0.21055,-0.407254,0.0,0.0,1.0
0.029099,0.0506406,-0.534464,-0.0219694,0.212044,-0.411044,0.0,0.0,1.0
0.0258073,0.0447969,-0.544068,-0.0153463,0.238183,-0.426869,0.0,0.0,1.0
0.027026,0.0405469,-0.547693,-0.0145111,0.238769,-0.427065,0.0,0.0,1.0
0.0274375,0.0377188,-0.547552,-0.013538,0.241601,-0.432508,0.0,0.0,1.0
-0.0293333,0.0317708,-0.553042,0.0113889,0.258583,-0.463306,0.0,0.0,1.0
0.0290729,0.0253437,-0.556083,-0.00806852,0.288744,-0.495967,0.0,0.0,1.0
0.0288021,0.0246146,-0.559708,-0.00753889,0.297111,-0.508537,0.0,0.0,1.0
0.0295729,0.0166458,-0.557802,-0.00503889,0.308641,-0.506381,0.0,0.0,1.0
0.0263021,0.00975,-0.557844,-0.00272315,0.297473,-0.503862,0.0,0.0,1.0
0.0278854,0.00857292,-0.558,-0.00268704,0.281174,-0.493822,0.0,0.0,1.0
0.0281302,0.00225521,-0.553453,-0.000721296,0.278568,-0.489994,0.0,0.0,1.0
0.0335885,0.00990104,-0.548828,-0.00387222,0.271359,-0.487933,0.0,0.0,1.0
0.0334583,0.00278125,-0.541781,-0.00111667,0.262261,-0.488298,0.0,0.0,1.0
0.0369687,0.00230208,-0.5395,-0.00102593,0.260093,-0.485926,0.0,0.0,1.0
0.041,0.000729167,-0.53275,-0.000373148,0.253636,-0.476118,0.0,0.0,1.0
0.0448646,0.000229167,-0.528073,-0.000132407,0.240595,-0.483058,0.0,0.0,1.0
0.0500312,-0.00571875,-0.515479,0.00382593,0.236963,-0.485759,0.0,0.0,1.0
0.0567865,-0.018026,-0.499214,0.014275,0.226694,-0.484564,0.0,0.0,1.0
0.0553438,-0.0105625,-0.492531,0.00901574,0.205018,-0.505592,0.0,0.0,1.0
0.0536823,-0.0141719,-0.47438,0.013037,0.184476,-0.531735,0.0,0.0,1.0
0.0597865,-0.0185781,-0.462443,0.0188009,0.186629,-0.516351,0.0,0.0,1.0
0.0575625,-0.0173958,-0.446521,0.0174389,0.181513,-0.528846,0.0,0.0,1.0
0.0477344,-0.00376562,-0.449214,0.00368981,0.153856,-0.564394,0.0,0.0,1.0
0.0477865,-0.00714062,-0.440797,0.00678519,0.158763,-0.564837,0.0,0.0,1.0
0.0287865,0.044901,-0.415193,-0.0170176,0.240105,-0.484271,0.0,0.0,1.0
0.0333073,0.0459115,-0.412849,-0.0193343,0.249955,-0.484288,0.0,0.0,1.0
0.0362865,0.0495156,-0.410859,-0.0229417,0.247532,-0.485736,0.0,0.0,1.0
0.0573281,0.0186302,-0.435745,-0.0180204,0.18728,-0.553261,0.0,0.0,1.0
0.0591979,0.0287708,-0.430594,-0.0264833,0.203272,-0.533161,0.0,0.0,1.0
0.0502292,0.03825,-0.435583,-0.032262,0.188197,-0.555456,0.0,0.0,1.0
0.0521979,0.0450625,-0.416948,-0.039263,0.189348,-0.488274,0.0,0.0,1.0
0.0456719,0.0615573,-0.411401,-0.0375704,0.236494,-0.490846,0.0,0.0,1.0
0.0420208,0.0619792,-0.404521,-0.032925,0.250029,-0.49914,0.0,0.0,1.0
0.0396094,0.055849,-0.395297,-0.0277769,0.251703,-0.508221,0.0,0.0,1.0
0.0339688,0.0668542,-0.397469,-0.0306657,0.234094,-0.510427,0.0,0.0,1.0
0.0310365,0.0587448,-0.383703,-0.0239769,0.240366,-0.517162,0.0,0.0,1.0
0.0254948,0.0567552,-0.379536,-0.0188778,0.242152,-0.513133,0.0,0.0,1.0
0.0251198,0.0565573,-0.375901,-0.0175741,0.255524,-0.516061,0.0,0.0,1.0
0.0235677,0.0596823,-0.374297,-0.0169667,0.261954,-0.511139,0.0,0.0,1.0
0.0241979,0.0611667,-0.371573,-0.0175315,0.266911,-0.510856,0.0,0.0,1.0
0.0268646,0.0615417,-0.37024,-0.0186306,0.280499,-0.518758,0.0,0.0,1.0
0.0304948,0.0502865,-0.370255,-0.0180296,0.268946,-0.530354,0.0,0.0,1.0
0.0321563,0.056375,-0.37326,-0.0192185,0.298189,-0.539337,0.0,0.0,1.0
0.0318698,0.0615365,-0.378839,-0.0194111,0.319274,-0.556385,0.0,0.0,1.0
0.0324792,0.0579167,-0.380812,-0.0176139,0.337475,-0.569419,0.0,0.0,1.0
0.0384531,0.0407552,-0.377859,-0.0151481,0.326959,-0.556811,0.0,0.0,1.0
0.0397396,0.0360625,-0.380698,-0.014087,0.321685,-0.547852,0.0,0.0,1.0
0.0411042,0.0311667,-0.383521,-0.0127389,0.317926,-0.542593,0.0,0.0,1.0
0.0430937,0.0307604,-0.390854,-0.0120639,0.347018,-0.558406,0.0,0.0,1.0
0.0454219,0.0260052,-0.393411,-0.01115,0.334828,-0.531494,0.0,0.0,1.0
0.0461042,0.0256042,-0.397708,-0.01105,0.337852,-0.525759,0.0,0.0,1.0
0.0499948,0.0265885,-0.400307,-0.0122991,0.34154,-0.527762,0.0,0.0,1.0
0.0527917,0.0250833,-0.402458,-0.0123648,0.338702,-0.517554,0.0,0.0,1.0
0.0541979,0.0194062,-0.407813,-0.0101472,0.327647,-0.516758,0.0,0.0,1.0
0.0676719,0.0208177,-0.407443,-0.0134667,0.330567,-0.502474,0.0,0.0,1.0
0.0776823,0.0179844,-0.411505,-0.013425,0.328944,-0.509481,0.0,0.0,1.0
0.0803229,0.0139167,-0.421531,-0.0122407,0.288637,-0.544915,0.0,0.0,1.0
0.0847552,0.0201615,-0.442193,-0.0201815,0.267637,-0.559563,0.0,0.0,1.0
0.0886094,0.014276,-0.447536,-0.0142602,0.280251,-0.563658,0.0,0.0,1.0
0.101906,0.0369167,-0.47474,-0.0411657,0.28879,-0.535512,0.0,0.0,1.0
0.0671875,0.108021,-0.439042,-0.0542954,0.422432,-0.407544,0.0,0.0,1.0
0.0972917,0.0115625,-0.472229,-0.0113713,0.312536,-0.563647,0.0,0.0,1.0
0.0889531,0.0184323,-0.498359,-0.0161361,0.320968,-0.568468,0.0,0.0,1.0
0.0805625,0.0045,-0.515063,-0.0026463,0.433124,-0.457587,0.0,0.0,1.0
0.0805937,0.0257812,-0.530813,-0.0146602,0.44806,-0.463579,0.0,0.0,1.0
0.078724,0.0490365,-0.558995,-0.0295593,0.412719,-0.516904,0.0,0.0,1.0
0.0811354,0.0573229,-0.578146,-0.0320332,0.45893,-0.489559,0.0,0.0,1.0
0.0834375,0.0629688,-0.59549,-0.0319631,0.519541,-0.45143,0.0,0.0,1.0
0.08525,0.0495833,-0.624333,-0.0265007,0.504051,-0.479773,0.0,0.0,1.0
0.0881302,0.0325156,-0.647995,-0.01804,0.501918,-0.484214,0.0,0.0,1.0
0.0856042,0.0147396,-0.670469,-0.00751852,0.530281,-0.525837,0.0,0.0,1.0
0.0835104,-0.00721875,-0.691917,0.00352222,0.540728,-0.532246,0.0,0.0,1.0
0.0829333,-0.0175688,-0.711381,0.00873982,0.526906,-0.53061,0.0,0.0,1.0
0.0826453,-0.0308328,-0.72827,0.0162348,0.496203,-0.509851,0.0,0.0,1.0
0.0833323,-0.0433323,-0.734478,0.021688,0.526158,-0.539473,0.0,0.0,1.0
0.0838047,-0.0376766,-0.746982,0.0185435,0.537934,-0.548212,0.0,0.0,1.0
0.0893042,-0.0450448,-0.753742,0.0265579,0.478726,-0.493245,0.0,0.0,1.0
0.0914333,-0.0442208,-0.762652,0.0270507,0.472508,-0.473675,0.0,0.0,1.0
0.0928745,-0.038688,-0.767291,0.0251435,0.451753,-0.453716,0.0,0.0,1.0
0.0944151,-0.0372234,-0.777155,0.0233213,0.476179,-0.386753,0.0,0.0,1.0
0.0931078,-0.0390255,-0.772795,0.0264583,0.43416,-0.422068,0.0,0.0,1.0
0.0899219,-0.0403458,-0.775536,0.0266861,0.429673,-0.384284,0.0,0.0,1.0
0.0910672,-0.0631464,-0.783526,0.0362657,0.501077,-0.312336,0.0,0.0,1.0
0.0881875,-0.0743854,-0.768781,0.0500731,0.414031,-0.368882,0.0,0.0,1.0
0.083162,-0.0879745,-0.769641,0.0555667,0.416165,-0.328146,0.0,0.0,1.0
0.076501,-0.0970865,-0.786232,0.0497991,0.471329,-0.265977,0.0,0.0,1.0
0.0664375,-0.107732,-0.796753,0.0436694,0.517949,-0.218727,0.0,0.0,1.0
0.0606797,-0.0815234,-0.77018,0.0417028,0.374938,-0.336123,0.0,0.0,1.0
0.0610229,-0.0851667,-0.776729,0.0410065,0.400501,-0.310945,0.0,0.0,1.0
0.0444172,-0.104016,-0.769579,0.0447231,0.326479,-0.361238,0.0,0.0,1.0
0.0409911,-0.105944,-0.767309,0.0420769,0.326199,-0.358903,0.0,0.0,1.0
0.0393766,-0.0933786,-0.75792,0.0375463,0.309491,-0.357176,0.0,0.0,1.0
0.0409172,-0.0923516,-0.75681,0.038813,0.307665,-0.356776,0.0,0.0,1.0
0.0430307,-0.0896203,-0.750402,0.0409444,0.297704,-0.368019,0.0,0.0,1.0
0.0441479,-0.0897729,-0.752669,0.0423537,0.295743,-0.369835,0.0,0.0,1.0
0.0435115,-0.0720948,-0.733189,0.0387019,0.256146,-0.405183,0.0,0.0,1.0
0.0396984,-0.0753443,-0.728917,0.0360556,0.262167,-0.409963,0.0,0.0,1.0
0.0336453,-0.0798536,-0.717208,0.0326704,0.259865,-0.426569,0.0,0.0,1.0
0.0351714,-0.0852026,-0.723098,0.0346472,0.273382,-0.415882,0.0,0.0,1.0
0.0264078,-0.084887,-0.707939,0.0271991,0.260518,-0.435462,0.0,0.0,1.0
0.0277865,-0.0833802,-0.710589,0.0278167,0.2632,-0.437459,0.0,0.0,1.0
0.0323396,-0.0713708,-0.70135,0.0264852,0.275433,-0.445989,0.0,0.0,1.0
0.0311385,-0.0689615,-0.699847,0.0246111,0.275763,-0.445189,0.0,0.0,1.0
0.0456823,-0.0385781,-0.693745,0.0238444,0.233696,-0.479881,0.0,0.0,1.0
0.0467708,-0.0343958,-0.696708,0.0221667,0.229331,-0.472461,0.0,0.0,1.0
0.055526,-0.0262865,-0.68887,0.0212991,0.21656,-0.487375,0.0,0.0,1.0
0.0559792,-0.0268021,-0.686927,0.0220481,0.215115,-0.49317,0.0,0.0,1.0
0.0194891,-0.0990828,-0.711718,0.0278722,0.218907,-0.469852,0.0,0.0,1.0
0.0518281,-0.0206823,-0.679078,0.0186491,0.18166,-0.532864,0.0,0.0,1.0
0.0534531,-0.0241823,-0.676266,0.022337,0.182841,-0.5221,0.0,0.0,1.0
0.0547344,-0.0255156,-0.673234,0.0237074,0.186174,-0.53747,0.0,0.0,1.0
0.050474,-0.0385885,-0.676089,0.0296694,0.207447,-0.505225,0.0,0.0,1.0
0.0450677,-0.0423177,-0.670474,0.0288083,0.209268,-0.514601,0.0,0.0,1.0
0.0354375,-0.0635938,-0.680385,0.03,0.237426,-0.469796,0.0,0.0,1.0
0.0342135,-0.0644323,-0.684964,0.0296889,0.234656,-0.460526,0.0,0.0,1.0
0.0289375,-0.0719583,-0.682521,0.029962,0.219655,-0.469062,0.0,0.0,1.0
0.0309844,-0.0764531,-0.679839,0.0348843,0.21466,-0.475475,0.0,0.0,1.0
0.0286927,-0.0640781,-0.674776,0.0277343,0.209582,-0.464397,0.0,0.0,1.0
0.0287083,-0.0663646,-0.671344,0.0278509,0.216208,-0.467912,0.0,0.0,1.0
0.0293906,-0.057526,-0.666651,0.0242398,0.22046,-0.465294,0.0,0.0,1.0
0.0325521,-0.0567604,-0.668396,0.0268861,0.217236,-0.466977,0.0,0.0,1.0
0.0286042,-0.0592396,-0.657656,0.0243389,0.21997,-0.473304,0.0,0.0,1.0
0.0291198,-0.0574635,-0.658474,0.0240935,0.219444,-0.468425,0.0,0.0,1.0
0.027151,-0.0603802,-0.647224,0.022975,0.225562,-0.481618,0.0,0.0,1.0
0.0265312,-0.0582292,-0.646677,0.0221907,0.219969,-0.484857,0.0,0.0,1.0
0.0320312,-0.046625,-0.638969,0.0205222,0.229965,-0.482557,0.0,0.0,1.0
0.0309583,-0.0478229,-0.636302,0.0203519,0.229969,-0.48532,0.0,0.0,1.0
0.0407396,-0.0272604,-0.626562,0.014987,0.234181,-0.47883,0.0,0.0,1.0
0.0432969,-0.0238594,-0.627172,0.0140194,0.232873,-0.478669,0.0,0.0,1.0
0.0519323,-0.00210938,-0.617943,0.00174537,0.19781,-0.490884,0.0,0.0,1.0
0.0554792,-0.000197917,-0.618135,0.000180556,0.195569,-0.487829,0.0,0.0,1.0
0.0597552,4.6875e-05,-0.611068,-5e-05,0.191617,-0.475487,0.0,0.0,1.0
0.0643958,0.00536458,-0.611802,-0.0060037,0.181631,-0.461187,0.0,0.0,1.0
0.0661667,-0.00163542,-0.601677,0.00172407,0.198156,-0.473693,0.0,0.0,1.0
0.0629688,-0.0015,-0.604552,0.00148519,0.199907,-0.4745,0.0,0.0,1.0
0.0599167,-0.0250312,-0.580344,0.025388,0.186692,-0.474932,0.0,0.0,1.0
0.0554271,-0.0201771,-0.583083,0.0194861,0.181351,-0.506647,0.0,0.0,1.0
0.053651,-0.0202865,-0.569495,0.021937,0.156863,-0.522956,0.0,0.0,1.0
0.05125,-0.0246875,-0.569583,0.0242935,0.164621,-0.529251,0.0,0.0,1.0
0.0422396,-0.0348958,-0.56299,0.0275324,0.169192,-0.530951,0.0,0.0,1.0
0.0371719,0.0102031,-0.554641,-0.0051463,0.232931,-0.465746,0.0,0.0,1.0
0.0392656,-0.0219427,-0.554682,0.0172972,0.157455,-0.551269,0.0,0.0,1.0
0.0429479,-0.0312396,-0.547188,0.0285176,0.148727,-0.545986,0.0,0.0,1.0
0.0386094,-0.017401,-0.563953,0.0131343,0.161571,-0.556108,0.0,0.0,1.0
0.0351302,-0.0278281,-0.555661,0.018612,0.166044,-0.534655,0.0,0.0,1.0
0.0267396,0.0229688,-0.556333,-0.00770833,0.251727,-0.477616,0.0,0.0,1.0
0.0256354,0.0177604,-0.557479,-0.00572778,0.251007,-0.480063,0.0,0.0,1.0
0.0267396,0.0200729,-0.562813,-0.00588704,0.288281,-0.51117,0.0,0.0,1.0
