484.78,240.85,609.58,215.92,615.22,244.15,490.42,269.08
493.7425,250.84375,618.6025,227.29375,623.9275,256.03375,499.0675,279.59875
493.5425,261.61625,618.0725,223.14125,626.9675,252.34625,502.4375,290.80625
493.3425,272.375,617.5575,218.99,630.0075,248.645,505.7925,302.03
495.74875,271.72375,622.10875,229.72375,631.78375,260.35375,505.40875,302.36875
498.14,271.0725,626.675,240.4425,633.56,272.0775,505.025,302.7075
500.545,270.42125,631.24,251.17625,635.335,283.78625,504.64,303.04625
502.9175,271.95875,633.2225,254.30375,636.9725,287.33375,506.6675,304.97375
505.29,273.4825,635.205,257.4325,638.61,290.8675,508.695,306.9175
507.66125,275.0075,637.17125,260.5625,640.26125,294.4025,510.73625,308.8475
517.39125,289.25,633.16125,268.895,635.93625,284.69,520.18125,305.045
514.49,293.865,633.395,264.0,638.57,284.595,519.665,314.46
515.375,292.16,626.315,258.32,633.425,281.66,522.485,315.5
504.805,289.4125,632.92,249.2875,649.195,299.4175,521.08,339.5425
509.1775,293.81625,636.8725,261.71625,649.8925,309.31125,522.1975,341.42625
513.55125,298.22,640.81125,274.145,650.59125,319.22,523.31625,343.295
517.925,302.6125,644.765,286.5625,651.275,329.1175,524.435,345.1675
518.955,298.6875,645.39,290.6625,648.645,330.6825,522.21,338.7075
520.0,294.75,646.0,294.75,646.0,332.25,520.0,332.25
513.3775,301.61875,641.8825,299.78875,642.2725,326.57875,513.7675,328.42375
513.75,292.25,641.25,292.25,641.25,344.75,513.75,344.75
494.69,333.87,658.355,313.89,661.31,338.13,497.645,358.11
503.465,328.0675,653.975,313.0825,656.195,346.2625,505.685,361.2475
512.2525,322.26375,649.5925,312.27375,651.0775,354.40875,513.7375,364.38375
521.04,316.46,645.21,311.48,645.96,362.54,521.79,367.52
520.5,312.0,631.5,312.0,631.5,372.0,520.5,372.0
503.75,340.5,655.25,340.5,655.25,373.5,503.75,373.5
513.4,348.0,656.2,348.0,656.2,382.8,513.4,382.8
513.49,341.72,647.59,341.72,647.59,378.32,513.49,378.32
526.14,330.52,624.045,319.45,631.86,388.48,533.955,399.55
533.58,330.0175,611.91,326.9875,614.04,381.9325,535.71,384.9625
503.5,356.25,674.5,356.25,674.5,390.75,503.5,390.75
514.07,348.32,650.84,339.785,658.43,402.68,521.66,411.215
524.64,340.39,627.165,323.335,642.36,414.61,539.835,431.665
530.1775,335.0875,620.0275,323.7175,630.1525,401.5825,540.3025,412.9525
501.745,357.49,651.895,346.315,655.255,391.51,505.105,402.685
550.2475,357.5325,609.5425,347.6475,616.1425,387.2175,556.8475,397.1025
534.495,349.375,621.075,335.47,629.025,384.985,542.445,398.89
526.585,337.055,618.475,317.96,633.415,389.945,541.525,409.04
507.12,357.535,641.655,324.16,653.88,373.465,519.345,406.84
519.1225,350.57,633.5425,328.385,641.6275,385.01,527.2075,407.195
542.08625,339.32,591.70625,316.625,617.88125,373.88,568.27625,396.575
546.7275,328.32125,591.3225,323.98625,597.4425,386.74625,552.8475,391.09625
532.635,331.43,590.415,311.795,617.865,373.07,560.085,392.705
514.5725,344.6025,553.9625,296.1675,618.1775,341.6475,578.7875,390.0825
512.49,364.99,524.565,298.06,618.51,315.01,606.435,381.94
537.935,366.08,526.4,301.475,609.065,288.38,620.6,352.985
539.2175,362.3625,520.3025,294.8175,608.5325,272.2875,627.4475,339.8325
536.875,353.7825,521.125,291.7875,603.625,273.0675,619.375,335.0625
518.2525,342.035,512.7775,288.32,618.4975,287.885,623.9725,341.6
491.58,330.845,499.185,284.225,633.42,306.155,625.815,352.775
503.89,343.7475,506.77,305.1975,602.11,314.0025,599.23,352.5525
509.005,338.2,511.72,296.41,599.995,304.3,597.28,346.09
517.955,343.3475,514.445,294.5075,602.045,289.9025,605.555,338.7425
517.585,344.745,511.93,287.745,597.415,279.255,603.07,336.255
513.68625,343.3525,509.54625,282.5125,598.66125,276.4375,602.81625,337.2775
482.63,342.57,485.405,301.725,628.37,311.43,625.595,352.275
500.795,366.575,498.68,317.3,613.205,312.425,615.32,361.7
516.66875,360.135,509.88875,323.28,595.98875,307.425,602.78375,344.28
502.955,343.3,502.955,310.54,611.045,310.54,611.045,343.3
512.3075,349.1025,511.0175,296.6475,586.7225,294.7875,588.0125,347.2425
492.93375,365.735,486.54375,318.125,612.06375,301.265,618.46875,348.875
503.675,379.365,496.64,330.9,622.325,312.435,629.36,360.9
519.605,384.885,510.26,347.775,604.895,323.715,614.24,360.825
528.90375,380.99,518.11875,333.23,594.34875,314.81,605.11875,362.57
522.075,380.66,518.73,308.075,599.925,304.34,603.27,376.925
506.635,385.215,502.615,335.565,623.365,325.785,627.385,375.435
500.52125,399.61,498.18125,348.055,625.32125,342.31,627.64625,393.865
526.0,394.5,526.0,349.5,598.0,349.5,598.0,394.5
531.35,409.2,519.695,335.61,600.65,322.8,612.305,396.39
523.0,399.75,523.0,329.25,595.0,329.25,595.0,399.75
495.255,404.215,493.5,362.905,638.745,356.785,640.5,398.095
511.0,395.25,511.0,357.75,613.0,357.75,613.0,395.25
513.75,400.25,513.75,338.75,605.25,338.75,605.25,400.25
531.25,398.0,531.25,338.0,589.75,338.0,589.75,398.0
521.25,391.5,521.25,340.5,603.75,340.5,603.75,391.5
498.225,387.185,497.175,346.415,635.775,342.815,636.825,383.585
509.03,378.625,509.495,344.83,619.97,346.375,619.505,380.17
520.0,377.5,520.0,344.5,622.0,344.5,622.0,377.5
521.635,375.025,520.825,333.655,606.865,331.975,607.675,373.345
519.46,377.335,518.155,322.66,601.54,320.665,602.845,375.34
529.125,383.615,519.66,323.435,614.235,307.385,623.7,367.565
506.965,373.11,505.15,343.845,650.035,334.89,651.85,364.155
521.25,380.25,521.25,342.75,633.75,342.75,633.75,380.25
533.5,385.0,533.5,337.0,632.5,337.0,632.5,385.0
528.75,376.5,528.75,337.5,638.25,337.5,638.25,376.5
545.75,376.5,545.75,307.5,625.25,307.5,625.25,376.5
552.565,387.27,534.55,334.215,615.295,306.81,633.31,359.865
527.865,391.68,518.895,343.215,648.135,319.32,657.105,367.785
532.45,404.05,523.24,356.815,651.19,331.45,660.4,378.685
540.725,402.2675,536.12,347.1575,642.095,334.4825,646.7,389.5925
549.0,400.5,549.0,337.5,633.0,337.5,633.0,400.5
551.6725,411.565,543.7225,343.57,641.9575,328.255,649.9075,396.25
554.35625,422.63,538.45625,349.64,650.91125,319.01,666.82625,392.0
545.535,418.22,536.385,362.72,663.465,341.78,672.615,397.28
542.865,425.345,533.46,378.995,678.135,349.655,687.54,396.005
562.435,441.86,545.785,371.645,657.565,345.14,674.215,415.355
601.51,457.515,547.495,409.515,627.49,319.485,681.505,367.485
559.89,446.14,547.32,404.95,685.11,362.86,697.68,404.05
561.455,448.3125,548.9,409.6425,680.045,366.9375,692.6,405.6075
584.425,445.365,570.4,390.45,671.575,364.635,685.6,419.55
575.28,447.04,556.305,375.43,663.72,346.96,682.695,418.57
578.12,438.845,565.655,407.75,676.88,363.155,689.345,394.25
575.415,438.76125,564.495,407.74125,681.585,368.08125,692.505,399.08625
585.255,440.6,571.995,391.625,683.745,361.4,697.005,410.375
572.5,429.5,572.5,360.5,677.5,360.5,677.5,429.5
578.485,428.775,567.175,350.415,665.515,336.225,676.825,414.585
573.18,418.545,565.95,364.08,688.32,349.455,695.55,403.92
567.875,408.3,564.725,377.745,711.125,362.7,714.275,393.255
593.0,406.0,593.0,364.0,695.0,364.0,695.0,406.0
596.0,400.75,596.0,348.25,680.0,348.25,680.0,400.75
579.17,405.185,572.0,320.9,666.83,312.815,674.0,397.1
564.75,390.0,564.75,324.0,698.25,324.0,698.25,390.0
565.75,385.25,565.75,335.75,699.25,335.75,699.25,385.25
576.8375,383.1925,575.1575,332.3725,705.0125,330.1975,706.6925,381.0175
597.75,380.25,597.75,306.75,677.25,306.75,677.25,380.25
575.02375,380.50875,574.82875,290.55375,673.69375,289.86375,673.90375,379.80375
558.0,374.5,558.0,293.5,678.0,293.5,678.0,374.5
571.1475,359.8375,567.3375,306.2875,694.8825,297.2125,698.6925,350.7625
569.3075,357.465,566.5625,292.695,705.9425,289.155,708.6875,353.925
575.15375,349.9825,573.77375,271.0975,682.47875,269.3275,683.84375,348.2125
581.0,342.5,581.0,249.5,659.0,249.5,659.0,342.5
573.92,337.0875,573.92,256.5825,674.42,256.5825,674.42,337.0875
566.83,331.6625,566.83,263.6675,689.83,263.6675,689.83,331.6625
559.75,326.25,559.75,270.75,705.25,270.75,705.25,326.25
585.75,321.0,585.75,273.0,689.25,273.0,689.25,321.0
590.5125,326.9075,579.3975,259.6025,658.5375,246.5225,669.6525,313.8275
609.405,325.995,561.51,264.06,614.595,223.005,662.49,284.94
631.27375,325.105,579.56875,310.12,601.42375,234.655,653.14375,249.64
641.94,320.12875,585.855,307.12375,606.06,219.88375,662.145,232.87375
600.07,318.59,578.995,280.19,667.93,231.41,689.005,269.81
593.8075,314.48,571.5025,274.985,661.4425,223.52,683.7475,263.015
603.555,308.0075,575.07,262.9175,619.065,235.1225,647.55,280.2125
601.305,306.4725,569.88,231.8925,614.355,213.1575,645.78,287.7375
579.41875,288.875,608.21875,222.155,644.27875,237.725,615.49375,304.445
556.8875,276.8475,610.0025,202.9425,656.7425,236.5425,603.6275,310.4475
570.73375,265.24,669.50875,255.19,672.46375,284.32,573.70375,294.37
560.6325,256.07,668.9625,252.86,669.8775,283.73,561.5475,286.94
563.52875,242.8625,671.37875,241.8425,671.76875,283.4075,563.93375,284.4275
586.58875,222.375,642.76375,225.51,639.14875,290.145,582.98875,287.01
555.26125,232.05125,651.23125,225.48125,655.08625,281.97125,559.13125,288.52625
544.75,245.0,696.25,245.0,696.25,293.0,544.75,293.0
568.7125,274.005,652.7275,247.365,662.4775,278.115,578.4625,304.755
550.5,251.25,685.5,251.25,685.5,303.75,550.5,303.75
564.0625,253.8525,669.4975,260.7825,668.0275,283.2975,562.5925,276.3675
549.39,238.385,682.77,238.385,682.77,289.955,549.39,289.955
566.355,250.78,661.215,251.38,661.005,284.98,566.145,284.38
545.6225,256.53375,682.1975,237.25875,689.6075,289.74375,553.0325,309.03375
547.475,260.72875,682.7,243.58375,689.285,295.42375,554.06,312.55375
548.31375,264.66,682.20375,249.675,687.96375,300.84,554.08875,315.825
549.16625,268.605,681.70625,255.75,686.65625,306.255,554.10125,319.11
551.84625,272.38,683.05125,261.67,687.16125,311.5,555.97125,322.21
554.52625,276.15375,684.39625,267.58875,687.68125,316.74375,557.82625,325.32375
544.65375,284.3275,684.52875,261.3325,693.24375,314.1025,553.38375,337.0975
546.2275,300.85125,671.6875,264.58125,685.3825,311.75625,559.9225,348.04125
555.23875,297.55875,680.21875,279.40875,687.05875,326.25375,562.09375,344.38875
565.04,321.5875,679.025,306.4975,684.26,346.0225,570.275,361.1125
559.095,320.97625,686.055,310.50625,690.405,358.86625,563.445,369.32125
555.94,329.7025,685.375,308.7625,694.06,358.9675,564.625,379.9075
552.77,338.415,684.68,307.02,697.73,359.085,565.82,390.48
556.58375,351.215,687.47375,319.43,700.85375,372.005,569.97875,403.79
560.39875,364.0125,690.25375,331.8375,703.99375,384.9375,574.12375,417.1125
567.91875,366.52,696.76875,333.955,710.83875,387.58,582.00375,420.145
572.1125,368.03,699.9275,335.075,714.3575,389.21,586.5425,422.165
576.3075,369.55125,703.1025,336.19125,717.8625,390.85125,591.0675,424.19625
599.0075,361.1,703.4225,361.265,703.3625,405.08,598.9475,404.915
611.75375,346.3425,682.73375,357.1725,673.70375,416.2275,602.73875,405.3975
616.78875,349.475,678.07875,349.61,677.94375,413.885,616.63875,413.75
578.08,381.58,700.78,346.675,716.92,403.42,594.22,438.325
579.21625,385.2375,700.82125,353.2575,715.61125,410.5125,594.02125,442.4925
610.05625,357.875,700.31125,364.655,695.39125,430.085,605.15125,423.305
612.5,343.5,693.5,343.5,693.5,442.5,612.5,442.5
609.82,349.295,699.325,351.38,697.18,443.705,607.675,441.62
582.75,365.5,722.25,365.5,722.25,440.5,582.75,440.5
598.47,393.59,710.67,388.49,712.53,429.41,600.33,434.51
607.30625,395.5625,660.85625,356.5625,692.82125,400.4675,639.28625,439.4675
605.245,364.505,677.095,370.82,671.755,431.495,599.905,425.18
584.455,393.83,692.605,364.355,704.545,408.17,596.395,437.645
589.5,388.5,706.5,388.5,706.5,421.5,589.5,421.5
588.45,391.77,685.44,375.15,691.05,412.23,594.06,428.85
579.75,353.5,689.25,353.5,689.25,416.5,579.75,416.5
590.25,353.75,678.75,353.75,678.75,415.25,590.25,415.25
574.0,355.0,694.0,355.0,694.0,409.0,574.0,409.0
578.0,360.75,692.0,360.75,692.0,404.25,578.0,404.25
580.25,359.0,692.75,359.0,692.75,401.0,580.25,401.0
577.25,334.25,677.75,334.25,677.75,392.75,577.25,392.75
585.5,325.5,660.5,325.5,660.5,388.5,585.5,388.5
573.75,320.5,671.25,320.5,671.25,389.5,573.75,389.5
557.47125,334.44125,675.79125,333.15125,676.27125,376.60625,557.93625,377.91125
560.0,330.25,698.0,330.25,698.0,370.75,560.0,370.75
590.24375,332.11125,665.75375,317.36625,670.86875,343.57125,595.34375,358.30125
573.38875,306.085,661.34875,306.61,661.06375,354.295,573.08875,353.77
584.58625,293.34125,636.38125,288.60125,642.21625,352.12625,590.40625,356.88125
568.75,290.5,654.25,290.5,654.25,353.5,568.75,353.5
569.5175,289.95,674.6225,298.935,669.9725,353.37,564.8675,344.385
579.75,306.75,677.25,306.75,677.25,344.25,579.75,344.25
581.75,301.25,673.25,301.25,673.25,335.75,581.75,335.75
575.39125,292.6825,670.31125,296.8075,668.85625,330.1675,573.95125,326.0425
566.415,283.1475,667.56,297.5625,662.925,330.0825,561.78,315.6675
577.28,280.29375,644.375,287.22375,640.22,327.31875,573.125,320.37375
557.75,282.0,667.25,282.0,667.25,330.0,557.75,330.0
557.25,295.75,681.75,295.75,681.75,327.25,557.25,327.25
569.25,291.25,675.75,291.25,675.75,331.75,569.25,331.75
575.75,293.5,679.25,293.5,679.25,332.5,575.75,332.5
575.25,292.0,675.75,292.0,675.75,328.0,575.25,328.0
560.67375,293.07375,649.39875,270.57375,662.59875,322.56375,573.85875,345.07875
561.245,300.65,657.23,277.415,669.755,325.85,573.77,349.085
560.825,309.935,670.835,294.62,676.175,333.065,566.165,348.38
571.5,305.75,652.5,305.75,652.5,343.25,571.5,343.25
572.775,305.195,674.25,309.68,672.225,355.805,570.75,351.32
564.53375,311.905,651.42875,311.245,651.63875,337.255,564.72875,337.915
570.25,306.25,640.75,306.25,640.75,346.75,570.25,346.75
574.75,309.25,648.25,309.25,648.25,349.75,574.75,349.75
545.89,326.085,667.03,306.075,674.11,348.915,552.97,368.925
561.45,335.365,679.665,313.48,686.55,350.635,568.335,372.52
570.56,327.295,663.065,310.54,672.44,363.205,579.935,379.96
581.07,310.4875,635.49,307.9525,638.31,368.4025,583.89,370.9375
572.36,330.7125,649.505,308.3475,663.62,357.0375,586.475,379.4025
548.78,364.455,679.79,311.1,694.22,346.545,563.21,399.9
566.3675,374.415,661.4225,317.415,685.1225,356.925,590.0675,413.925
573.565,360.7625,660.52,324.9875,678.835,378.0875,591.88,413.8625
576.72,334.94,657.045,325.43,665.28,395.06,584.955,404.57
574.305,338.6,670.125,337.7,670.695,397.4,574.875,398.3
568.535,374.285,685.13,340.16,698.465,385.715,581.87,419.84
572.935,379.855,690.04,355.765,698.065,394.945,580.96,419.035
587.03875,377.61,691.97875,359.565,698.87875,399.69,593.95375,417.735
598.6875,377.2925,688.1325,355.6775,698.6025,398.9975,609.1575,420.6125
575.74,375.585,701.74,364.98,704.26,416.415,578.26,427.02
565.73,400.67,708.23,379.46,713.27,413.33,570.77,434.54
576.625,404.915,680.59,373.085,694.375,418.085,590.41,449.915
599.665,360.71625,673.15,360.11625,673.735,433.16625,600.25,433.75125
589.98,380.775,698.055,367.98,706.02,435.225,597.945,448.02
587.69,407.775,699.635,385.95,706.31,420.225,594.365,442.05
578.32875,396.555,712.66875,377.52,718.80375,423.945,584.44875,442.98
594.35625,386.965,692.02125,373.285,698.12625,416.815,600.44625,430.495
593.25,392.88875,686.16,371.09375,694.47,406.50875,601.56,428.31875
580.535,404.8,708.095,363.28,719.465,398.2,591.905,439.72
603.775,383.9525,687.79,371.7575,693.565,418.2575,609.55,430.4525
603.905,376.625,690.38,357.575,701.315,411.515,614.84,430.565
603.86125,374.88375,681.20125,360.06375,689.18125,401.68875,611.82625,416.49375
595.365,359.5325,675.54,348.4475,683.835,408.4775,603.66,419.5625
595.875,373.6475,680.265,350.7875,692.505,395.9825,608.115,418.8425
604.105,361.68625,701.47,382.01125,695.755,409.41625,598.39,389.07625
604.78,362.0075,698.38,357.3875,701.08,407.9825,607.48,412.6025
599.0375,352.975,681.4325,336.895,690.5525,383.665,608.1575,399.745
604.1725,340.6975,656.0575,337.2325,659.4775,388.4725,607.5925,391.9375
595.7675,340.885,667.4375,342.97,666.0425,391.255,594.3725,389.17
582.5,337.75,693.5,337.75,693.5,381.25,582.5,381.25
600.15125,338.22,679.42625,338.13,679.45625,373.62,600.19625,373.71
605.235,337.355,683.46,338.54,683.025,366.785,604.8,365.6
589.5,305.0,664.5,305.0,664.5,365.0,589.5,365.0
641.6325,291.28,667.5375,313.915,622.4775,365.5,596.5725,342.865
668.6175,290.225,684.5475,316.985,609.2925,361.775,593.3625,335.015
678.69375,290.50625,691.92375,335.98625,599.76375,360.97625,586.54875,315.48125
671.73,288.3625,688.245,335.6725,594.15,366.7075,577.635,319.3975
663.97375,275.855,680.35375,300.71,618.58375,341.405,602.21875,316.55
632.58,269.86,668.43,295.195,630.9,348.28,595.05,322.945
625.91375,258.81875,661.13375,268.10375,643.41875,335.37875,608.18375,326.10875
631.585,250.415,681.805,280.76,642.415,346.085,592.195,315.74
684.35,262.1,698.735,299.195,588.65,341.9,574.265,304.805
689.25,287.25,689.25,327.75,603.75,327.75,603.75,287.25
670.95,264.925,686.715,296.485,612.75,332.575,596.985,301.015
670.195,259.795,684.79,300.895,599.605,330.205,585.01,289.105
646.0925,254.355,664.0475,306.84,615.5375,323.445,597.5825,270.96
647.655,256.9125,660.285,303.8475,603.345,319.1775,590.715,272.2425
685.725,255.535,698.73,292.165,571.275,337.465,558.27,300.835
680.52875,258.595,695.01875,290.53,584.64875,340.765,570.17375,308.83
661.25,276.5,661.25,327.5,593.75,327.5,593.75,276.5
674.0075,275.78625,680.2025,298.88625,594.8825,321.77625,588.6875,298.66125
674.25,279.75,674.25,317.25,576.75,317.25,576.75,279.75
673.69,260.57,682.855,320.39,591.31,334.43,582.145,274.61
700.69,275.425,709.45,310.18,561.31,347.575,552.55,312.82
662.29625,288.9,674.67125,327.45,590.25125,354.54,577.89125,315.99
660.37625,302.34625,665.25125,347.24125,601.30625,354.21625,596.41625,309.30625
670.25,310.0,670.25,346.0,584.75,346.0,584.75,310.0
669.21,298.805,671.13,348.455,577.71,352.055,575.79,302.405
682.9,308.615,689.125,347.285,564.1,367.385,557.875,328.715
687.70875,318.30875,693.33375,358.43375,567.96375,376.28375,562.32375,336.14375
679.665,325.98,687.825,372.825,583.335,391.02,575.175,344.175
677.57,350.0175,675.155,382.6725,587.75,376.1925,590.165,343.5375
655.555,354.5575,654.4,390.1825,594.445,388.2325,595.6,352.6075
672.9025,354.725,669.2725,399.935,572.1475,391.775,575.7775,346.565
678.335,361.48,674.99,410.275,571.565,402.52,574.91,353.725
672.0,379.0,672.0,409.0,570.0,409.0,570.0,379.0
665.25,371.5,665.25,416.5,591.75,416.5,591.75,371.5
661.75,363.5,661.75,420.5,591.25,420.5,591.25,363.5
687.0,380.75,687.0,424.25,573.0,424.25,573.0,380.75
686.75,396.25,686.75,424.75,586.25,424.75,586.25,396.25
680.525,388.165,683.63,432.91,598.475,438.835,595.37,394.09
668.25,382.0,668.25,442.0,594.75,442.0,594.75,382.0
710.0,396.25,710.0,430.75,572.0,430.75,572.0,396.25
689.25,401.25,689.25,441.75,603.75,441.75,603.75,401.25
687.25,395.25,687.25,435.75,601.75,435.75,601.75,395.25
670.9725,368.27125,672.9825,436.64125,617.1375,438.27625,615.1275,369.92125
690.75,370.75,690.75,438.25,602.25,438.25,602.25,370.75
727.75,407.5,727.75,446.5,591.25,446.5,591.25,407.5
696.58,413.96625,694.24,450.44625,625.12,446.03625,627.46,409.54125
680.0,378.7825,705.38,420.9475,645.38,457.0675,620.0,414.9025
647.97375,375.6375,694.12875,386.4375,678.66375,452.4525,632.52375,441.6525
626.25,381.25,720.75,381.25,720.75,439.75,626.25,439.75
606.42,409.57,743.445,394.495,749.58,450.43,612.555,465.505
644.07,405.825,716.985,401.04,720.93,461.175,648.015,465.96
632.9225,392.855,727.3325,393.29,727.1075,441.125,632.6975,440.69
640.0,382.75,712.0,382.75,712.0,438.25,640.0,438.25
619.32,384.41,723.135,367.565,733.68,432.59,629.865,449.435
604.09,440.785,749.905,376.75,765.91,413.215,620.095,477.25
638.65,407.79,738.175,397.44,743.35,447.21,643.825,457.56
629.3,401.8,728.48,389.155,734.78,438.7,635.6,451.345
616.485,408.11375,717.84,370.77875,731.655,408.27875,630.3,445.59875
619.67,388.185,705.485,364.305,722.33,424.815,636.515,448.695
593.975,423.79,724.805,357.415,748.025,403.21,617.195,469.585
598.55875,435.1475,715.12375,367.3925,739.57375,409.6025,622.99375,477.3575
612.5725,418.65625,686.6275,380.04625,706.4575,418.07125,632.4025,456.69625
585.46625,400.115,699.12125,378.8,706.33625,417.245,592.66625,438.56
598.73375,388.255,665.76875,350.425,697.59875,406.825,630.54875,444.655
551.12,414.36,672.77,355.74,694.88,401.64,573.23,460.26
529.04,431.345,675.815,365.435,692.96,403.655,546.185,469.565
544.96875,415.56,642.19875,377.94,659.74875,423.3,562.53375,460.92
534.59,405.8875,615.44,368.1025,635.15,410.2825,554.3,448.0675
528.58125,363.62125,625.57125,365.48125,624.38625,427.14625,527.41125,425.30125
483.3775,382.76875,581.1925,333.38875,618.3925,407.08375,520.5775,456.44875
452.345,415.84,592.34,330.4,619.655,375.16,479.66,460.6
449.705,407.525,560.615,368.465,576.095,408.875,465.185,447.935
430.45375,415.865,533.65375,362.945,552.16375,399.035,448.97875,451.955
426.5,379.6425,510.77,354.6075,526.1,406.2075,441.83,431.2425
402.405,328.5875,473.385,319.4525,486.495,421.4225,415.515,430.5575
418.15625,317.48,491.88125,355.685,452.43125,431.78,378.72125,393.575
341.5,358.75,458.5,358.75,458.5,408.25,341.5,408.25
328.5,371.75,427.5,371.75,427.5,415.25,328.5,415.25
295.67,377.28,394.205,343.05,410.57,399.24,312.035,433.47
285.03,292.465,368.805,307.21,350.97,408.535,267.195,393.79
250.485,291.295,347.325,300.505,337.515,403.705,240.675,394.495
234.63,308.6375,307.395,315.4175,299.85,396.3725,227.085,389.5925
194.935,332.73,284.935,329.73,287.065,393.27,197.065,396.27
172.19375,360.72,252.39875,347.685,256.17875,370.86,175.95875,383.895
117.61,320.93,221.215,344.075,211.39,388.07,107.785,364.925
101.345,318.0525,189.23,338.3175,181.175,373.2375,93.29,352.9725
74.325375,294.4175,158.548875,300.9275,153.073875,371.5925,68.860875,365.0825
78.3155,258.7425,136.379,280.6875,99.2315,379.0275,41.162,357.0825
