0.20625,-2.77556e-17,-0.240625,0.0,0.2,-0.6625,0.0,0.0,1.0
0.196793,-0.0117539,-0.338195,0.0208203,0.197373,-0.592332,0.0,0.0,1.0
0.182648,-0.0504609,-0.456062,0.0972781,0.168434,-0.481227,0.0,0.0,1.0
0.166103,-0.0788215,-0.538845,0.178433,0.130464,-0.426726,0.0,0.0,1.0
0.120404,-0.0990059,-0.61052,0.219566,0.0965031,-0.418002,0.0,0.0,1.0
0.094357,-0.0991383,-0.66628,0.245584,0.0677094,-0.383744,0.0,0.0,1.0
0.050223,-0.0989449,-0.688854,0.247313,0.0357188,-0.322146,0.0,0.0,1.0
0.0679898,-0.0974203,-0.678994,0.237891,0.0494844,-0.27101,0.0,0.0,1.0
0.142743,-0.088391,-0.642927,0.173125,0.129562,-0.227333,0.0,0.0,1.0
0.197484,-0.008625,-0.522812,0.0155,0.195219,-0.220313,0.0,0.0,1.0
0.171352,0.0706406,-0.432578,-0.112187,0.191813,-0.280333,0.0,0.0,1.0
0.0569766,0.157547,-0.331891,-0.219328,0.0727656,-0.330698,0.0,0.0,1.0
-0.0255469,0.165281,-0.205125,-0.245422,-0.0305781,-0.319448,0.0,0.0,1.0
0.00028125,0.159211,-0.118609,-0.259406,0.0003125,-0.302021,0.0,0.0,1.0
0.0962578,0.140086,-0.0408125,-0.233156,0.102812,-0.287104,0.0,0.0,1.0
-0.0406406,0.204,0.0470937,-0.209234,-0.0704531,-0.299323,0.0,0.0,1.0
0.0585938,0.197555,0.0985781,-0.203,0.101344,-0.281729,0.0,0.0,1.0
0.135668,0.125379,0.0793516,-0.135969,0.222375,-0.274479,0.0,0.0,1.0
0.165094,0.028125,0.0944062,-0.0301875,0.2735,-0.267542,0.0,0.0,1.0
0.163488,-0.0557695,0.172867,0.0619688,0.261531,-0.243458,0.0,0.0,1.0
0.1215,-0.127359,0.260781,0.129391,0.212578,-0.210844,0.0,0.0,1.0
0.0672188,-0.174211,0.302734,0.161938,0.128531,-0.179688,0.0,0.0,1.0
0.043125,-0.17325,0.317937,0.156781,0.0847187,-0.1325,0.0,0.0,1.0
0.0406523,-0.164496,0.315492,0.151937,0.07825,-0.10325,0.0,0.0,1.0
0.0691875,-0.142664,0.320891,0.124187,0.141312,-0.130917,0.0,0.0,1.0
0.106793,-0.0997617,0.286898,0.0963437,0.196562,-0.185604,0.0,0.0,1.0
0.139148,-0.0299063,0.216984,0.0318906,0.232078,-0.253094,0.0,0.0,1.0
0.137402,0.0358477,0.128727,-0.0395781,0.221328,-0.306719,0.0,0.0,1.0
0.115535,0.0901289,0.0246484,-0.100906,0.183469,-0.331708,0.0,0.0,1.0
0.0838711,0.116191,-0.0264609,-0.124688,0.138938,-0.311875,0.0,0.0,1.0
0.0441094,0.144187,-0.0461875,-0.151969,0.0744063,-0.286167,0.0,0.0,1.0
0.0156328,0.148148,-0.0618437,-0.156906,0.02625,-0.254104,0.0,0.0,1.0
-0.0200508,0.140918,-0.119086,-0.151531,-0.0331875,-0.259479,0.0,0.0,1.0
-0.055125,0.117211,-0.178766,-0.1315,-0.0873438,-0.260646,0.0,0.0,1.0
-0.0730547,0.095625,-0.222109,-0.107828,-0.115141,-0.273615,0.0,0.0,1.0
-0.0935156,0.06,-0.272,-0.0691719,-0.144203,-0.290823,0.0,0.0,1.0
-0.102703,0.0293203,-0.322828,-0.0331875,-0.16125,-0.297083,0.0,0.0,1.0
-0.104906,-0.00604687,-0.35375,0.00654687,-0.172391,-0.306781,0.0,0.0,1.0
-0.0971367,-0.046043,-0.360055,0.0525625,-0.15125,-0.313833,0.0,0.0,1.0
-0.0791016,-0.0768516,-0.345844,0.0786562,-0.137375,-0.340354,0.0,0.0,1.0
-0.055957,-0.0973945,-0.326539,0.0987969,-0.0980781,-0.386552,0.0,0.0,1.0
-0.020625,-0.116578,-0.316719,0.119687,-0.0357188,-0.369229,0.0,0.0,1.0
0.0101133,-0.118465,-0.298477,0.123156,0.0173125,-0.327188,0.0,0.0,1.0
0.0418242,-0.109324,-0.265617,0.106312,0.0764688,-0.305479,0.0,0.0,1.0
0.0379688,-0.104414,-0.211047,0.107516,0.0655156,-0.323865,0.0,0.0,1.0
0.0165703,-0.113906,-0.158734,0.109094,0.03075,-0.320021,0.0,0.0,1.0
0.0791719,-0.0593906,-0.116656,0.104672,0.0798594,-0.309365,0.0,0.0,1.0
0.00271875,-0.0924609,-0.0369531,0.151766,0.00292188,-0.294406,0.0,0.0,1.0
-0.0360937,-0.0839062,0.0123438,0.142531,-0.0377812,-0.284,0.0,0.0,1.0
-0.0842344,-0.0603281,0.0505,0.105312,-0.0857812,-0.275771,0.0,0.0,1.0
-0.0955312,-0.0505312,0.0559063,0.0829687,-0.103406,-0.289792,0.0,0.0,1.0
-0.0793477,-0.0566133,0.0503828,0.0957969,-0.0833594,-0.285219,0.0,0.0,1.0
-0.085207,-0.0485977,0.0833516,0.102234,-0.0719844,-0.317719,0.0,0.0,1.0
-0.0444609,-0.0365391,0.107281,0.133375,-0.0216563,-0.298937,0.0,0.0,1.0
-0.0206953,-0.0202266,0.0954375,0.133297,-0.00557812,-0.24451,0.0,0.0,1.0
-0.0273281,-0.0201094,0.109875,0.127531,-0.00765625,-0.234625,0.0,0.0,1.0
-0.0334922,-0.023625,0.134234,0.133766,-0.0105156,-0.240198,0.0,0.0,1.0
-0.0442852,-0.0392461,0.129805,0.133125,-0.0232187,-0.233396,0.0,0.0,1.0
-0.0473203,-0.0510703,0.120187,0.132625,-0.032375,-0.233042,0.0,0.0,1.0
-0.0705703,-0.0502031,0.110766,0.118734,-0.0530469,-0.24799,0.0,0.0,1.0
-0.065625,-0.0566484,0.108891,0.117031,-0.0564375,-0.264688,0.0,0.0,1.0
-0.0608672,-0.0529219,0.111484,0.121828,-0.0469844,-0.266844,0.0,0.0,1.0
-0.0412148,-0.0440508,0.0978984,0.137391,-0.0234844,-0.264865,0.0,0.0,1.0
-0.0334687,-0.0602344,0.0939375,0.143797,-0.0249219,-0.24224,0.0,0.0,1.0
-0.0249961,-0.128777,0.0738828,0.141859,-0.0403281,-0.240344,0.0,0.0,1.0
-0.0159258,-0.149824,0.0784453,0.145141,-0.0292344,-0.223469,0.0,0.0,1.0
-0.0135938,-0.153164,0.0776719,0.145,-0.0255312,-0.213896,0.0,0.0,1.0
-0.014625,-0.152484,0.0785625,0.143063,-0.0277188,-0.212604,0.0,0.0,1.0
-0.0303047,-0.0866016,0.0940313,0.141578,-0.0329531,-0.209073,0.0,0.0,1.0
-0.0547969,-0.0324844,0.0910937,0.146125,-0.0216563,-0.194229,0.0,0.0,1.0
-0.0541172,-0.0238125,0.0890781,0.143375,-0.0159687,-0.170687,0.0,0.0,1.0
-0.0535781,-0.0430781,0.0749375,0.139453,-0.0294219,-0.190073,0.0,0.0,1.0
-0.0171563,-0.105234,0.0669375,0.154375,-0.0207813,-0.208146,0.0,0.0,1.0
-0.00896484,-0.157113,0.0666016,0.143531,-0.0174375,-0.224021,0.0,0.0,1.0
-1.17188e-05,-0.153855,0.0662266,0.13675,-3.125e-05,-0.219729,0.0,0.0,1.0
-0.0111562,-0.122039,0.0656094,0.144688,-0.0167188,-0.219688,0.0,0.0,1.0
-0.0398437,-0.0346875,0.093625,0.139437,-0.017625,-0.199583,0.0,0.0,1.0
-0.0462422,-0.0168281,0.0938906,0.130156,-0.010625,-0.184437,0.0,0.0,1.0
-0.0386367,-0.040582,0.0586328,0.145969,-0.0190938,-0.180875,0.0,0.0,1.0
-0.0313125,-0.0468281,0.01875,0.156578,-0.0166406,-0.160969,0.0,0.0,1.0
-0.0199453,-0.0514453,-0.023125,0.158016,-0.0115469,-0.172115,0.0,0.0,1.0
-0.00960938,-0.0725391,-0.0819219,0.153875,-0.0080625,-0.168292,0.0,0.0,1.0
-0.0158789,-0.0749883,-0.150633,0.149594,-0.0141563,-0.173917,0.0,0.0,1.0
-0.0317344,-0.0760078,-0.195328,0.160187,-0.02675,-0.180333,0.0,0.0,1.0
-0.0279609,-0.0765,-0.206297,0.146219,-0.026,-0.201979,0.0,0.0,1.0
-0.0552187,-0.0677812,-0.193656,0.146906,-0.0453125,-0.206313,0.0,0.0,1.0
-0.00714844,-0.077625,-0.160641,0.152719,-0.00646875,-0.227042,0.0,0.0,1.0
-0.0817031,-0.0541172,-0.113703,0.100547,-0.0781719,-0.259385,0.0,0.0,1.0
-0.0316992,-0.104684,-0.0629141,0.103734,-0.0568594,-0.25849,0.0,0.0,1.0
-0.0101719,-0.0948047,-0.00129687,0.142453,-0.0120469,-0.220406,0.0,0.0,1.0
-0.0534727,-0.0755508,0.0555234,0.115687,-0.0620937,-0.203979,0.0,0.0,1.0
-0.0336563,-0.0846797,0.0816406,0.142063,-0.0356563,-0.194354,0.0,0.0,1.0
-0.0755039,-0.0520898,0.123352,0.0587969,-0.118891,-0.223615,0.0,0.0,1.0
-0.10991,0.0110039,0.147961,-0.0183125,-0.117312,-0.255292,0.0,0.0,1.0
-0.101332,-0.033668,0.159055,0.0621562,-0.0975937,-0.256708,0.0,0.0,1.0
-0.0667383,-0.0644648,0.165477,0.129344,-0.059125,-0.240271,0.0,0.0,1.0
0.0,-0.0539063,0.214062,0.159375,1.38778e-17,-0.19375,0.0,0.0,1.0
0.0372187,-0.0328125,0.258969,0.115781,0.01875,-0.176271,0.0,0.0,1.0
0.0180937,-0.0236016,0.313547,0.156844,0.00484375,-0.153417,0.0,0.0,1.0
-0.00365625,-0.0273984,0.337141,0.131531,-0.00134375,-0.166542,0.0,0.0,1.0
0.0216563,-0.0973359,0.294266,0.178078,0.0210469,-0.127365,0.0,0.0,1.0
0.00389062,-0.111398,0.240266,0.181359,0.00423437,-0.135406,0.0,0.0,1.0
-0.0140859,-0.100336,0.191,0.188625,-0.0133125,-0.133042,0.0,0.0,1.0
-0.0216797,-0.0642891,0.1395,0.192563,-0.012875,-0.102958,0.0,0.0,1.0
-0.0215391,-0.0573984,-0.0576875,0.172281,-0.01275,-0.115604,0.0,0.0,1.0
-0.00639844,-0.0560391,-0.137781,0.196375,-0.00325,-0.0935,0.0,0.0,1.0
-0.00358594,-0.0498047,-0.208531,0.177406,-0.0018125,-0.106271,0.0,0.0,1.0
-0.00982031,-0.0606328,-0.272,0.183219,-0.00578125,-0.118625,0.0,0.0,1.0
-0.0106875,-0.0811172,-0.348422,0.182141,-0.00845313,-0.110469,0.0,0.0,1.0
0.000175781,-0.0929883,-0.411539,0.186781,0.000125,-0.0685208,0.0,0.0,1.0
-4.6875e-05,-0.102961,-0.412328,0.190437,-3.125e-05,-0.0361875,0.0,0.0,1.0
0.00151172,-0.11359,-0.406133,0.198281,0.0015625,-0.0185625,0.0,0.0,1.0
0.0,-0.124219,-0.370313,0.203125,0.0,0.00208333,0.0,0.0,1.0
-0.00644531,-0.126586,-0.310094,0.219156,-0.006625,0.0152292,0.0,0.0,1.0
0.0133711,-0.132645,-0.225117,0.225969,0.0139687,0.0383333,0.0,0.0,1.0
-0.00430078,-0.107098,-0.16518,0.229312,-0.0035625,0.061625,0.0,0.0,1.0
-1.73472e-18,-0.0914062,-0.0734375,0.240625,0.0,0.0645833,0.0,0.0,1.0
0.0173086,-0.137988,0.0271641,0.219125,0.019375,0.0555,0.0,0.0,1.0
0.00571875,-0.135281,0.08825,0.186984,0.00735937,0.0171771,0.0,0.0,1.0
0.00452344,-0.144141,0.0829219,0.193156,0.006,0.0251875,0.0,0.0,1.0
0.0240938,-0.0783984,0.0751719,0.275187,0.0121875,0.0430417,0.0,0.0,1.0
0.0206367,-0.0648633,0.0944141,0.266484,0.00892187,0.0446979,0.0,0.0,1.0
-0.0461719,-0.0229453,0.114797,0.261187,-0.00721875,0.0470208,0.0,0.0,1.0
-0.0875859,-0.0360703,0.134219,0.238781,-0.0235313,-0.025125,0.0,0.0,1.0
-0.0885703,-0.0702422,0.134594,0.222766,-0.0496406,-0.0705729,0.0,0.0,1.0
-0.0441562,-0.151711,0.0918906,0.238234,-0.0499844,-0.0655104,0.0,0.0,1.0
-0.0155391,-0.222469,0.0700781,0.238406,-0.0257812,-0.0570417,0.0,0.0,1.0
0.00105469,-0.239063,0.0592344,0.232734,0.00192188,-0.0198437,0.0,0.0,1.0
0.000421875,-0.239109,0.0471562,0.227422,0.000765625,-0.0134896,0.0,0.0,1.0
0.0,-0.227344,0.0296875,0.253125,0.0,0.00208333,0.0,0.0,1.0
-1.38778e-17,-0.135937,0.05625,0.26875,0.0,0.00416667,0.0,0.0,1.0
-0.038625,-0.0366328,0.0552656,0.242766,-0.0103594,-0.0209271,0.0,0.0,1.0
-0.0481406,-0.0464766,0.0453906,0.254375,-0.015625,-0.000625,0.0,0.0,1.0
-0.0409687,-0.0706172,0.0394531,0.265687,-0.019375,0.00220833,0.0,0.0,1.0
-0.0286641,-0.105117,0.04,0.242969,-0.0220625,-0.0351458,0.0,0.0,1.0
-0.0181992,-0.167191,0.0454766,0.239453,-0.0225781,-0.0651354,0.0,0.0,1.0
0.000351563,-0.166336,0.0609375,0.260062,0.00040625,-0.0376458,0.0,0.0,1.0
-0.00755859,-0.169137,0.0613203,0.251844,-0.009,-0.0545625,0.0,0.0,1.0
-0.0113438,-0.180422,0.058875,0.232719,-0.015625,-0.0716875,0.0,0.0,1.0
-0.0122227,-0.174012,0.0416328,0.235406,-0.0160625,-0.0686458,0.0,0.0,1.0
-0.011168,-0.15102,0.0298828,0.238125,-0.0125937,-0.0855208,0.0,0.0,1.0
-0.00799219,-0.159328,-0.00760937,0.213219,-0.010625,-0.136354,0.0,0.0,1.0
-0.010582,-0.14659,-0.0348828,0.206453,-0.0133594,-0.164635,0.0,0.0,1.0
-0.0101602,-0.125074,-0.0552266,0.20325,-0.011125,-0.178792,0.0,0.0,1.0
-0.0183984,-0.103242,-0.0663125,0.202438,-0.0166875,-0.203333,0.0,0.0,1.0
-0.0211406,-0.0618047,-0.0237969,0.183172,-0.0126719,-0.213531,0.0,0.0,1.0
-0.0472148,-0.0278086,-0.00633594,0.180375,-0.0129375,-0.215375,0.0,0.0,1.0
-0.0412031,-0.0555938,-0.0335,0.182328,-0.0223281,-0.236302,0.0,0.0,1.0
3.46945e-18,-0.0726563,-0.0296875,0.178125,0.0,-0.239583,0.0,0.0,1.0
0.00969141,-0.079582,-0.0254297,0.168,0.00815625,-0.219979,0.0,0.0,1.0
0.00885937,-0.082125,-0.0421875,0.167625,0.00771875,-0.215354,0.0,0.0,1.0
0.0315586,-0.0845977,-0.0703516,0.144719,0.0327813,-0.21225,0.0,0.0,1.0
0.0343242,-0.0830977,-0.0900859,0.14375,0.03525,-0.220625,0.0,0.0,1.0
0.0331875,-0.0818672,-0.0819844,0.145531,0.0331875,-0.236979,0.0,0.0,1.0
0.0364688,-0.0548203,-0.0651406,0.144734,0.0245469,-0.26101,0.0,0.0,1.0
0.0564375,-0.0277031,-0.053125,0.126094,0.0220312,-0.2625,0.0,0.0,1.0
0.00761719,-0.0881719,0.100016,0.1575,0.00759375,-0.308937,0.0,0.0,1.0
-0.054082,-0.0845273,0.145367,0.135969,-0.0597812,-0.299167,0.0,0.0,1.0
-0.00065625,-0.131953,0.262281,0.127344,-0.0011875,-0.236646,0.0,0.0,1.0
-0.0427734,-0.103641,0.278703,0.175437,-0.0449063,-0.286229,0.0,0.0,1.0
-0.0728906,-0.100664,0.272328,0.107594,-0.12125,-0.294396,0.0,0.0,1.0
-0.0043125,-0.138445,0.280516,0.155453,-0.00682813,-0.250885,0.0,0.0,1.0
0.0278672,-0.140766,0.290641,0.142297,0.0490156,-0.197927,0.0,0.0,1.0
0.0183281,-0.148992,0.273703,0.141563,0.0343125,-0.115667,0.0,0.0,1.0
0.00246094,-0.15375,0.253609,0.14775,0.00459375,-0.138938,0.0,0.0,1.0
-0.00584766,-0.159809,0.26318,0.160187,-0.010375,-0.156875,0.0,0.0,1.0
-0.0355312,-0.149484,0.240219,0.152812,-0.0617812,-0.176313,0.0,0.0,1.0
-0.0489141,-0.142945,0.222375,0.148469,-0.08375,-0.179896,0.0,0.0,1.0
-0.0611133,-0.14441,0.234727,0.149828,-0.104734,-0.17799,0.0,0.0,1.0
-0.0710625,-0.14243,0.261953,0.150672,-0.119422,-0.173802,0.0,0.0,1.0
-0.0899766,-0.125602,0.263375,0.135469,-0.148312,-0.188771,0.0,0.0,1.0
-0.12518,-0.0812813,0.222984,0.0855938,-0.211344,-0.2145,0.0,0.0,1.0
-0.146988,-0.0129727,0.227414,0.0141563,-0.239312,-0.226604,0.0,0.0,1.0
-0.131684,0.103418,0.318195,-0.109187,-0.221719,-0.157396,0.0,0.0,1.0
-0.11393,0.130477,0.393313,-0.126062,-0.209625,-0.119333,0.0,0.0,1.0
