0.06875,-5.55112e-17,-0.620313,0.0,0.0666667,-0.83125,0.0,0.0,1.0
0.0655977,-0.00391797,-0.669098,0.0069401,0.0657911,-0.796166,0.0,0.0,1.0
0.0608828,-0.0168203,-0.728031,0.032426,0.0561448,-0.740614,0.0,0.0,1.0
0.0553676,-0.0262738,-0.769422,0.0594776,0.043488,-0.713363,0.0,0.0,1.0
0.033002,0.0401348,-0.80526,-0.0321677,0.0731885,-0.709001,0.0,0.0,1.0
0.0330461,0.0314523,-0.83314,-0.0225698,0.0818615,-0.691872,0.0,0.0,1.0
0.0329816,0.016741,-0.844427,-0.0119063,0.0824375,-0.661073,0.0,0.0,1.0
0.0324734,0.0226633,-0.839497,-0.0164948,0.0792969,-0.635505,0.0,0.0,1.0
0.0294637,0.0475809,-0.821464,-0.0431875,0.0577083,-0.613667,0.0,0.0,1.0
0.0658281,-0.002875,-0.761406,0.00516667,0.0650729,-0.610156,0.0,0.0,1.0
0.0571172,0.0235469,-0.716289,-0.0373958,0.0639375,-0.640167,0.0,0.0,1.0
0.0525156,-0.0189922,-0.665945,0.0242552,0.0731094,-0.665349,0.0,0.0,1.0
0.0550938,0.00851563,-0.602562,-0.0101927,0.0818073,-0.659724,0.0,0.0,1.0
0.0530703,-9.375e-05,-0.559305,0.000104167,0.0864687,-0.65101,0.0,0.0,1.0
0.0466953,-0.0320859,-0.520406,0.0342708,0.0777187,-0.643552,0.0,0.0,1.0
0.068,0.0135469,-0.476453,-0.0234844,0.0697448,-0.649661,0.0,0.0,1.0
0.0658516,-0.0195312,-0.450711,0.0337812,0.0676667,-0.640865,0.0,0.0,1.0
0.0452227,0.041793,-0.460324,-0.0453229,0.074125,-0.63724,0.0,0.0,1.0
0.0550313,0.009375,-0.452797,-0.0100625,0.0911667,-0.633771,0.0,0.0,1.0
0.0544961,-0.0185898,-0.413566,0.0206563,0.0871771,-0.621729,0.0,0.0,1.0
0.0405,-0.0424531,-0.369609,0.0431302,0.0708594,-0.605422,0.0,0.0,1.0
0.0580703,0.0224063,-0.348633,-0.0428438,0.0539792,-0.589844,0.0,0.0,1.0
0.05775,0.014375,-0.341031,-0.0282396,0.0522604,-0.56625,0.0,0.0,1.0
0.054832,0.0135508,-0.342254,-0.0260833,0.0506458,-0.551625,0.0,0.0,1.0
0.0230625,-0.0475547,-0.339555,0.0413958,0.0471042,-0.565458,0.0,0.0,1.0
0.0355977,-0.0332539,-0.356551,0.0321146,0.0655208,-0.592802,0.0,0.0,1.0
0.0463828,-0.00996875,-0.391508,0.0106302,0.0773594,-0.626547,0.0,0.0,1.0
0.0458008,0.0119492,-0.435637,-0.0131927,0.073776,-0.653359,0.0,0.0,1.0
0.0385117,0.030043,-0.487676,-0.0336354,0.0611563,-0.665854,0.0,0.0,1.0
0.027957,0.0387305,-0.51323,-0.0415625,0.0463125,-0.655937,0.0,0.0,1.0
0.0480625,-0.0147031,-0.523094,0.0248021,0.0506563,-0.643083,0.0,0.0,1.0
0.0493828,-0.00521094,-0.530922,0.00875,0.0523021,-0.627052,0.0,0.0,1.0
0.0469727,0.00668359,-0.559543,-0.0110625,0.0505104,-0.62974,0.0,0.0,1.0
0.0390703,0.018375,-0.589383,-0.0291146,0.0438333,-0.630323,0.0,0.0,1.0
0.0243516,-0.031875,-0.611055,0.0359427,0.0383802,-0.636807,0.0,0.0,1.0
0.0311719,-0.02,-0.636,0.0230573,0.0480677,-0.645411,0.0,0.0,1.0
0.0342344,-0.00977344,-0.661414,0.0110625,0.05375,-0.648542,0.0,0.0,1.0
0.0349687,0.00201562,-0.676875,-0.00218229,0.0574635,-0.653391,0.0,0.0,1.0
0.0323789,0.0153477,-0.680027,-0.0175208,0.0504167,-0.656917,0.0,0.0,1.0
0.0263672,0.0256172,-0.672922,-0.0262187,0.0457917,-0.670177,0.0,0.0,1.0
0.0324648,-0.0186523,-0.66327,0.0326927,0.0329323,-0.693276,0.0,0.0,1.0
0.0388594,-0.006875,-0.658359,0.0119063,0.0398958,-0.684615,0.0,0.0,1.0
0.0394883,0.00337109,-0.649238,-0.00577083,0.0410521,-0.663594,0.0,0.0,1.0
0.0364414,0.0139414,-0.632809,-0.0254896,0.0354375,-0.65274,0.0,0.0,1.0
0.0348047,0.0126563,-0.605523,-0.0218385,0.0358385,-0.661932,0.0,0.0,1.0
0.0379688,0.00552344,-0.579367,-0.01025,0.0363646,-0.66001,0.0,0.0,1.0
0.0197969,0.0263906,-0.558328,-0.0266198,0.0348906,-0.654682,0.0,0.0,1.0
0.0308203,0.00090625,-0.518477,-0.000973958,0.0505885,-0.647203,0.0,0.0,1.0
0.0279687,-0.0120312,-0.493828,0.0125937,0.0475104,-0.642,0.0,0.0,1.0
0.0201094,-0.0280781,-0.47475,0.0285938,0.0351042,-0.637885,0.0,0.0,1.0
0.0168437,-0.0318438,-0.472047,0.0344688,0.0276562,-0.644896,0.0,0.0,1.0
0.0188711,-0.0264492,-0.474809,0.0277865,0.0319323,-0.642609,0.0,0.0,1.0
0.0161992,-0.0284023,-0.458324,0.0239948,0.0340781,-0.658859,0.0,0.0,1.0
0.0121797,-0.0148203,-0.446359,0.00721875,0.0444583,-0.649469,0.0,0.0,1.0
0.00674219,-0.00689844,-0.452281,0.00185938,0.0444323,-0.622255,0.0,0.0,1.0
0.00670312,-0.00910938,-0.445062,0.00255208,0.0425104,-0.617312,0.0,0.0,1.0
0.007875,-0.0111641,-0.432883,0.00350521,0.0445885,-0.620099,0.0,0.0,1.0
0.013082,-0.0147617,-0.435098,0.00773958,0.044375,-0.616698,0.0,0.0,1.0
0.0170234,-0.0157734,-0.439906,0.0107917,0.0442083,-0.616521,0.0,0.0,1.0
0.0167344,-0.0235234,-0.444617,0.0176823,0.0395781,-0.623995,0.0,0.0,1.0
0.0188828,-0.021875,-0.445555,0.0188125,0.0390104,-0.632344,0.0,0.0,1.0
0.0176406,-0.0202891,-0.444258,0.0156615,0.0406094,-0.633422,0.0,0.0,1.0
0.0146836,-0.0137383,-0.451051,0.00782812,0.0457969,-0.632432,0.0,0.0,1.0
0.0200781,-0.0111562,-0.453031,0.00830729,0.0479323,-0.62112,0.0,0.0,1.0
0.0429258,-0.00833203,-0.463059,0.0134427,0.0472865,-0.620172,0.0,0.0,1.0
0.0499414,-0.00530859,-0.460777,0.00974479,0.0483802,-0.611734,0.0,0.0,1.0
0.0510547,-0.00453125,-0.461164,0.00851042,0.0483333,-0.606948,0.0,0.0,1.0
0.0508281,-0.004875,-0.460719,0.00923958,0.0476875,-0.606302,0.0,0.0,1.0
0.0288672,-0.0101016,-0.452984,0.0109844,0.0471927,-0.604536,0.0,0.0,1.0
0.0108281,-0.0182656,-0.454453,0.00721875,0.0487083,-0.597115,0.0,0.0,1.0
0.0079375,-0.0180391,-0.455461,0.00532292,0.0477917,-0.585344,0.0,0.0,1.0
0.0143594,-0.0178594,-0.462531,0.00980729,0.0464844,-0.595036,0.0,0.0,1.0
0.0350781,-0.00571875,-0.466531,0.00692708,0.0514583,-0.604073,0.0,0.0,1.0
0.0523711,-0.00298828,-0.466699,0.0058125,0.0478438,-0.61201,0.0,0.0,1.0
0.0512852,-3.90625e-06,-0.466887,1.04167e-05,0.0455833,-0.609865,0.0,0.0,1.0
0.0406797,-0.00371875,-0.467195,0.00557292,0.0482292,-0.609844,0.0,0.0,1.0
0.0115625,-0.0132813,-0.453187,0.005875,0.0464792,-0.599792,0.0,0.0,1.0
0.00560937,-0.0154141,-0.453055,0.00354167,0.0433854,-0.592219,0.0,0.0,1.0
0.0135273,-0.0128789,-0.470684,0.00636458,0.0486563,-0.590437,0.0,0.0,1.0
0.0156094,-0.0104375,-0.490625,0.00554687,0.0521927,-0.580484,0.0,0.0,1.0
0.0171484,-0.00664844,-0.511563,0.00384896,0.0526719,-0.586057,0.0,0.0,1.0
0.0241797,-0.00320312,-0.540961,0.0026875,0.0512917,-0.584146,0.0,0.0,1.0
0.0249961,-0.00529297,-0.575316,0.00471875,0.0498646,-0.586958,0.0,0.0,1.0
0.0253359,-0.0105781,-0.597664,0.00891667,0.0533958,-0.590167,0.0,0.0,1.0
0.0255,-0.00932031,-0.603148,0.00866667,0.0487396,-0.60099,0.0,0.0,1.0
0.0225937,-0.0184062,-0.596828,0.0151042,0.0489688,-0.603156,0.0,0.0,1.0
0.025875,-0.00238281,-0.58032,0.00215625,0.0509062,-0.613521,0.0,0.0,1.0
0.0180391,-0.0272344,-0.556852,0.0260573,0.0335156,-0.629693,0.0,0.0,1.0
0.0348945,-0.0105664,-0.531457,0.0189531,0.0345781,-0.629245,0.0,0.0,1.0
0.0316016,-0.00339062,-0.500648,0.00401562,0.0474844,-0.610203,0.0,0.0,1.0
0.0251836,-0.0178242,-0.472238,0.0206979,0.0385625,-0.60199,0.0,0.0,1.0
0.0282266,-0.0112187,-0.45918,0.0118854,0.0473542,-0.597177,0.0,0.0,1.0
0.025168,0.0173633,-0.438324,-0.019599,0.0396302,-0.611807,0.0,0.0,1.0
0.0366367,-0.00366797,-0.42602,0.00610417,0.0391042,-0.627646,0.0,0.0,1.0
0.0337773,0.0112227,-0.420473,-0.0207187,0.0325313,-0.628354,0.0,0.0,1.0
0.0214883,-0.0222461,-0.417262,0.0197083,0.0431146,-0.620135,0.0,0.0,1.0
0.0179687,-5.55112e-17,-0.392969,0.0,0.053125,-0.596875,0.0,0.0,1.0
0.0109375,0.0124063,-0.370516,-0.00625,0.0385938,-0.588135,0.0,0.0,1.0
0.00786719,0.00603125,-0.343227,-0.00161458,0.0522812,-0.576708,0.0,0.0,1.0
0.00913281,-0.00121875,-0.33143,0.000447917,0.0438437,-0.583271,0.0,0.0,1.0
0.0324453,0.00721875,-0.352867,-0.00701563,0.0593594,-0.563682,0.0,0.0,1.0
0.0371328,0.00129687,-0.379867,-0.00141146,0.0604531,-0.567703,0.0,0.0,1.0
0.0334453,-0.00469531,-0.4045,0.0044375,0.062875,-0.566521,0.0,0.0,1.0
0.0214297,-0.00722656,-0.43025,0.00429167,0.0641875,-0.551479,0.0,0.0,1.0
0.0191328,-0.00717969,-0.528844,0.00425,0.0574271,-0.557802,0.0,0.0,1.0
0.0186797,-0.00213281,-0.568891,0.00108333,0.0654583,-0.54675,0.0,0.0,1.0
0.0166016,-0.00119531,-0.604266,0.000604167,0.0591354,-0.553135,0.0,0.0,1.0
0.0202109,-0.00327344,-0.636,0.00192708,0.0610729,-0.559313,0.0,0.0,1.0
0.0270391,-0.0035625,-0.674211,0.00281771,0.0607135,-0.555234,0.0,0.0,1.0
0.0309961,5.85937e-05,-0.70577,-4.16667e-05,0.0622604,-0.53426,0.0,0.0,1.0
0.0343203,-1.5625e-05,-0.706164,1.04167e-05,0.0634792,-0.518094,0.0,0.0,1.0
0.0378633,0.000503906,-0.703066,-0.000520833,0.0660938,-0.509281,0.0,0.0,1.0
0.0414063,-5.55112e-17,-0.685156,0.0,0.0677083,-0.498958,0.0,0.0,1.0
0.0421953,-0.00214844,-0.655047,0.00220833,0.0730521,-0.492385,0.0,0.0,1.0
0.0442148,0.00445703,-0.612559,-0.00465625,0.0753229,-0.480833,0.0,0.0,1.0
0.0356992,-0.00143359,-0.58259,0.0011875,0.0764375,-0.469187,0.0,0.0,1.0
0.0304688,-1.11022e-16,-0.536719,0.0,0.0802083,-0.467708,0.0,0.0,1.0
0.0459961,0.00576953,-0.486418,-0.00645833,0.0730417,-0.47225,0.0,0.0,1.0
0.0450937,0.00190625,-0.455875,-0.00245313,0.0623281,-0.491411,0.0,0.0,1.0
0.0480469,0.00150781,-0.458539,-0.002,0.0643854,-0.487406,0.0,0.0,1.0
0.0261328,0.00803125,-0.462414,-0.0040625,0.0917292,-0.478479,0.0,0.0,1.0
0.0216211,0.00687891,-0.452793,-0.00297396,0.0888281,-0.477651,0.0,0.0,1.0
0.00764844,-0.0153906,-0.442602,0.00240625,0.0870625,-0.47649,0.0,0.0,1.0
0.0120234,-0.0291953,-0.432891,0.00784375,0.0795937,-0.512563,0.0,0.0,1.0
0.0234141,-0.0295234,-0.432703,0.0165469,0.0742552,-0.535286,0.0,0.0,1.0
0.0505703,-0.0147187,-0.454055,0.0166615,0.0794115,-0.532755,0.0,0.0,1.0
0.0741562,-0.00517969,-0.464961,0.00859375,0.0794687,-0.528521,0.0,0.0,1.0
0.0796875,0.000351563,-0.470383,-0.000640625,0.0775781,-0.509922,0.0,0.0,1.0
0.0797031,0.000140625,-0.476422,-0.000255208,0.0758073,-0.506745,0.0,0.0,1.0
0.0757812,-5.55112e-17,-0.485156,0.0,0.084375,-0.498958,0.0,0.0,1.0
0.0453125,-5.55112e-17,-0.471875,0.0,0.0895833,-0.497917,0.0,0.0,1.0
0.0122109,-0.012875,-0.472367,0.00345313,0.0809219,-0.510464,0.0,0.0,1.0
0.0154922,-0.0160469,-0.477305,0.00520833,0.0847917,-0.500313,0.0,0.0,1.0
0.0235391,-0.0136563,-0.480273,0.00645833,0.0885625,-0.498896,0.0,0.0,1.0
0.0350391,-0.00955469,-0.48,0.00735417,0.0809896,-0.517573,0.0,0.0,1.0
0.0557305,-0.00606641,-0.477262,0.00752604,0.0798177,-0.532568,0.0,0.0,1.0
0.0554453,0.000117187,-0.469531,-0.000135417,0.0866875,-0.518823,0.0,0.0,1.0
0.0563789,-0.00251953,-0.46934,0.003,0.0839479,-0.527281,0.0,0.0,1.0
0.0601406,-0.00378125,-0.470562,0.00520833,0.0775729,-0.535844,0.0,0.0,1.0
0.0580039,-0.00407422,-0.479184,0.00535417,0.0784687,-0.534323,0.0,0.0,1.0
0.0503398,-0.00372266,-0.485059,0.00419792,0.079375,-0.54276,0.0,0.0,1.0
0.0531094,-0.00266406,-0.503805,0.00354167,0.0710729,-0.568177,0.0,0.0,1.0
0.0488633,-0.00352734,-0.517441,0.00445312,0.0688177,-0.582318,0.0,0.0,1.0
0.0416914,-0.00338672,-0.527613,0.00370833,0.06775,-0.589396,0.0,0.0,1.0
0.0344141,-0.00613281,-0.533156,0.0055625,0.0674792,-0.601667,0.0,0.0,1.0
0.0206016,-0.00704688,-0.511898,0.00422396,0.0610573,-0.606766,0.0,0.0,1.0
0.00926953,-0.0157383,-0.503168,0.0043125,0.060125,-0.607687,0.0,0.0,1.0
0.0185312,-0.0137344,-0.51675,0.00744271,0.060776,-0.618151,0.0,0.0,1.0
0.0242187,-5.55112e-17,-0.514844,0.0,0.059375,-0.619792,0.0,0.0,1.0
0.0265273,0.00323047,-0.512715,-0.00271875,0.056,-0.60999,0.0,0.0,1.0
0.027375,0.00295312,-0.521094,-0.00257292,0.055875,-0.607677,0.0,0.0,1.0
0.0281992,0.0105195,-0.535176,-0.0109271,0.0482396,-0.606125,0.0,0.0,1.0
0.0276992,0.0114414,-0.545043,-0.01175,0.0479167,-0.610313,0.0,0.0,1.0
0.0272891,0.0110625,-0.540992,-0.0110625,0.0485104,-0.61849,0.0,0.0,1.0
0.0182734,0.0121562,-0.53257,-0.00818229,0.0482448,-0.630505,0.0,0.0,1.0
0.00923438,0.0188125,-0.526563,-0.00734375,0.0420313,-0.63125,0.0,0.0,1.0
0.0293906,0.00253906,-0.449992,-0.00253125,0.0525,-0.654469,0.0,0.0,1.0
0.0281758,-0.0180273,-0.427316,0.0199271,0.0453229,-0.649583,0.0,0.0,1.0
0.0439844,-0.00021875,-0.368859,0.000395833,0.0424479,-0.618323,0.0,0.0,1.0
0.0345469,-0.0142578,-0.360648,0.0149688,0.0584792,-0.643115,0.0,0.0,1.0
0.0335547,-0.0242969,-0.363836,0.0404167,0.0358646,-0.647198,0.0,0.0,1.0
0.0461484,-0.0014375,-0.359742,0.00227604,0.0518177,-0.625443,0.0,0.0,1.0
0.0469219,0.00928906,-0.35468,-0.0163385,0.0474323,-0.598964,0.0,0.0,1.0
0.0496641,0.00610938,-0.363148,-0.0114375,0.0471875,-0.557833,0.0,0.0,1.0
0.05125,0.000820312,-0.373195,-0.00153125,0.04925,-0.569469,0.0,0.0,1.0
0.0532695,-0.00194922,-0.36841,0.00345833,0.0533958,-0.578438,0.0,0.0,1.0
0.0498281,-0.0118438,-0.379891,0.0205937,0.0509375,-0.588156,0.0,0.0,1.0
0.0476484,-0.0163047,-0.388813,0.0279167,0.0494896,-0.589948,0.0,0.0,1.0
0.0481367,-0.0203711,-0.382637,0.0349115,0.0499427,-0.588995,0.0,0.0,1.0
0.0474766,-0.0236875,-0.369023,0.0398073,0.050224,-0.586901,0.0,0.0,1.0
0.0418672,-0.0299922,-0.368313,0.0494375,0.0451563,-0.594385,0.0,0.0,1.0
0.0417266,0.0270937,-0.388508,-0.0285312,0.0704479,-0.60725,0.0,0.0,1.0
0.0489961,0.00432422,-0.386293,-0.00471875,0.0797708,-0.613302,0.0,0.0,1.0
0.0438945,-0.0344727,-0.340902,0.0363958,0.0739063,-0.578698,0.0,0.0,1.0
0.0379766,-0.0434922,-0.303344,0.0420208,0.069875,-0.559667,0.0,0.0,1.0
