0.015,-0.0046875,-0.126172,0.00653472,0.0338403,-0.106528,0.0,0.0,1.0
0.0108398,-0.00205078,-0.122012,0.00169444,0.0411736,-0.130257,0.0,0.0,1.0
0.0129687,0.00367187,-0.128125,-0.00349306,0.0428194,-0.136271,0.0,0.0,1.0
0.0132813,-1.38778e-17,-0.147656,0.0,0.0423611,-0.136806,0.0,0.0,1.0
0.0125391,-0.00121094,-0.169922,0.0011875,0.0402847,-0.136111,0.0,0.0,1.0
0.0161133,0.00107422,-0.199395,-0.00114583,0.0473125,-0.125097,0.0,0.0,1.0
0.0105137,-0.0252832,-0.231104,0.0323681,0.0259722,-0.111521,0.0,0.0,1.0
0.0148848,0.0192285,-0.248404,-0.0285174,0.0317396,-0.110066,0.0,0.0,1.0
0.0134316,0.0178926,-0.260662,-0.0179097,0.0424167,-0.106826,0.0,0.0,1.0
0.00867969,0.0182969,-0.268781,-0.0172292,0.0291319,-0.109125,0.0,0.0,1.0
0.0242656,-0.000324219,-0.279613,0.00110417,0.0224722,-0.131604,0.0,0.0,1.0
0.018582,0.00873438,-0.291918,-0.0194583,0.0263542,-0.13609,0.0,0.0,1.0
0.0226289,0.000101563,-0.301691,-0.0001875,0.0385556,-0.138007,0.0,0.0,1.0
0.0156836,0.0109102,-0.317492,-0.0137153,0.0394306,-0.163951,0.0,0.0,1.0
0.0143691,0.0135527,-0.322482,-0.0206111,0.0298611,-0.169222,0.0,0.0,1.0
0.0172031,-0.00225391,-0.325035,0.00359722,0.0340486,-0.183868,0.0,0.0,1.0
0.0179922,-0.000304688,-0.335969,0.000583333,0.0297778,-0.185889,0.0,0.0,1.0
0.00746875,-0.0164727,-0.341551,0.0164583,0.023625,-0.189292,0.0,0.0,1.0
0.009,-0.0134023,-0.345457,0.0144028,0.0264722,-0.200097,0.0,0.0,1.0
0.0125742,-0.000210938,-0.360176,0.000225694,0.0369687,-0.192413,0.0,0.0,1.0
0.0104375,0.0158086,-0.362387,-0.0179444,0.0290556,-0.196917,0.0,0.0,1.0
0.0101406,0.0195273,-0.36316,-0.0205799,0.0304132,-0.199503,0.0,0.0,1.0
0.0198867,-0.00525781,-0.366738,0.0110312,0.029934,-0.193503,0.0,0.0,1.0
0.00761328,-0.02125,-0.369168,0.0220694,0.0231736,-0.193104,0.0,0.0,1.0
0.0259395,0.00114258,-0.366217,-0.00515972,0.0181667,-0.193868,0.0,0.0,1.0
0.0280742,-0.000230469,-0.363234,0.00135069,0.0151354,-0.192733,0.0,0.0,1.0
0.0244668,-0.00155664,-0.354693,0.0113542,0.0106111,-0.191771,0.0,0.0,1.0
0.0181055,-0.00577734,-0.362203,0.0133368,0.0247882,-0.208983,0.0,0.0,1.0
0.0188086,-0.00301953,-0.358117,0.00851736,0.0210729,-0.213802,0.0,0.0,1.0
0.0167969,-2.77556e-17,-0.354297,0.0,0.0201389,-0.242361,0.0,0.0,1.0
0.0152344,0.0,-0.358984,0.0,0.03125,-0.252083,0.0,0.0,1.0
0.016252,-0.00125977,-0.35901,0.00157986,0.0409201,-0.260309,0.0,0.0,1.0
0.010957,0.0158125,-0.359441,-0.0164028,0.0333819,-0.279174,0.0,0.0,1.0
0.00850391,0.0129453,-0.361098,-0.0124479,0.027941,-0.284816,0.0,0.0,1.0
0.00717969,0.0137148,-0.363551,-0.0130174,0.0239062,-0.28742,0.0,0.0,1.0
0.0047168,0.0154238,-0.367959,-0.0143819,0.0159931,-0.294375,0.0,0.0,1.0
0.0046875,0.0117188,-0.377734,-0.00833333,0.0208333,-0.292361,0.0,0.0,1.0
0.0172422,-0.000546875,-0.382875,0.00322917,0.00922222,-0.290618,0.0,0.0,1.0
0.0183594,-5.55112e-17,-0.391016,0.0,0.00625,-0.292361,0.0,0.0,1.0
0.0149297,0.000242187,-0.403844,-0.0015625,0.00736806,-0.298167,0.0,0.0,1.0
0.00925391,-0.000191406,-0.416695,0.00107639,0.00520139,-0.305264,0.0,0.0,1.0
0.0113574,0.000173828,-0.428623,-0.000840278,0.00739583,-0.313625,0.0,0.0,1.0
0.0136738,-0.000255859,-0.444818,0.00127778,0.00867361,-0.320132,0.0,0.0,1.0
0.0134355,0.000427734,-0.460209,-0.00170833,0.0106597,-0.326285,0.0,0.0,1.0
0.012082,0.00267188,-0.47552,-0.0100278,0.0101875,-0.32966,0.0,0.0,1.0
0.0144531,-1.66533e-16,-0.494141,0.0,0.0111111,-0.3375,0.0,0.0,1.0
0.0144863,-2.53906e-05,-0.512061,9.375e-05,0.0118507,-0.343663,0.0,0.0,1.0
0.0138516,0.00110547,-0.530293,-0.00396181,0.0122188,-0.349177,0.0,0.0,1.0
0.014418,0.000160156,-0.551727,-0.000559028,0.0128924,-0.354135,0.0,0.0,1.0
0.0155703,0.000957031,-0.572652,-0.00325694,0.0144236,-0.355153,0.0,0.0,1.0
0.0156562,0.000527344,-0.596027,-0.00198264,0.0132049,-0.360615,0.0,0.0,1.0
0.0169492,0.000792969,-0.620695,-0.00323264,0.0131493,-0.364003,0.0,0.0,1.0
0.0172559,0.000736328,-0.644475,-0.00308333,0.0130139,-0.36725,0.0,0.0,1.0
0.0165645,-2.14844e-05,-0.670631,7.98611e-05,0.0141979,-0.369712,0.0,0.0,1.0
0.0161328,-0.000214844,-0.698996,0.000729167,0.0151597,-0.371056,0.0,0.0,1.0
0.0159707,-0.000486328,-0.7271,0.00155556,0.0157639,-0.371986,0.0,0.0,1.0
0.0146445,-0.00138281,-0.757051,0.00386111,0.0165556,-0.373347,0.0,0.0,1.0
0.0134492,0.000203125,-0.788301,-0.000583333,0.0149653,-0.371479,0.0,0.0,1.0
0.0129785,-0.00119336,-0.822912,0.00296875,0.0164896,-0.369816,0.0,0.0,1.0
0.0130117,-0.00117578,-0.856219,0.00271875,0.0177674,-0.366455,0.0,0.0,1.0
0.0147031,0.000351563,-0.891836,-0.001,0.0162153,-0.36434,0.0,0.0,1.0
0.0160156,-1.11022e-16,-0.928516,0.0,0.0166667,-0.359722,0.0,0.0,1.0
0.00987656,-0.00625039,-0.961802,0.00956597,0.0203993,-0.357219,0.0,0.0,1.0
