0.0667324,0.0498457,-0.0107617,-0.0597083,0.176062,0.478042,0.0,0.0,1.0
0.0540176,0.0766113,-0.0139961,-0.105167,0.124354,0.461042,0.0,0.0,1.0
0.0522656,0.0710273,-0.0143359,-0.0942708,0.124438,0.461222,0.0,0.0,1.0
0.0551426,0.0709746,-0.0142617,-0.0973958,0.127,0.461264,0.0,0.0,1.0
0.058582,0.0690937,-0.0179297,-0.104125,0.122875,0.459806,0.0,0.0,1.0
0.0582656,0.0707813,-0.0196406,-0.0886042,0.147062,0.464417,0.0,0.0,1.0
0.0586992,0.0693633,-0.0170156,-0.0865833,0.148625,0.466972,0.0,0.0,1.0
0.0699492,0.0530273,-0.0151094,-0.0666354,0.175927,0.469646,0.0,0.0,1.0
0.0565605,0.072123,-0.010668,-0.0755104,0.17074,0.482243,0.0,0.0,1.0
0.0721113,0.0456504,-0.0131523,-0.0608542,0.170958,0.501069,0.0,0.0,1.0
0.0871641,0.000925781,-0.0141641,-0.00136458,0.186115,0.497382,0.0,0.0,1.0
0.071584,-0.0527051,-0.00976172,0.121177,0.0984062,0.504562,0.0,0.0,1.0
0.074332,-0.059168,-0.00942187,0.131917,0.105354,0.509569,0.0,0.0,1.0
0.0700078,-0.0598008,-0.00846094,0.147979,0.0894167,0.515097,0.0,0.0,1.0
0.0707813,-0.0538711,-0.00892969,0.121344,0.0993229,0.511326,0.0,0.0,1.0
0.0754805,-0.0530508,-0.0113906,0.118646,0.106688,0.508472,0.0,0.0,1.0
0.0718359,-0.0575625,-0.0123125,0.126344,0.103427,0.513674,0.0,0.0,1.0
0.0,-0.0785156,-0.0148437,0.195833,0.0,0.508333,0.0,0.0,1.0
0.00133008,-0.0796816,-0.0154102,0.189313,0.00177083,0.513417,0.0,0.0,1.0
-0.00395508,-0.0796465,-0.0149023,0.188615,-0.00528125,0.510757,0.0,0.0,1.0
0.0348516,-0.0724219,-0.0152187,0.183187,0.0435625,0.515778,0.0,0.0,1.0
0.0719648,-0.059332,-0.008875,0.127698,0.105677,0.506451,0.0,0.0,1.0
0.0454336,-0.0714844,-0.0133047,0.17925,0.0572708,0.516125,0.0,0.0,1.0
0.0391406,-0.0722578,-0.0134844,0.200823,0.0445104,0.509674,0.0,0.0,1.0
0.0181758,-0.0758555,-0.0135625,0.19999,0.0218021,0.51166,0.0,0.0,1.0
0.0321445,-0.0731836,-0.0127344,0.195458,0.0380417,0.525944,0.0,0.0,1.0
0.0599766,-0.0668789,-0.0150547,0.163563,0.0775,0.522903,0.0,0.0,1.0
0.0176836,-0.0750469,-0.0144453,0.192146,0.0218125,0.52975,0.0,0.0,1.0
0.0151055,-0.0810938,-0.0146172,0.198719,0.0194688,0.529382,0.0,0.0,1.0
0.0252539,-0.0829336,-0.0110781,0.186635,0.0354687,0.535271,0.0,0.0,1.0
0.00460547,-0.0852891,-0.0130234,0.186521,0.00666667,0.535625,0.0,0.0,1.0
0.0252715,-0.082002,-0.0131055,0.184521,0.0354792,0.534417,0.0,0.0,1.0
0.0180117,-0.084668,-0.0118438,0.176104,0.027375,0.539375,0.0,0.0,1.0
0.0106406,-0.0887813,-0.00851563,0.178813,0.0166875,0.540389,0.0,0.0,1.0
0.0211758,-0.0753633,-0.0157656,0.180542,0.0279375,0.545014,0.0,0.0,1.0
0.0107344,-0.0815039,-0.0123672,0.184854,0.0149583,0.541792,0.0,0.0,1.0
0.0344473,-0.083291,-0.000621094,0.171188,0.0529792,0.5375,0.0,0.0,1.0
0.0119531,-0.0864258,0.00417969,0.180167,0.018125,0.539083,0.0,0.0,1.0
0.0658359,-0.0669258,0.0108984,0.159271,0.0874375,0.534667,0.0,0.0,1.0
0.0783633,-0.0652617,0.012625,0.139021,0.116271,0.535556,0.0,0.0,1.0
0.0381445,-0.0802852,0.0180469,0.191521,0.0505417,0.537014,0.0,0.0,1.0
0.025875,-0.0820781,0.0195781,0.197969,0.0339063,0.540285,0.0,0.0,1.0
0.00231445,-0.0940137,0.0166289,0.191917,0.00358333,0.540111,0.0,0.0,1.0
-0.0349746,-0.0975879,0.0222461,0.162604,-0.0663333,0.543431,0.0,0.0,1.0
-0.0256758,-0.103289,0.0197891,0.157833,-0.0531042,0.551014,0.0,0.0,1.0
-0.0337676,-0.0936738,0.0233164,0.146313,-0.0683125,0.557611,0.0,0.0,1.0
-0.0301758,-0.0947461,0.0221406,0.138781,-0.0650937,0.566951,0.0,0.0,1.0
-0.0625312,-0.0634336,0.0181328,0.0892083,-0.140521,0.590958,0.0,0.0,1.0
-0.0241641,-0.0943242,0.00771094,0.121583,-0.05925,0.574806,0.0,0.0,1.0
-0.0210586,-0.0878672,-0.000585938,0.125375,-0.0466458,0.579292,0.0,0.0,1.0
6.93889e-18,-0.0855469,0.00234375,0.170833,-5.55112e-17,0.669444,0.0,0.0,1.0
6.93889e-18,-0.0874453,0.000296875,0.17475,-5.55112e-17,0.679333,0.0,0.0,1.0
0.0,-0.0893555,-0.00175781,0.178646,0.0,0.689236,0.0,0.0,1.0
6.93889e-18,-0.0912656,-0.0038125,0.182542,0.0,0.699139,0.0,0.0,1.0
6.93889e-18,-0.0931641,-0.00585938,0.186458,0.0,0.709028,0.0,0.0,1.0
0.0,-0.0950625,-0.00790625,0.190375,0.0,0.718917,0.0,0.0,1.0
-6.93889e-18,-0.0969727,-0.00996094,0.194271,0.0,0.728819,0.0,0.0,1.0
0.0,-0.0988828,-0.0120156,0.198167,0.0,0.738722,0.0,0.0,1.0
0.0,-0.100781,-0.0140625,0.202083,0.0,0.748611,0.0,0.0,1.0
0.0,-0.100395,-0.0166641,0.205542,0.0,0.752778,0.0,0.0,1.0
0.0,-0.0999961,-0.0192734,0.209042,0.0,0.756944,0.0,0.0,1.0
0.0,-0.0996094,-0.021875,0.2125,-5.55112e-17,0.761111,0.0,0.0,1.0
-6.93889e-18,-0.0992227,-0.0244766,0.215958,0.0,0.765278,0.0,0.0,1.0
0.0,-0.0988242,-0.0270859,0.219458,-5.55112e-17,0.769444,0.0,0.0,1.0
0.0,-0.0984375,-0.0296875,0.222917,0.0,0.773611,0.0,0.0,1.0
0.000873047,-0.098748,-0.0201289,0.221073,0.00142708,0.765493,0.0,0.0,1.0
0.00174609,-0.0990586,-0.0105781,0.219229,0.00283333,0.757375,0.0,0.0,1.0
0.002625,-0.0993633,-0.00102344,0.217396,0.00427083,0.74925,0.0,0.0,1.0
0.00349219,-0.0996797,0.00853125,0.215542,0.0056875,0.741125,0.0,0.0,1.0
0.00437109,-0.0999844,0.0180859,0.213708,0.00710417,0.733014,0.0,0.0,1.0
0.00523828,-0.100289,0.0276484,0.211854,0.00852083,0.724889,0.0,0.0,1.0
0.00611133,-0.1006,0.0371992,0.21001,0.00994792,0.716771,0.0,0.0,1.0
0.00698437,-0.10091,0.0467578,0.208167,0.0113542,0.708653,0.0,0.0,1.0
0.00786328,-0.101215,0.0563125,0.206333,0.0127917,0.700528,0.0,0.0,1.0
0.00873633,-0.101525,0.0658633,0.20449,0.0142188,0.69241,0.0,0.0,1.0
0.00960938,-0.101836,0.0754219,0.202635,0.0156354,0.684299,0.0,0.0,1.0
0.0104883,-0.102141,0.0849766,0.200792,0.0170625,0.676181,0.0,0.0,1.0
0.0113555,-0.102457,0.0945313,0.198938,0.0184792,0.668056,0.0,0.0,1.0
0.0104063,-0.102316,0.108133,0.199396,0.0169375,0.662389,0.0,0.0,1.0
0.00946289,-0.10217,0.121746,0.199813,0.0153958,0.656722,0.0,0.0,1.0
0.0467285,-0.0867012,0.123293,0.181187,0.0706667,0.664986,0.0,0.0,1.0
0.0233086,-0.106102,0.126883,0.182833,0.04275,0.669306,0.0,0.0,1.0
0.0152344,-0.116695,0.132812,0.179292,0.0313333,0.666306,0.0,0.0,1.0
0.0784219,-0.0779414,0.154711,0.169021,0.114292,0.657542,0.0,0.0,1.0
0.0353496,-0.116643,0.168957,0.190323,0.0684687,0.652521,0.0,0.0,1.0
0.0652617,-0.0938086,0.179047,0.186208,0.103917,0.653944,0.0,0.0,1.0
0.0075,-0.121359,0.201609,0.214917,0.0133958,0.610847,0.0,0.0,1.0
0.0762539,-0.0778008,0.211734,0.184708,0.1015,0.607583,0.0,0.0,1.0
0.0880488,-0.0692402,0.217855,0.17526,0.109948,0.612118,0.0,0.0,1.0
0.0762715,-0.0752871,0.22659,0.181281,0.100115,0.611326,0.0,0.0,1.0
0.0703066,-0.0685605,0.239168,0.167927,0.0907188,0.615687,0.0,0.0,1.0
0.0777187,-0.0661758,0.248727,0.178344,0.0911354,0.615785,0.0,0.0,1.0
0.0732422,-0.0673477,0.25457,0.179771,0.0867292,0.613083,0.0,0.0,1.0
0.0671309,-0.0758613,0.260934,0.191583,0.084,0.611278,0.0,0.0,1.0
0.0692813,-0.0673828,0.269609,0.184594,0.0799271,0.603618,0.0,0.0,1.0
0.000585938,-0.0933398,0.290758,0.197667,0.000875,0.587889,0.0,0.0,1.0
0.00446484,-0.0949688,0.29307,0.210208,0.006375,0.585111,0.0,0.0,1.0
0.0080332,-0.0916934,0.303176,0.211729,0.011,0.579514,0.0,0.0,1.0
-0.00362695,-0.0968613,0.31073,0.194271,-0.00570833,0.587319,0.0,0.0,1.0
0.0281895,-0.0888457,0.33098,0.142323,0.0556146,0.624368,0.0,0.0,1.0
0.0363457,-0.0858105,0.341113,0.151396,0.0651042,0.623556,0.0,0.0,1.0
0.047666,-0.0808301,0.353395,0.128063,0.0950833,0.628569,0.0,0.0,1.0
0.0573516,-0.0766172,0.362891,0.124438,0.111604,0.632361,0.0,0.0,1.0
0.0632988,-0.0708105,0.369605,0.112,0.126479,0.626569,0.0,0.0,1.0
0.052207,-0.0766875,0.369289,0.134135,0.0943229,0.632257,0.0,0.0,1.0
0.0598711,-0.0709687,0.371633,0.130167,0.103167,0.629889,0.0,0.0,1.0
0.0946641,-0.0266133,0.361711,0.0484792,0.164208,0.624792,0.0,0.0,1.0
0.0912012,-0.0253652,0.367465,0.0404375,0.180833,0.604458,0.0,0.0,1.0
0.0911016,-0.0277617,0.367398,0.0456771,0.175031,0.605049,0.0,0.0,1.0
0.0954785,-0.00766992,0.367285,0.0120208,0.192542,0.608597,0.0,0.0,1.0
0.106277,-0.00273047,0.363719,0.00430208,0.212469,0.597257,0.0,0.0,1.0
0.0990352,-0.0153867,0.366562,0.0225833,0.213354,0.598708,0.0,0.0,1.0
0.0973711,-0.0106641,0.368305,0.0146979,0.223281,0.600729,0.0,0.0,1.0
0.0990879,0.00162305,0.367285,-0.00222917,0.227375,0.604681,0.0,0.0,1.0
0.0987949,-0.0031582,0.363387,0.00452083,0.219021,0.615694,0.0,0.0,1.0
0.100418,-0.00110156,0.361258,0.00159375,0.219115,0.61666,0.0,0.0,1.0
0.0989883,0.000480469,0.356094,-0.000697917,0.217927,0.613104,0.0,0.0,1.0
0.0991172,0.00582422,0.349273,-0.00820833,0.222333,0.614417,0.0,0.0,1.0
0.10343,0.0281367,0.339961,-0.046,0.199958,0.610417,0.0,0.0,1.0
0.10166,0.0225469,0.333617,-0.0344583,0.21025,0.624139,0.0,0.0,1.0
0.10077,0.0369961,0.327359,-0.055375,0.21275,0.607861,0.0,0.0,1.0
0.0964102,0.0428906,0.315742,-0.0600625,0.217583,0.597208,0.0,0.0,1.0
0.0955078,0.0608555,0.303023,-0.0914792,0.200792,0.586625,0.0,0.0,1.0
0.104426,0.0311484,0.300523,-0.0441146,0.23301,0.594382,0.0,0.0,1.0
0.0913652,0.073752,0.291098,-0.108583,0.196104,0.576319,0.0,0.0,1.0
0.0954492,0.0711328,0.277195,-0.0990625,0.216625,0.571264,0.0,0.0,1.0
0.0926309,0.0719238,0.269551,-0.0999375,0.210688,0.565028,0.0,0.0,1.0
0.0975352,0.0603164,0.261625,-0.0843958,0.220292,0.551875,0.0,0.0,1.0
0.0824473,0.0872871,0.261566,-0.107813,0.210979,0.535,0.0,0.0,1.0
0.087041,0.0880254,0.254074,-0.120208,0.201438,0.506458,0.0,0.0,1.0
0.0877031,0.0973828,0.254625,-0.137792,0.195917,0.501167,0.0,0.0,1.0
0.0858867,0.0886641,0.246352,-0.114281,0.210594,0.467979,0.0,0.0,1.0
0.0807187,0.0978984,0.244719,-0.139375,0.179188,0.446125,0.0,0.0,1.0
0.0967207,0.0866074,0.239621,-0.119021,0.222458,0.432347,0.0,0.0,1.0
0.0651328,0.119789,0.232141,-0.211802,0.116448,0.40991,0.0,0.0,1.0
0.0558164,0.126023,0.22682,-0.229229,0.097,0.390764,0.0,0.0,1.0
0.085793,0.106488,0.226906,-0.15025,0.192188,0.368208,0.0,0.0,1.0
0.102059,0.0865664,0.213172,-0.112823,0.24749,0.344604,0.0,0.0,1.0
